chr,start,end,log2(old/young),gene_chr,gene_start,gene_end,gene_id,gene_strand,gene_name,gene_type,2mo,9mo,18mo
chr7,15749286,15749787,5.335424788106812,chr7,15748131,15761800,ENSMUSG00000074366.5,+,Obox5,protein_coding,0.0684769805665566,1.08392783856164,3.01058995196481
chr4,112774650,112775151,6.780984232162552,chr4,112709147,112776866,ENSMUSG00000048766.6,-,Skint10,protein_coding,0.11248243916891291,0.994640588373719,6.746424426813563
chr8,20885914,20886415,6.542824494967787,chr8,20881276,20886398,ENSMUSG00000094844.1,-,Gm20796,processed_pseudogene,0.0951774485275417,0.9089940922583887,5.489428868074855
chr8,20885914,20886415,6.542824494967787,chr8,20882608,20890200,ENSMUSG00000093800.1,-,Gm20796,processed_pseudogene,0.0951774485275417,0.9089940922583887,5.489428868074855
chrX,55554266,55554767,5.505349789549125,chrX,55551147,55570358,ENSMUSG00000095398.2,+,Gm16404,unprocessed_pseudogene,0.043576260360536,1.05749057420648,2.25628829367033
chr17,13546492,13546993,0.9895983805811152,chr17,13480553,13763825,ENSMUSG00000038347.10,-,Tcte2,protein_coding,7.63207074314531,11.8769410115565,15.1654333404469
chr6,130156178,130156679,4.778659179216309,chr6,130147106,130162748,ENSMUSG00000072721.6,-,Klra14-ps,unprocessed_pseudogene,0.0684769805665566,1.03766262594011,2.04455449485083
chrX,55433095,55433596,5.074558218955729,chrX,55429819,55448793,ENSMUSG00000096127.2,+,Gm14625,unprocessed_pseudogene,0.368596285343646,1.550705536456403,2.948294177502691
chr12,113424839,113425340,2.367605193855962,chr12,113422645,113426722,ENSMUSG00000092683.1,-,Gm25747,miRNA,10.912708690780365,18.29623639797736,49.34142848641097
chr12,113424839,113425340,2.367605193855962,chr12,113422749,113426818,ENSMUSG00000092737.1,-,Gm24022,miRNA,10.912708690780365,18.29623639797736,49.34142848641097
chr12,113424839,113425340,2.367605193855962,chr12,113423150,113427227,ENSMUSG00000092748.1,-,Gm22175,miRNA,10.912708690780365,18.29623639797736,49.34142848641097
chr19,7910855,7911356,1.6746640463111129,chr19,7862388,7968027,ENSMUSG00000067656.9,-,Slc22a27,protein_coding,1.35086407117662,3.31126736048403,4.3273095133736
chr19,7908794,7909295,1.6887879452883832,chr19,7862388,7968027,ENSMUSG00000067656.9,-,Slc22a27,protein_coding,1.26993673050705,3.33770462483919,4.10895903334099
chr13,3358606,3359107,2.479814697441987,chr13,3359029,3363533,ENSMUSG00000096107.1,+,Gm16505,protein_coding,0.392186343244824,0.912085620253086,2.21658820639168
chr2,151106937,151107438,2.736590112804098,chr2,151102892,151108326,ENSMUSG00000085805.1,+,Gm14145,lincRNA,1.1826227199055714,3.677247920302217,6.892075342689446
chr2,37066185,37066686,4.563230705629624,chr2,37063746,37071260,ENSMUSG00000083361.2,+,Olfr360,protein_coding,0.11248243916891291,1.1185673883039795,2.9683495749256568
chr2,36566953,36567454,4.054330410728028,chr2,36566600,36571529,ENSMUSG00000096822.1,+,Olfr344,protein_coding,0.0622518005150515,0.839383143276391,1.13145248744172
chr12,113424082,113424583,2.5507812187961303,chr12,113416558,113424730,ENSMUSG00000076617.5,-,Ighm,IG_C_gene,6.251245136746389,10.083430413476483,29.323414451347855
chr12,113424082,113424583,2.5507812187961303,chr12,113422645,113426722,ENSMUSG00000092683.1,-,Gm25747,miRNA,6.251245136746389,10.083430413476483,29.323414451347855
chr12,113424082,113424583,2.5507812187961303,chr12,113422749,113426818,ENSMUSG00000092737.1,-,Gm24022,miRNA,6.251245136746389,10.083430413476483,29.323414451347855
chr12,113424082,113424583,2.5507812187961303,chr12,113423150,113427227,ENSMUSG00000092748.1,-,Gm22175,miRNA,6.251245136746389,10.083430413476483,29.323414451347855
chr14,21988188,21988689,0.7794651336543621,chr14,21981962,21991601,ENSMUSG00000039081.9,-,Zfp503,protein_coding,4.73736201919542,8.79699971418013,8.13851789212466
chr13,3361068,3361569,2.114392501726287,chr13,3359029,3363533,ENSMUSG00000096107.1,+,Gm16505,protein_coding,0.572716564738474,1.37473774646842,2.50110549855538
chr11,19020243,19020744,0.5137948899582376,chr11,18877817,19020985,ENSMUSG00000020160.14,-,Meis1,protein_coding,6.34968365253525,8.35417553623116,9.0714699431731
chr5,106574501,106575002,0.7291741663787044,chr5,106572875,106577387,ENSMUSG00000101237.1,+,Gm29464,lincRNA,5.27272750362486,7.96422588699253,8.74725256373073
chr5,106574501,106575002,0.7291741663787044,chr5,106498894,106576718,ENSMUSG00000099061.1,-,Gm28050,lincRNA,5.27272750362486,7.96422588699253,8.74725256373073
chr5,106574501,106575002,0.7291741663787044,chr5,106555946,106698571,ENSMUSG00000098302.1,-,Gm28039,processed_transcript,5.27272750362486,7.96422588699253,8.74725256373073
chr8,21814969,21815470,3.039968904580641,chr8,21814964,21819384,ENSMUSG00000082698.1,-,Gm15316,processed_pseudogene,0.45356359353619896,0.7656384267492923,3.4237482902294625
chr13,3360563,3361064,1.7803751145512705,chr13,3359029,3363533,ENSMUSG00000096107.1,+,Gm16505,protein_coding,0.634968365253525,1.27559800513656,2.19673816275235
chr8,21858552,21859053,2.594838878261909,chr8,21856901,21864011,ENSMUSG00000044743.3,+,Defb10,protein_coding,0.6312864415065019,0.7265515858958105,3.285976462259502
chrX,50597047,50597548,2.2776811150893392,chrX,50553744,50637321,ENSMUSG00000085396.3,-,Firre,processed_transcript,0.336159722781278,1.29542595340293,1.65417030327737
chr5,22307022,22307523,0.3548126778248968,chr5,21882454,22346702,ENSMUSG00000042453.10,-,Reln,protein_coding,4.18332099461146,5.19492244578932,5.35289510140557
chr13,3359246,3359747,2.434847966430496,chr13,3359029,3363533,ENSMUSG00000096107.1,+,Gm16505,protein_coding,0.273907922266227,0.700587505411791,1.50860331658896
chr7,103337701,103338202,0.974039224879943,chr7,103336056,103341003,ENSMUSG00000073950.3,+,Olfr599,protein_coding,1.47536767220672,1.76468739570706,2.90472305255506
chr2,25778960,25779461,1.0260967299990835,chr2,25775017,25782279,ENSMUSG00000069080.5,+,Lcn11,protein_coding,2.01073315663616,3.56242137185807,4.10234235212788
chr5,38491457,38491958,0.7541562145027627,chr5,38347273,38505143,ENSMUSG00000005107.9,-,Slc2a9,protein_coding,2.16636265792379,2.82217796991353,3.65902471084954
chrX,50572076,50572577,1.9412078324125703,chrX,50553744,50637321,ENSMUSG00000085396.3,-,Firre,processed_transcript,0.429537423553855,1.22272347642624,1.66740366570359
chr9,34574552,34575053,0.2537969982527892,chr9,34483894,35038716,ENSMUSG00000032036.11,+,Kirrel3,protein_coding,6.05710019011451,5.92855653164506,7.22541588471555
chr16,20628742,20629243,0.4192063903431746,chr16,20609593,20648485,ENSMUSG00000022842.12,+,Ece2,protein_coding,7.31458656051855,9.18034004732997,9.78607151418892
chr5,108321776,108322277,0.7584329984942357,chr5,108310609,108351355,ENSMUSG00000029263.11,+,Pigg,protein_coding,3.30557060734923,4.63973989433092,5.59771230629062
chr16,32298789,32299290,0.6910318814208045,chr16,32275459,32303434,ENSMUSG00000014074.13,+,Rnf168,protein_coding,3.51722672910041,4.35553930251293,5.68372916206104
chr7,131628805,131629306,0.4767310185367229,chr7,130160451,133125350,ENSMUSG00000030849.13,-,Fgfr2,protein_coding,5.96372248934193,9.39844747826006,8.3039349224524
chr19,55833898,55834399,0.5019865333727185,chr19,55739810,55935654,ENSMUSG00000024985.14,+,Tcf7l2,protein_coding,4.08994329383888,4.71244237130761,5.7962127426839
chr13,3359960,3360461,2.253507226102156,chr13,3359029,3363533,ENSMUSG00000096107.1,+,Gm16505,protein_coding,0.249007202060206,0.700587505411791,1.21085266199903
chr2,5675798,5676299,0.4901032139769951,chr2,5291457,5716515,ENSMUSG00000039145.12,-,Camk1d,protein_coding,5.25405196347034,6.91995394496363,7.38421623383018
chrX,50602838,50603339,1.7992169176703214,chrX,50553744,50637321,ENSMUSG00000085396.3,-,Firre,processed_transcript,0.603842464995999,1.53336133259939,2.11733798819503
chr2,152951420,152951921,0.9895438980404312,chr2,152938997,152953698,ENSMUSG00000042662.12,-,Dusp15,protein_coding,2.22238927838734,4.05151076242856,4.41994305035713
chr2,3172619,3173120,0.4286019262498444,chr2,3112224,3229806,ENSMUSG00000050530.10,+,Fam171a1,protein_coding,6.97220165768577,9.02832577728779,9.38907064140235
chr11,88576997,88577498,0.3873731641452743,chr11,88337382,88720513,ENSMUSG00000069769.9,-,Msi2,protein_coding,5.32875412408841,6.22597575564063,6.97398199861739
chr2,156233607,156234108,0.3028172785065978,chr2,156194466,156311952,ENSMUSG00000038116.12,+,Phf20,protein_coding,8.54094703066506,10.7533572764621,10.5403731724834
chr5,143053589,143054090,0.4515616007282655,chr5,142988893,143115020,ENSMUSG00000045078.8,-,Rnf216,protein_coding,6.00107356965096,8.55245501889488,8.21130138546886
chr8,115154044,115154545,0.2957248703858607,chr8,114437655,115354708,ENSMUSG00000004637.11,+,Wwox,protein_coding,6.72941963567706,7.62715076646421,8.26423483517374
chrX,50611625,50612126,1.9158372218501665,chrX,50553744,50637321,ENSMUSG00000085396.3,-,Firre,processed_transcript,0.479338863965896,1.53997064868818,1.82620401481822
chr19,55072415,55072916,0.4507661649314884,chr19,55067734,55101451,ENSMUSG00000024978.10,-,Gpam,protein_coding,4.27669869538404,4.50094425646632,5.84914619238878
chr9,34958035,34958536,0.2519842936365821,chr9,34958019,34962148,ENSMUSG00000089465.1,+,Gm23702,rRNA,5.50928434558206,6.8009862553654,6.5637477634046
chr9,34958035,34958536,0.2519842936365821,chr9,34483894,35038716,ENSMUSG00000032036.11,+,Kirrel3,protein_coding,5.50928434558206,6.8009862553654,6.5637477634046
chr14,24205289,24205790,0.2841472456398067,chr14,24131953,24247920,ENSMUSG00000021782.10,-,Dlg5,protein_coding,8.39154270942894,9.79500644358749,10.2227724742541
chr2,18695094,18695595,0.8948521967208309,chr2,18692032,18701037,ENSMUSG00000087182.3,+,Gm13334,protein_coding,5.411960815955065,6.21592577536425,9.583157809670576
chr10,84646466,84646967,0.5246285447926873,chr10,84620437,84729177,ENSMUSG00000034453.7,+,Polr3b,protein_coding,4.53193107749575,6.33833412915007,6.52404767612595
chr14,44663042,44663543,1.790111364038656,chr14,44647204,44708456,ENSMUSG00000079265.5,-,Gm8257,protein_coding,0.311259002575257,0.859211091542762,1.09175240016306
chr11,54727383,54727884,0.3370532960581345,chr11,54726677,54736323,ENSMUSG00000086039.1,+,Gm12227,antisense,7.24610957995199,9.10102825426449,9.15748679894352
chr11,54727383,54727884,0.3370532960581345,chr11,54715456,54789675,ENSMUSG00000052298.8,-,Cdc42se2,protein_coding,7.24610957995199,9.10102825426449,9.15748679894352
chrX,50604966,50605467,2.094991811210151,chrX,50553744,50637321,ENSMUSG00000085396.3,-,Firre,processed_transcript,0.292583462420742,1.18967689598229,1.27040279291702
chr11,98731085,98731586,0.4771821376062091,chr11,98702591,98731435,ENSMUSG00000017210.10,-,Med24,protein_coding,8.12385996721422,12.3594210860382,11.3145248744172
chrX,50612158,50612659,1.4458427681862096,chrX,50553744,50637321,ENSMUSG00000085396.3,-,Firre,processed_transcript,0.82172376679868,1.68537560264157,2.24967161245722
chr13,41903115,41903616,0.3986096126313699,chr13,41899651,41903754,ENSMUSG00000089035.1,+,Gm22157,snRNA,4.49457999718672,5.57165346285037,5.92854636694609
chr7,36697804,36698305,0.6353466023672834,chr7,36693438,36698359,ENSMUSG00000104330.1,+,RP24-142E6.2,TEC,3.91563825239674,4.83141006090584,6.08734671606072
chr7,36697804,36698305,0.6353466023672834,chr7,36696118,36775553,ENSMUSG00000021217.7,+,Tshz3,protein_coding,3.91563825239674,4.83141006090584,6.08734671606072
chr14,52622147,52622648,1.58999761519241,chr14,52620566,52625082,ENSMUSG00000076761.1,+,Trav5-1,IG_LV_gene,0.329934542729773,0.707196821500581,1.00573554439264
chr7,125964061,125964562,1.0162804761205877,chr7,125876419,126084411,ENSMUSG00000046182.7,-,Gsg1l,protein_coding,1.35086407117662,2.08854388405779,2.73930602222732
chr18,37668608,37669109,1.3160288330970813,chr18,36950741,37842200,ENSMUSG00000103458.1,+,PCDHA4,protein_coding,0.827948946850185,2.00923209099231,2.07102121970327
chr18,37668608,37669109,1.3160288330970813,chr18,36967916,37835296,ENSMUSG00000102836.1,+,RP23-407E2.5,protein_coding,0.827948946850185,2.00923209099231,2.07102121970327
chr18,37668608,37669109,1.3160288330970813,chr18,36973941,37835296,ENSMUSG00000103125.1,+,RP23-407E2.6,protein_coding,0.827948946850185,2.00923209099231,2.07102121970327
chr18,37668608,37669109,1.3160288330970813,chr18,37659793,37843873,ENSMUSG00000103144.1,+,Pcdhga1,protein_coding,0.827948946850185,2.00923209099231,2.07102121970327
chr18,37668608,37669109,1.3160288330970813,chr18,37666953,37843870,ENSMUSG00000103332.1,+,Pcdhga2,protein_coding,0.827948946850185,2.00923209099231,2.07102121970327
chr2,157048509,157049010,0.4568294711425611,chr2,157013799,157081254,ENSMUSG00000055485.6,-,Soga1,protein_coding,5.88279514867236,7.20415453678162,8.07896776120667
chrX,50600207,50600708,1.7255060097460173,chrX,50553744,50637321,ENSMUSG00000085396.3,-,Firre,processed_transcript,0.547815844532453,1.57962654522092,1.82620401481822
chr7,101191262,101191763,0.4252696476153675,chr7,101106775,101286405,ENSMUSG00000030691.10,+,Fchsd2,protein_coding,5.06729656192519,7.07196821500581,6.80856496828965
chr1,88258863,88259364,0.6498583464472505,chr1,88224986,88264289,ENSMUSG00000079429.5,+,Mroh2a,protein_coding,4.79961381971047,5.70383978462618,7.5363999017317
chr2,96591559,96592060,0.3130208855975265,chr2,96316169,97633666,ENSMUSG00000050587.10,+,Lrrc4c,protein_coding,3.2682195270402,3.21873693524096,4.06264226484922
chr1,38429175,38429676,0.2598019043214469,chr1,38175326,38666955,ENSMUSG00000037138.12,-,Aff3,protein_coding,5.4408073650155,5.66418388809344,6.51743099491284
chr13,56698304,56698805,0.2662265450107848,chr13,56697930,56702178,ENSMUSG00000098962.1,+,Gm27698,misc_RNA,7.45154052165166,9.59672696092377,8.96560304376334
chrX,50607580,50608081,1.9553937386558813,chrX,50553744,50637321,ENSMUSG00000085396.3,-,Firre,processed_transcript,0.367285623038804,0.931913568519457,1.44243650445787
chr5,110521682,110522183,0.4654216009249708,chr5,110512923,110527980,ENSMUSG00000048215.10,+,A630023P12Rik,lincRNA,5.87656996862086,8.20216126618898,8.11866784848533
chr16,91173343,91173844,0.82969951719558,chr16,91166197,91173401,ENSMUSG00000052471.2,-,Gm9881,protein_coding,1.36331443127963,1.93652961401561,2.42832200521118
chr16,36775606,36776107,0.2537784476174329,chr16,36748178,36786962,ENSMUSG00000022899.4,-,Slc15a2,protein_coding,5.75206636759076,5.92855653164506,6.86149841799453
chr9,72475456,72475957,0.3693995165128085,chr9,72448394,72494212,ENSMUSG00000090626.5,-,Tex9,protein_coding,4.40742747646564,5.65757457200465,5.69696252448726
chr16,35094465,35094966,0.4888908757610353,chr16,35020421,35111175,ENSMUSG00000035376.9,+,Ptplb,protein_coding,4.12729437414791,5.10900133663504,5.7962127426839
chr8,118951377,118951878,0.4053326149167062,chr8,118281733,119326921,ENSMUSG00000031841.14,+,Cdh13,protein_coding,4.38875193631113,5.80297952595804,5.81606278632323
chr11,52924114,52924615,0.4471674635421402,chr11,52762634,53190538,ENSMUSG00000036264.9,+,Fstl4,protein_coding,4.12729437414791,4.77853553219552,5.63079571235617
chr9,116976960,116977461,0.5344499540188329,chr9,116570746,117631913,ENSMUSG00000039607.11,-,Rbms3,protein_coding,2.35934323952045,3.11298787782032,3.4208241871776
chr5,95867069,95867570,0.915544591873932,chr5,95865334,95869440,ENSMUSG00000094471.1,+,Gm25937,snRNA,1.10185686911641,1.21611416033745,2.08425458212949
chr9,123512446,123512947,0.7249271952785185,chr9,123476701,123523548,ENSMUSG00000025239.2,+,Limd1,protein_coding,2.85113246358936,4.67278647477487,4.71769370494706
chr12,84071676,84072177,0.2776331716596673,chr12,84067325,84078020,ENSMUSG00000042540.8,+,Acot5,protein_coding,6.71074409552255,7.44208991597808,8.13851789212466
chr2,154920306,154920807,0.6837573667187684,chr2,154789402,155053012,ENSMUSG00000027596.6,+,a,protein_coding,6.3225507802830005,5.617672883583876,9.323359341916447
chr4,136741709,136742210,0.2706137277270624,chr4,136645539,136837988,ENSMUSG00000028664.10,-,Ephb2,protein_coding,10.1594938440564,12.7890266318096,12.2607102878919
chr4,151275264,151275765,0.4225898287490368,chr4,150915322,151863876,ENSMUSG00000014592.15,-,Camta1,protein_coding,5.96994766939344,8.51940843845093,8.00618426786247
chr6,134395885,134396386,0.6502298280009171,chr6,134394318,134440736,ENSMUSG00000030200.9,+,Bcl2l14,protein_coding,1.35086407117662,2.16124636103449,2.12395466940814
chr7,133638746,133639247,0.4589648303519043,chr7,133635543,133674971,ENSMUSG00000039990.11,+,Edrf1,protein_coding,5.69603974712721,8.10302152485713,7.83415055632162
chr8,120598472,120598973,0.355662788600171,chr8,120596552,120601277,ENSMUSG00000097702.1,+,Gm26739,lincRNA,10.4769780266832,13.2450694419361,13.4120128189729
chr8,120598472,120598973,0.355662788600171,chr8,119908841,124347722,ENSMUSG00000092329.1,+,Gm20388,protein_coding,10.4769780266832,13.2450694419361,13.4120128189729
chr7,125888284,125888785,0.638212576996116,chr7,125876419,126084411,ENSMUSG00000046182.7,-,Gsg1l,protein_coding,3.79735983141814,5.68401183635981,5.91531300451987
chr17,71780834,71781335,0.2923170665517249,chr17,71779947,71860351,ENSMUSG00000024059.9,+,Clip4,protein_coding,6.23763041160816,7.60732281819784,7.64226680114145
chr6,114663693,114664194,0.3114621158184283,chr6,114641097,114862614,ENSMUSG00000030314.12,+,Atg7,protein_coding,5.70226492717872,6.82742351972056,7.07984889802714
chr8,109952146,109952647,0.2779436805404141,chr8,109945914,109964203,ENSMUSG00000001672.10,-,Marveld3,protein_coding,6.12557717068107,7.74611845606244,7.43053300232194
chrX,50599704,50600205,1.6430159974919012,chrX,50553744,50637321,ENSMUSG00000085396.3,-,Firre,processed_transcript,0.404636703347835,1.13019305118317,1.27701947413013
chr14,70001661,70002162,0.2737410329925053,chr14,69838420,70061886,ENSMUSG00000022085.3,+,Pebp4,protein_coding,11.2426751730183,12.3990769825709,13.59727989294
chr7,125693949,125694450,0.43059260007908,chr7,125638955,125709780,ENSMUSG00000032777.8,-,Gtf3c1,protein_coding,6.6484922950075,9.2332145760403,8.96560304376334
chr17,33817438,33817939,0.3169146816747926,chr17,33817027,33826562,ENSMUSG00000067288.8,-,Rps28,protein_coding,16.3908990756131,20.4161773982738,20.425694904869
chr17,33817438,33817939,0.3169146816747926,chr17,33808520,33824918,ENSMUSG00000042099.11,+,Kank3,protein_coding,16.3908990756131,20.4161773982738,20.425694904869
chr5,142968326,142968827,0.5696271397262223,chr5,142958343,142975185,ENSMUSG00000029581.10,+,Fscn1,protein_coding,4.66888503862886,7.03892163456186,6.93428191133873
chr4,62150720,62151221,1.1649017783488331,chr4,62145932,62152863,ENSMUSG00000066153.2,-,Mup21,protein_coding,1.6166323777027949,1.1627123089072233,4.310033026569617
chr18,37264732,37265233,1.742230053688557,chr18,37262938,37269525,ENSMUSG00000051663.4,+,Pcdhb1,protein_coding,1.7872589964590624,2.5269520435028685,5.027476201276341
chr18,37264732,37265233,1.742230053688557,chr18,36950741,37842200,ENSMUSG00000103458.1,+,PCDHA4,protein_coding,1.7872589964590624,2.5269520435028685,5.027476201276341
chr18,37264732,37265233,1.742230053688557,chr18,36967916,37835296,ENSMUSG00000102836.1,+,RP23-407E2.5,protein_coding,1.7872589964590624,2.5269520435028685,5.027476201276341
chr18,37264732,37265233,1.742230053688557,chr18,36973941,37835296,ENSMUSG00000103125.1,+,RP23-407E2.6,protein_coding,1.7872589964590624,2.5269520435028685,5.027476201276341
chr15,103339957,103340458,0.6360711187283126,chr15,103311895,103342086,ENSMUSG00000000552.9,-,Zfp385a,protein_coding,3.90941307234523,5.08256407227988,6.08073003484761
chr18,37300542,37301043,1.5151789831942932,chr18,37298799,37306585,ENSMUSG00000045498.1,+,Pcdhb3,protein_coding,1.3349076841405765,1.6246266277012473,3.0331069499908567
chr18,37300542,37301043,1.5151789831942932,chr18,36950741,37842200,ENSMUSG00000103458.1,+,PCDHA4,protein_coding,1.3349076841405765,1.6246266277012473,3.0331069499908567
chr18,37300542,37301043,1.5151789831942932,chr18,36967916,37835296,ENSMUSG00000102836.1,+,RP23-407E2.5,protein_coding,1.3349076841405765,1.6246266277012473,3.0331069499908567
chr18,37300542,37301043,1.5151789831942932,chr18,36973941,37835296,ENSMUSG00000103125.1,+,RP23-407E2.6,protein_coding,1.3349076841405765,1.6246266277012473,3.0331069499908567
chr7,143580707,143581208,1.0258049522569848,chr7,143555230,143602090,ENSMUSG00000010755.12,-,Cars,protein_coding,1.3321885310221,2.2207302058336,2.719455978588
chr9,4605367,4605868,0.5307684546710146,chr9,4415899,4798234,ENSMUSG00000025892.11,-,Gria4,protein_coding,1.5687453729793,2.12819978059053,2.26952165609655
chr9,42917877,42918378,0.4656890453403467,chr9,42516135,42946493,ENSMUSG00000032017.10,-,Grik4,protein_coding,4.31404977569307,6.19953849128547,5.96162977301164
chr8,109662328,109662829,0.277900401818953,chr8,109612517,109674592,ENSMUSG00000048827.7,+,Pkd1l3,protein_coding,7.0095527379948,7.95100725481494,8.50243535884568
chr14,22373255,22373756,0.4847557771430354,chr14,22017712,23058085,ENSMUSG00000063458.8,+,1700112E06Rik,protein_coding,2.15391229782078,2.52475874591796,3.01720663317792
chr2,26066418,26066919,0.6413720976002857,chr2,26053535,26125220,ENSMUSG00000026932.10,-,Nacc2,protein_coding,4.27669869538404,5.43946714107456,6.67623134402746
chr9,68653491,68653992,0.4379154287926027,chr9,68651786,69390246,ENSMUSG00000032238.13,+,Rora,protein_coding,6.67339301521352,8.76395313373617,9.04500321832066
chr18,37655346,37655847,1.4703543681929208,chr18,37650433,37656172,ENSMUSG00000102827.1,-,RP23-56B11.5,transcribed_processed_pseudogene,0.9789428791838016,1.161218424340684,2.3513197507449015
chr18,37655346,37655847,1.4703543681929208,chr18,37653451,37663742,ENSMUSG00000073590.3,+,3222401L13Rik,lincRNA,0.9789428791838016,1.161218424340684,2.3513197507449015
chr18,37655346,37655847,1.4703543681929208,chr18,36950741,37842200,ENSMUSG00000103458.1,+,PCDHA4,protein_coding,0.9789428791838016,1.161218424340684,2.3513197507449015
chr18,37655346,37655847,1.4703543681929208,chr18,36967916,37835296,ENSMUSG00000102836.1,+,RP23-407E2.5,protein_coding,0.9789428791838016,1.161218424340684,2.3513197507449015
chr18,37655346,37655847,1.4703543681929208,chr18,36973941,37835296,ENSMUSG00000103125.1,+,RP23-407E2.6,protein_coding,0.9789428791838016,1.161218424340684,2.3513197507449015
chr3,64740442,64740943,0.5480890823786413,chr3,64630863,64846743,ENSMUSG00000097538.1,-,Gm26939,processed_transcript,1.40066551158866,1.35490979820205,2.05117117606394
chr3,64740442,64740943,0.5480890823786413,chr3,64688660,64846765,ENSMUSG00000062200.8,-,Vmn2r7,protein_coding,1.40066551158866,1.35490979820205,2.05117117606394
chr2,4347099,4347600,0.426600513358721,chr2,4015717,4616043,ENSMUSG00000026657.12,+,Frmd4a,protein_coding,4.15219509435393,4.74548895175156,5.5844789438644
chr5,108581302,108581803,0.4098884397008939,chr5,108567411,108631739,ENSMUSG00000062234.10,-,Gak,protein_coding,3.8720619920362,5.1354386009902,5.14777798379918
chr8,11727618,11728119,0.2691221262321417,chr8,11726105,11837219,ENSMUSG00000031511.10,+,Arhgef7,protein_coding,16.0485141727803,19.1207514448709,19.3471758671321
chr7,112283913,112284414,0.2692294125945224,chr7,112223856,112357194,ENSMUSG00000038244.9,+,Mical2,protein_coding,10.0100895228203,12.2338440803512,12.0688265327117
chr2,163309274,163309775,0.3277100313403241,chr2,163201125,163326170,ENSMUSG00000074607.7,+,Tox2,protein_coding,6.07577573026902,7.96422588699253,7.62903343871523
chrX,50576803,50577304,0.886198884961403,chrX,50553744,50637321,ENSMUSG00000085396.3,-,Firre,processed_transcript,1.3321885310221,2.16785567712328,2.46802209248984
chr5,117939386,117939887,0.4677693557813942,chr5,117933725,117941518,ENSMUSG00000098072.1,-,Gm26995,antisense,4.30782459564156,6.71506514621113,5.96162977301164
chr5,117939386,117939887,0.4677693557813942,chr5,117779032,117960840,ENSMUSG00000029361.14,+,Nos1,protein_coding,4.30782459564156,6.71506514621113,5.96162977301164
chr15,92621605,92622106,0.2645777193889557,chr15,92394915,92773819,ENSMUSG00000036218.11,+,Pdzrn4,protein_coding,6.81034697634663,8.21537989836656,8.18483466061643
chr9,39645008,39645509,0.3293670704989783,chr9,39644724,39649672,ENSMUSG00000059106.3,+,Olfr961,protein_coding,3.19974254647365,3.31126736048403,4.02294217757056
chr12,103685996,103686497,0.4134222605215344,chr12,103686044,103697529,ENSMUSG00000021081.8,-,Serpina1f,protein_coding,4.93034260079208,6.19292917519668,6.57036444461771
chr19,59006493,59006994,0.2597302193923179,chr19,58971358,59078069,ENSMUSG00000041362.12,-,4930506M07Rik,protein_coding,6.47418725356535,8.16250536965624,7.75475038176431
chr17,29584685,29585186,0.4933514517767351,chr17,29547788,29608895,ENSMUSG00000042203.7,+,Tbc1d22b,protein_coding,3.67285623038804,5.26101560667722,5.17424470865161
chr17,29584685,29585186,0.4933514517767351,chr17,29576816,29598305,ENSMUSG00000089900.1,-,Tbc1d22bos,antisense,3.67285623038804,5.26101560667722,5.17424470865161
chr17,29584685,29585186,0.4933514517767351,chr17,29547799,29676187,ENSMUSG00000099329.1,+,Gm28052,processed_transcript,3.67285623038804,5.26101560667722,5.17424470865161
chr5,147068849,147069350,0.2597614160792432,chr5,147014655,147078586,ENSMUSG00000016520.7,-,Lnx2,protein_coding,8.09273406695669,9.83466234012023,9.69343797720539
chrX,50602337,50602838,1.6861347122814596,chrX,50553744,50637321,ENSMUSG00000085396.3,-,Firre,processed_transcript,0.429537423553855,0.958350832874619,1.3961197359661
chr4,152088459,152088960,0.3329272320765455,chr4,152070498,152117400,ENSMUSG00000039713.12,+,Plekhg5,protein_coding,10.6014816277133,12.9608688501181,13.359079369268
chr9,110351856,110352357,0.4314516758805879,chr9,110331293,110386935,ENSMUSG00000032485.10,+,Scap,protein_coding,4.04014185342684,5.66418388809344,5.45214531960221
chr9,29750226,29750727,0.2719218458006542,chr9,28992750,29965141,ENSMUSG00000059974.6,-,Ntm,protein_coding,7.66319664340284,8.45992459365181,9.25673701714016
chr16,24535193,24535694,0.406265028657261,chr16,24391350,24994576,ENSMUSG00000033306.10,+,Lpp,protein_coding,5.6835893870242,6.69523719794475,7.5363999017317
chr8,122641391,122641892,0.3171382725739178,chr8,119908841,124347722,ENSMUSG00000092329.1,+,Gm20388,protein_coding,8.29193982860486,10.6806547994854,10.335256054877
chr8,122641391,122641892,0.3171382725739178,chr8,122626739,122701109,ENSMUSG00000006362.11,-,Cbfa2t3,protein_coding,8.29193982860486,10.6806547994854,10.335256054877
chr7,27117862,27118363,0.5691634088186501,chr7,27117909,27135660,ENSMUSG00000052974.7,+,Cyp2f2,protein_coding,2.72662886255925,2.88166181471265,4.049408902423
chr4,129122633,129123134,0.4455447953572408,chr4,129109570,129124036,ENSMUSG00000028785.8,-,Hpca,protein_coding,6.18160379114461,7.40904333553413,8.42303518428837
chr18,84086226,84086727,0.3779952645417086,chr18,84086158,84099514,ENSMUSG00000049090.2,+,Zadh2,protein_coding,3.28689506719472,3.46328163052621,4.27437606366872
chr18,84086226,84086727,0.3779952645417086,chr18,84009627,84088404,ENSMUSG00000046982.10,-,Tshz1,protein_coding,3.28689506719472,3.46328163052621,4.27437606366872
chr5,107148063,107148564,0.66603350622495,chr5,107104570,107291629,ENSMUSG00000029287.10,-,Tgfbr3,protein_coding,2.32821733926293,3.50954684314774,3.6987247981282
chr9,64896584,64897085,0.4257603115420627,chr9,64809340,64921667,ENSMUSG00000053641.8,+,Dennd4a,protein_coding,4.25802315522952,5.94177516382264,5.7234292493397
chrX,50583666,50584167,1.51035427840137,chrX,50553744,50637321,ENSMUSG00000085396.3,-,Firre,processed_transcript,0.42331224350235,1.16323963162712,1.21746934321214
chr14,43296462,43296963,1.8190084387373249,chr14,43296872,43308004,ENSMUSG00000090440.1,+,Gm9732,protein_coding,0.323709362678268,0.905476304164295,1.15791921229416
chr6,92940536,92941037,1.074860448985301,chr6,92770699,92945492,ENSMUSG00000030022.10,-,Adamts9,protein_coding,1.06450578880738,1.99601345881472,2.24967161245722
chr6,92940536,92941037,1.074860448985301,chr6,92938369,93274889,ENSMUSG00000097462.3,+,9530026P05Rik,lincRNA,1.06450578880738,1.99601345881472,2.24967161245722
chr4,33183417,33183918,0.3644324973132822,chr4,33172230,33191737,ENSMUSG00000054659.9,-,Pm20d2,protein_coding,2.99431160477398,3.87305922803122,3.85752514724283
chr8,21823745,21824246,1.2491356649205785,chr8,21821539,21833296,ENSMUSG00000058568.6,+,Defb50,protein_coding,0.597617284944494,1.15663031553833,1.42920314203165
chr5,136487513,136488014,0.7355840308130261,chr5,136246135,136569490,ENSMUSG00000029705.13,-,Cux1,protein_coding,2.45272094029303,3.45006299834863,4.08910898970166
chr9,51305052,51305553,0.2739848740272267,chr9,51287686,51330917,ENSMUSG00000036027.7,-,1810046K07Rik,protein_coding,7.30213620041554,8.55906433498367,8.83326941950116
chr14,62892921,62893422,0.4520129983629046,chr14,62835690,62958886,ENSMUSG00000014547.9,+,Wdfy2,protein_coding,4.60663323811381,5.80297952595804,6.30569719609333
chr4,43979696,43980197,0.328623429487319,chr4,43955401,43981118,ENSMUSG00000028480.10,+,Glipr2,protein_coding,5.84544406836333,7.76594640432881,7.34451614655152
chr7,102565254,102565755,1.5433798262194531,chr7,102555922,102567469,ENSMUSG00000030966.8,-,Trim21,protein_coding,0.454438143759876,0.634494344523886,1.33656960504811
chr14,21994890,21995391,0.601619534833934,chr14,21990436,21998100,ENSMUSG00000103160.1,+,RP24-428B12.3,TEC,1.98583243643014,3.28483009612887,3.01720663317792
chr11,79037481,79037982,0.4563464169380815,chr11,79011440,79148407,ENSMUSG00000018334.12,-,Ksr1,protein_coding,6.01974910980548,8.01710041570285,8.26423483517374
chr7,124131192,124131693,0.3982101525871287,chr7,123980869,124400989,ENSMUSG00000078591.1,+,Hs3st4,protein_coding,4.65643467852585,6.35155276132765,6.1402801657656
chr2,32175116,32175617,0.4317204092409419,chr2,32171171,32175249,ENSMUSG00000099155.1,+,Gm27805,miRNA,6.06955055021752,9.08780962208691,8.19145134182954
chr2,32175116,32175617,0.4317204092409419,chr2,32149082,32236537,ENSMUSG00000039262.12,+,Prrc2b,protein_coding,6.06955055021752,9.08780962208691,8.19145134182954
chr7,124319324,124319825,0.3688027825032221,chr7,123980869,124400989,ENSMUSG00000078591.1,+,Hs3st4,protein_coding,5.28517786372787,7.42226196771171,6.82841501192898
chr5,114575956,114576457,0.4668327458736103,chr5,114566016,114615220,ENSMUSG00000041930.7,+,Fam222a,protein_coding,5.02372030156465,6.82081420363177,6.94751527376495
chr18,37714505,37715006,1.2670466949939394,chr18,37712279,37728121,ENSMUSG00000104512.1,-,RP23-56B11.8,antisense,0.510464764223422,1.0442719420289,1.23731938685147
chr18,37714505,37715006,1.2670466949939394,chr18,36950741,37842200,ENSMUSG00000103458.1,+,PCDHA4,protein_coding,0.510464764223422,1.0442719420289,1.23731938685147
chr18,37714505,37715006,1.2670466949939394,chr18,36967916,37835296,ENSMUSG00000102836.1,+,RP23-407E2.5,protein_coding,0.510464764223422,1.0442719420289,1.23731938685147
chr18,37714505,37715006,1.2670466949939394,chr18,36973941,37835296,ENSMUSG00000103125.1,+,RP23-407E2.6,protein_coding,0.510464764223422,1.0442719420289,1.23731938685147
chr18,37714505,37715006,1.2670466949939394,chr18,37659793,37843873,ENSMUSG00000103144.1,+,Pcdhga1,protein_coding,0.510464764223422,1.0442719420289,1.23731938685147
chr18,37714505,37715006,1.2670466949939394,chr18,37666953,37843870,ENSMUSG00000103332.1,+,Pcdhga2,protein_coding,0.510464764223422,1.0442719420289,1.23731938685147
chr18,37714505,37715006,1.2670466949939394,chr18,37672307,37843873,ENSMUSG00000104346.1,+,PCDHGB6,protein_coding,0.510464764223422,1.0442719420289,1.23731938685147
chr18,37714505,37715006,1.2670466949939394,chr18,37678233,37843870,ENSMUSG00000103037.1,+,Pcdhgb1,protein_coding,0.510464764223422,1.0442719420289,1.23731938685147
chr18,37714505,37715006,1.2670466949939394,chr18,37683210,37843873,ENSMUSG00000103677.1,+,Pcdhga4,protein_coding,0.510464764223422,1.0442719420289,1.23731938685147
chr18,37714505,37715006,1.2670466949939394,chr18,37687828,37843873,ENSMUSG00000102748.1,+,Pcdhgb2,protein_coding,0.510464764223422,1.0442719420289,1.23731938685147
chr18,37714505,37715006,1.2670466949939394,chr18,37692380,37843873,ENSMUSG00000103567.1,+,Pcdhga5,protein_coding,0.510464764223422,1.0442719420289,1.23731938685147
chr18,37714505,37715006,1.2670466949939394,chr18,37705039,37843873,ENSMUSG00000103793.1,+,Pcdhga6,protein_coding,0.510464764223422,1.0442719420289,1.23731938685147
chr18,37714505,37715006,1.2670466949939394,chr18,37712764,37843873,ENSMUSG00000103472.1,+,Pcdhga7,protein_coding,0.510464764223422,1.0442719420289,1.23731938685147
chr16,3891915,3892416,0.748245081856724,chr16,3870375,3906780,ENSMUSG00000005982.9,+,Naa60,protein_coding,2.34066769936594,3.45667231443742,3.93692532180014
chr16,3891915,3892416,0.748245081856724,chr16,3882648,3921517,ENSMUSG00000093575.1,+,Gm20695,protein_coding,2.34066769936594,3.45667231443742,3.93692532180014
chr11,116873928,116874429,0.5651746022285337,chr11,116850440,116877635,ENSMUSG00000020818.12,+,Mfsd11,protein_coding,4.97391886115261,7.41565265162292,7.36436619019085
chr11,60032454,60032955,0.3947021168684783,chr11,59968614,60048489,ENSMUSG00000000301.12,-,Pemt,protein_coding,5.26650232357335,6.64897198532322,6.92766523012562
chr14,7856737,7857238,0.3141142818614,chr14,7815957,7953588,ENSMUSG00000025278.8,+,Flnb,protein_coding,2.11656121751175,2.78913138946958,2.63343912281757
chr2,18699316,18699817,1.2539584208019676,chr2,18692032,18701037,ENSMUSG00000087182.3,+,Gm13334,protein_coding,0.85907484710771,1.63250107393125,2.05778785727705
chr2,18699316,18699817,1.2539584208019676,chr2,18697023,18752413,ENSMUSG00000037708.12,+,BC061194,protein_coding,0.85907484710771,1.63250107393125,2.05778785727705
chr6,126739691,126740192,0.7783932201334478,chr6,126706329,126742674,ENSMUSG00000038077.7,-,Kcna6,protein_coding,2.60835044158066,4.163869135938,4.47949318127512
chr6,126739691,126740192,0.7783932201334478,chr6,126716684,126743601,ENSMUSG00000097596.1,+,Gm26673,lincRNA,2.60835044158066,4.163869135938,4.47949318127512
chrX,50623087,50623588,1.4411342292779272,chrX,50553744,50637321,ENSMUSG00000085396.3,-,Firre,processed_transcript,0.498014404120412,1.0442719420289,1.36303632990055
chr4,148053594,148054095,0.2620754528265957,chr4,148037077,148061551,ENSMUSG00000029009.13,+,Mthfr,protein_coding,7.05935417840684,8.65820407631553,8.46935195278013
chr5,110611336,110611837,0.2521490868323635,chr5,110542345,110623382,ENSMUSG00000033316.10,+,Galnt9,protein_coding,8.33551608896539,10.0329418227839,9.93163850087733
chr4,117904039,117904540,0.4293729687084839,chr4,117892486,117916999,ENSMUSG00000033365.10,-,Ipo13,protein_coding,5.62756276656065,7.71307187561849,7.58271667022346
chrX,50614835,50615336,1.617318221191922,chrX,50553744,50637321,ENSMUSG00000085396.3,-,Firre,processed_transcript,0.491789224068907,1.43422159126753,1.52183667901518
chr5,139111944,139112445,0.5231218343388528,chr5,139015306,139152001,ENSMUSG00000025855.9,-,Prkar1b,protein_coding,4.1086188339934,5.51216961805126,5.90869632330677
chr7,112620573,112621074,0.3145282925006554,chr7,112611468,112682058,ENSMUSG00000085945.2,-,2310014F06Rik,processed_transcript,6.8974994970677,7.88491409392704,8.58183553340299
chr17,27871801,27872302,0.5726108470193209,chr17,27854490,27902040,ENSMUSG00000039512.11,+,Uhrf1bp1,protein_coding,4.08994329383888,6.245803703907,6.08734671606072
chr6,129232743,129233244,0.2667732982583801,chr6,129206412,129239982,ENSMUSG00000097354.3,-,2310001H17Rik,lincRNA,4.88676634043154,5.04951749183593,5.88222959845433
chr1,80758406,80758907,0.3934203393544259,chr1,80499073,80760527,ENSMUSG00000038608.11,-,Dock10,protein_coding,4.39497711636263,5.26762492276601,5.77636269904458
chr2,35930461,35930962,0.290430889062585,chr2,35749241,35981913,ENSMUSG00000026885.9,-,Ttll11,protein_coding,6.29988221212321,7.81882093303914,7.70843361327254
chr9,67354322,67354823,0.3860699728845583,chr9,67215087,67561703,ENSMUSG00000052698.10,-,Tln2,protein_coding,3.40517348817332,4.71244237130761,4.45302645642268
chr19,40702381,40702882,0.374174522367537,chr19,40610366,40743602,ENSMUSG00000048120.12,+,Entpd1,protein_coding,5.77074190774527,5.78976089378046,7.48346645202682
chr5,143552870,143553371,0.2502128557240042,chr5,143546706,143566531,ENSMUSG00000083012.4,+,Fam220a,protein_coding,8.59697365112861,9.72891328269958,10.2293891554673
chr4,106437157,106437658,0.6315518318041767,chr4,106314213,106443322,ENSMUSG00000028514.11,+,Usp24,protein_coding,1.92358063591509,2.86183386644628,2.98412322711237
chr7,124681157,124681658,0.4023341107315882,chr7,124623670,124710935,ENSMUSG00000086254.1,-,3100003L05Rik,processed_transcript,4.81828935986498,6.64236266923443,6.37186400822443
chr1,134120087,134120588,0.3110746611922786,chr1,134109242,134153540,ENSMUSG00000026450.10,+,Chit1,protein_coding,7.56981894263026,8.92257671986714,9.39568732261546
chr17,13550804,13551305,1.581191717817069,chr17,13480553,13763825,ENSMUSG00000038347.10,-,Tcte2,protein_coding,14.988715997950997,17.021762651835612,35.277662176333976
chr5,117840906,117841407,0.5263815158964382,chr5,117779032,117960840,ENSMUSG00000029361.14,+,Nos1,protein_coding,4.19577135471447,5.82280747422441,6.04764662878206
chr4,120878710,120879211,0.6198117047292031,chr4,120852816,120898579,ENSMUSG00000032890.13,+,Rims3,protein_coding,3.06278858534053,3.92593375674154,4.71107702373395
chr4,155708929,155709430,0.6824025786319613,chr4,155702800,155735879,ENSMUSG00000029038.5,+,Ssu72,protein_coding,2.99431160477398,4.26300887726986,4.81032724193059
chrX,54238996,54239497,0.3263436280560339,chrX,54235715,54255212,ENSMUSG00000096308.1,+,Gm14598,unprocessed_pseudogene,2.55232382111711,2.57763327462829,3.20247370714499
chrX,50566309,50566810,1.2611453621482565,chrX,50553744,50637321,ENSMUSG00000085396.3,-,Firre,processed_transcript,0.529140304377938,0.872429723720343,1.27701947413013
chr4,139446078,139446579,0.8512252643205729,chr4,139350609,139491588,ENSMUSG00000066036.10,+,Ubr4,protein_coding,1.4566921320522,2.10837183232416,2.63343912281757
chr4,141172022,141172523,0.3534491638793148,chr4,141145913,141206062,ENSMUSG00000028920.9,+,Fbxo42,protein_coding,7.68187218355735,9.26626115648425,9.81915492025447
chr10,82681618,82682119,0.4186607602894933,chr10,82648433,82692650,ENSMUSG00000020251.9,-,Glt8d2,protein_coding,5.42213182486098,6.30528754870612,7.25188260956799
chr5,128027011,128027512,0.5493353910076191,chr5,127781491,128435077,ENSMUSG00000034310.7,-,Tmem132d,protein_coding,3.72265767080008,4.52738152082148,5.45214531960221
chr11,72155203,72155704,0.3642717371233229,chr11,72151929,72209459,ENSMUSG00000020807.10,-,4933427D14Rik,protein_coding,6.49908797377137,7.95761657090374,8.37010173458349
chr19,7029493,7029994,0.605267420680802,chr19,7018696,7042026,ENSMUSG00000024966.8,-,Stip1,protein_coding,3.64173033013051,5.52538825022884,5.54477885658574
chr8,22807267,22807768,0.2882982511522505,chr8,22785354,22807654,ENSMUSG00000031539.5,-,Ap3m2,protein_coding,5.62133758650915,6.10039874995361,6.86811509920764
chr8,22807267,22807768,0.2882982511522505,chr8,22803766,22811537,ENSMUSG00000054822.5,+,1700041G16Rik,antisense,5.62133758650915,6.10039874995361,6.86811509920764
chr4,152141432,152141933,0.523841152594021,chr4,152118331,152154371,ENSMUSG00000028943.13,-,Espn,protein_coding,6.37458437274127,8.96884193248868,9.17072016136974
chr8,87505538,87506039,0.363384282569084,chr8,87470812,87527554,ENSMUSG00000097248.4,+,Gm2694,lincRNA,4.63153395831983,4.5802560495318,5.96162977301164
chr17,12431593,12432094,0.4452981099000628,chr17,12417972,12509704,ENSMUSG00000023828.2,-,Slc22a3,protein_coding,4.39497711636263,4.72566100348519,5.98809649786408
chr7,139246795,139247296,0.5762038156760373,chr7,139246482,139269253,ENSMUSG00000060260.8,+,Pwwp2b,protein_coding,5.0735217419767,7.67341597908575,7.56948330779724
chr1,88702451,88702952,1.38476331531632,chr1,88671125,88704221,ENSMUSG00000049866.8,-,Arl4c,protein_coding,0.361060442987299,0.925304252430667,0.952802094687765
chr8,115241369,115241870,0.9681983462908824,chr8,114437655,115354708,ENSMUSG00000004637.11,+,Wwox,protein_coding,0.778147506438143,0.984788097229781,1.52845336022829
chr11,36827678,36828179,0.7209001304421359,chr11,36004656,37237964,ENSMUSG00000049336.12,-,Tenm2,protein_coding,1.26993673050705,1.53997064868818,2.0974879445557
chr3,5211171,5211672,0.8340489176586311,chr3,5210838,5217216,ENSMUSG00000103881.1,+,RP24-257J5.2,TEC,1.11430722921942,1.63250107393125,1.99162104514595
chr3,5211171,5211672,0.8340489176586311,chr3,5175586,5222841,ENSMUSG00000086224.4,-,2700069I18Rik,antisense,1.11430722921942,1.63250107393125,1.99162104514595
chr5,110670825,110671326,0.3849204060419407,chr5,110662373,110772717,ENSMUSG00000029505.13,-,Ep400,protein_coding,7.09048007866436,8.96884193248868,9.26335369835327
chr5,106573969,106574470,0.6235501749034364,chr5,106572875,106577387,ENSMUSG00000101237.1,+,Gm29464,lincRNA,1.61232163333983,2.74947549293684,2.48787213612916
chr5,106573969,106574470,0.6235501749034364,chr5,106498894,106576718,ENSMUSG00000099061.1,-,Gm28050,lincRNA,1.61232163333983,2.74947549293684,2.48787213612916
chr5,106573969,106574470,0.6235501749034364,chr5,106555946,106698571,ENSMUSG00000098302.1,-,Gm28039,processed_transcript,1.61232163333983,2.74947549293684,2.48787213612916
chrX,50591409,50591910,1.8183106418478376,chrX,50553744,50637321,ENSMUSG00000085396.3,-,Firre,processed_transcript,0.286358282369237,0.760071350210905,1.02558558803197
chr5,127962642,127963143,0.4498620904720194,chr5,127781491,128435077,ENSMUSG00000034310.7,-,Tmem132d,protein_coding,4.85564044017402,6.21936643955184,6.63653125674881
chr7,4084127,4084628,0.5389767699101308,chr7,4072125,4122728,ENSMUSG00000086155.3,-,9430041J12Rik,processed_transcript,4.00901595316931,4.84462869308342,5.82929614874945
chr6,92941141,92941642,0.8861664688546087,chr6,92770699,92945492,ENSMUSG00000030022.10,-,Adamts9,protein_coding,1.47536767220672,2.56441464245071,2.73268934101421
chr6,92941141,92941642,0.8861664688546087,chr6,92938369,93274889,ENSMUSG00000097462.3,+,9530026P05Rik,lincRNA,1.47536767220672,2.56441464245071,2.73268934101421
chr5,147090543,147091044,0.7145015462013085,chr5,147075050,147113361,ENSMUSG00000029642.7,+,Polr1d,protein_coding,1.53761947272177,1.89687371748287,2.52757222340782
chr9,54722056,54722557,0.3381175101233238,chr9,54712735,54736519,ENSMUSG00000061559.11,-,Wdr61,protein_coding,5.0797469220282,5.94177516382264,6.4247974579293
chr5,115572501,115573002,0.4603065385527731,chr5,115563254,115624656,ENSMUSG00000041638.14,+,Gcn1l1,protein_coding,5.33497930413991,7.25702906549195,7.34451614655152
chr4,112005710,112006211,1.1578866025546246,chr4,112004269,112031538,ENSMUSG00000089773.3,+,Skint1,protein_coding,0.61629282509901,0.740243401944534,1.38288637353988
chr16,8595378,8595879,0.6086952328552904,chr16,8511429,8623568,ENSMUSG00000057880.8,+,Abat,protein_coding,2.96941088456796,4.53399083691027,4.53242663097999
chrX,73342325,73342826,0.4917132806885559,chrX,73340621,73361080,ENSMUSG00000031365.9,+,Zfp275,protein_coding,2.28464107890239,3.13281582608669,3.21570706957121
chr6,93962662,93963163,0.2551698243741603,chr6,93673455,94285322,ENSMUSG00000045095.12,-,Magi1,protein_coding,3.98411523296329,4.48111630819994,4.75739379222572
chr5,89561349,89561850,0.3071536909299204,chr5,89525429,89585740,ENSMUSG00000035528.4,+,Npffr2,protein_coding,2.34066769936594,3.28483009612887,2.89810637134195
chr4,85695233,85695734,0.7404365692003896,chr4,85512327,85785127,ENSMUSG00000087349.1,+,Gm12680,processed_transcript,0.940002187777277,1.63911039002004,1.57477012872006
chr2,4978055,4978556,0.3807895015897011,chr2,4974122,4987748,ENSMUSG00000026668.6,+,Ucma,protein_coding,4.30159941559006,6.16649191084152,5.60432898750373
chrX,75729768,75730269,1.5729241018334683,chrX,75704932,75766699,ENSMUSG00000087396.3,-,4933407K13Rik,processed_transcript,0.460663323811381,1.07070920638406,1.38288637353988
chrX,50614325,50614826,1.5630086329683857,chrX,50553744,50637321,ENSMUSG00000085396.3,-,Firre,processed_transcript,0.448212963708371,1.26237937295898,1.33656960504811
chr16,34984713,34985214,0.3198711277952249,chr16,34743210,35004420,ENSMUSG00000022836.10,+,Mylk,protein_coding,6.654717475059,7.94439793872615,8.31055160366551
chr4,134580337,134580838,0.3406345958846683,chr4,134559690,134706290,ENSMUSG00000037306.9,-,Man1c1,protein_coding,5.60888722640614,8.12945878921229,7.10631562287958
chr6,88514533,88515034,0.3740200334193905,chr6,88501601,88520905,ENSMUSG00000030082.10,-,Sec61a1,protein_coding,4.10239365394189,5.28745287103238,5.31981169534002
chr11,70693532,70694033,0.4601561716715188,chr11,70686361,70702155,ENSMUSG00000057054.7,-,Inca1,protein_coding,5.3163037639854,6.79437693927661,7.31804942169908
chr9,71534983,71535484,0.2863669731462508,chr9,71477325,71594265,ENSMUSG00000092137.3,-,Gcom1,protein_coding,3.95298933270577,5.32710876756513,4.82356060435681
chr9,71534983,71535484,0.2863669731462508,chr9,71502347,71594360,ENSMUSG00000041361.9,-,Myzap,protein_coding,3.95298933270577,5.32710876756513,4.82356060435681
chr7,126287683,126288184,0.3249554337910043,chr7,126270619,126296999,ENSMUSG00000042978.9,+,Sbk1,protein_coding,5.83921888831183,6.51017634745862,7.31804942169908
chr4,120830715,120831216,0.2656004198548778,chr4,120755438,120833572,ENSMUSG00000032897.13,-,Nfyc,protein_coding,5.34742966424292,7.32312222637985,6.43141413914241
chr2,179238142,179238643,0.2728204413083032,chr2,179238490,179243066,ENSMUSG00000081481.1,+,Gm14293,processed_pseudogene,7.9869060060811,7.9113513582822,9.65373788992673
chr9,3001885,3002386,0.9870843161713914,chr9,2998922,3004330,ENSMUSG00000091028.1,+,Gm10722,protein_coding,7.30836138046704,14.3091693322314,14.4971485379229
chr9,3001885,3002386,0.9870843161713914,chr9,3001346,3008948,ENSMUSG00000096385.3,+,Gm11168,protein_coding,7.30836138046704,14.3091693322314,14.4971485379229
chr9,3001885,3002386,0.9870843161713914,chr9,2998282,3040313,ENSMUSG00000097312.1,-,Gm26870,lincRNA,7.30836138046704,14.3091693322314,14.4971485379229
chr14,38797034,38797535,0.4935858172145876,chr14,38366952,39475088,ENSMUSG00000041014.13,-,Nrg3,protein_coding,1.75550077452445,2.17446499321207,2.47463877370295
chr16,93627753,93628254,0.4921928297206116,chr16,93626097,93632346,ENSMUSG00000082815.1,+,Gm5678,unprocessed_pseudogene,3.2619943469887,3.04028540084362,4.59197676189798
chr17,43716523,43717024,0.6325407651145895,chr17,43665425,43753431,ENSMUSG00000023963.9,+,Cyp39a1,protein_coding,2.12278639756326,2.89488044689023,3.29510724412852
chr14,30208155,30208656,0.3183811568933142,chr14,30037949,30493156,ENSMUSG00000015968.12,-,Cacna1d,protein_coding,3.76000875110911,5.32049945147634,4.69122698009462
chr18,37320090,37320591,1.402007897988106,chr18,37318381,37325915,ENSMUSG00000063687.3,+,Pcdhb5,protein_coding,1.3445981158884224,2.302204054629731,3.129587519192648
chr18,37320090,37320591,1.402007897988106,chr18,36950741,37842200,ENSMUSG00000103458.1,+,PCDHA4,protein_coding,1.3445981158884224,2.302204054629731,3.129587519192648
chr18,37320090,37320591,1.402007897988106,chr18,36967916,37835296,ENSMUSG00000102836.1,+,RP23-407E2.5,protein_coding,1.3445981158884224,2.302204054629731,3.129587519192648
chr18,37320090,37320591,1.402007897988106,chr18,36973941,37835296,ENSMUSG00000103125.1,+,RP23-407E2.6,protein_coding,1.3445981158884224,2.302204054629731,3.129587519192648
chr8,22003007,22003508,0.6897792515844092,chr8,21990785,22062305,ENSMUSG00000006567.7,-,Atp7b,protein_coding,1.71192451416392,1.98940414272593,2.76577274707976
chr15,77269479,77269980,0.2663623204587533,chr15,77076990,77309053,ENSMUSG00000033565.12,-,Rbfox2,protein_coding,7.11538079887038,8.80360903026892,8.56198548976367
chr8,78634988,78635489,0.5145074156081466,chr8,78507335,78736005,ENSMUSG00000031684.10,+,Slc10a7,protein_coding,1.11430722921942,1.5267520165106,1.59462017235938
chr4,61876199,61876700,0.6313210805908966,chr4,61872700,61885296,ENSMUSG00000082363.1,-,Mup-ps18,unprocessed_pseudogene,1.02715470849835,1.54657996477697,1.59462017235938
chr4,145024638,145025139,0.5718126264003041,chr4,144970622,145197005,ENSMUSG00000020220.12,-,Vps13d,protein_coding,2.3033166190569,3.21212761915217,3.42744086839071
chr9,65913048,65913549,1.1559770125459934,chr9,65906974,66047009,ENSMUSG00000032384.11,+,Csnk1g1,protein_coding,0.6742032162265149,2.484072012577704,2.252217324788937
chr9,36259828,36260329,0.4094253695505892,chr9,36253931,36260323,ENSMUSG00000066767.5,-,Gm3867,lincRNA,2.40914467993249,3.14603445826427,3.20247370714499
chr9,66007544,66008045,0.2954740063616131,chr9,65906974,66047009,ENSMUSG00000032384.11,+,Csnk1g1,protein_coding,5.09219728213121,6.15988259475273,6.25276374638846
chr5,107721445,107721946,1.1905907676273302,chr5,107714657,107728036,ENSMUSG00000029275.13,-,Gfi1,protein_coding,0.83417412690169,1.21611416033745,1.91222087058864
chr2,72206475,72206976,0.6211128953841627,chr2,71979240,72259474,ENSMUSG00000049044.12,+,Rapgef4,protein_coding,2.6643770620442,3.1922996708858,4.10234235212788
chr11,5425070,5425571,0.3795351072361279,chr11,5274324,5446847,ENSMUSG00000041961.10,-,Znrf3,protein_coding,4.18332099461146,5.43285782498577,5.4455286383891
chr12,79190763,79191264,0.5131261852097859,chr12,79172337,79194293,ENSMUSG00000066441.10,-,Rdh11,protein_coding,2.95073534441344,3.6086865844796,4.21482593275074
chr1,172133480,172133981,0.4868815096305851,chr1,172124755,172138493,ENSMUSG00000003464.9,+,Pex19,protein_coding,2.58967490142614,3.51615615923653,3.6325579859971
chr11,80183561,80184062,0.7048253010497258,chr11,80181851,80201757,ENSMUSG00000020707.6,+,Rnf135,protein_coding,2.37179359962346,3.93254307283033,3.87075850966905
chr2,33315200,33315701,0.4670859379377808,chr2,33131417,33373486,ENSMUSG00000038831.12,-,Ralgps1,protein_coding,3.84093609177868,4.83801937699463,5.31319501412691
chr2,3374781,3375282,0.3150979870024358,chr2,3339982,3399210,ENSMUSG00000026645.7,-,Olah,protein_coding,4.91166706063756,4.55381878517664,6.11381344091316
chr13,67375582,67376083,0.9717002755638504,chr13,67343246,67377733,ENSMUSG00000098692.1,-,Gm28041,protein_coding,1.16410866963146,1.85060850486133,2.28937169973588
chr13,67375582,67376083,0.9717002755638504,chr13,67360113,67377810,ENSMUSG00000078995.5,-,Zfp456,protein_coding,1.16410866963146,1.85060850486133,2.28937169973588
chr16,9895543,9896044,0.2924790124508554,chr16,9575710,9996921,ENSMUSG00000059003.8,-,Grin2a,protein_coding,5.70226492717872,6.57626950834653,6.98721536104361
chr5,146732660,146733161,0.2901495259610039,chr5,146732809,146797006,ENSMUSG00000029640.13,-,Usp12,protein_coding,5.35988002434593,7.40243401944534,6.55713108219149
chr8,125133677,125134178,0.2539584208019677,chr8,125052195,125263858,ENSMUSG00000043051.13,+,Disc1,protein_coding,6.050875010063,8.01049109961406,7.21879920350244
chrX,50605469,50605970,1.3517705771303792,chrX,50553744,50637321,ENSMUSG00000085396.3,-,Firre,processed_transcript,0.597617284944494,1.23594210860382,1.5350700414414
chr7,44382495,44382996,0.4937645643143384,chr7,44358043,44387820,ENSMUSG00000008028.11,-,1700008O03Rik,protein_coding,6.15670307093859,8.16911468574503,8.67446907038653
chr7,44382495,44382996,0.4937645643143384,chr7,44382102,44402187,ENSMUSG00000030731.9,+,Syt3,protein_coding,6.15670307093859,8.16911468574503,8.67446907038653
chr13,64263213,64263714,0.399359325966675,chr13,64246700,64270148,ENSMUSG00000097101.2,+,1810034E14Rik,antisense,3.03788786513451,3.13942514217548,4.00970881514434
chr13,64263213,64263714,0.399359325966675,chr13,64190545,64276973,ENSMUSG00000033102.10,-,Cdc14b,protein_coding,3.03788786513451,3.13942514217548,4.00970881514434
chr18,80232846,80233347,0.2993063571418475,chr18,80227758,80249102,ENSMUSG00000078963.2,-,Hsbp1l1,protein_coding,4.00901595316931,4.21674366464832,4.93604418497967
chr4,140724681,140725182,0.3390896724482489,chr4,140698541,140725220,ENSMUSG00000040945.9,+,Rcc2,protein_coding,6.69206855536803,8.34756622014237,8.46935195278013
chr4,98938745,98939246,1.3404780158330971,chr4,98934665,99122915,ENSMUSG00000028556.11,-,Dock7,protein_coding,1.1488779043247124,1.7721195377989443,2.1111673461700864
chr16,93682605,93683106,0.3783694338824411,chr16,93681215,93692990,ENSMUSG00000022947.7,+,Cbr3,protein_coding,5.37233038444894,6.21275712346305,6.98721536104361
chr10,128759442,128759943,0.4310215983573884,chr10,128745879,128768568,ENSMUSG00000064030.10,+,Wibg,protein_coding,3.79113465136663,4.0250734980734,5.11469457773363
chr2,28225728,28226229,0.2606350604703545,chr2,28190992,28232736,ENSMUSG00000026833.14,+,Olfm1,protein_coding,9.61167799952395,11.1961814544111,11.5196419920236
chr7,112100854,112101355,0.5265684661417288,chr7,112021506,112113386,ENSMUSG00000059263.7,+,Usp47,protein_coding,3.1437159260101,3.84001264758727,4.53242663097999
chr4,111900480,111900981,0.5199113426620442,chr4,111873375,111904918,ENSMUSG00000028544.10,-,Slc5a9,protein_coding,2.43404540013851,2.16124636103449,3.49360768052181
chr15,78380708,78381209,0.6045557108825792,chr15,78376400,78397912,ENSMUSG00000062154.9,-,Tex33,protein_coding,3.60437924982148,4.91733117006012,5.48522872566776
chr13,54793931,54794432,0.388465750914943,chr13,54787377,54798776,ENSMUSG00000025875.10,+,Tspan17,protein_coding,5.17312462280078,5.4857323536961,6.77548156222411
chr18,42983312,42983813,0.31949538348615,chr18,42635432,43061471,ENSMUSG00000024500.14,-,Ppp2r2b,protein_coding,3.45497492858536,4.73227031957398,4.31407615094738
chr17,27909598,27910099,0.4748688748371849,chr17,27899122,27911242,ENSMUSG00000024218.8,-,Taf11,protein_coding,6.05710019011451,8.33434758796479,8.42303518428837
chr17,27909598,27910099,0.4748688748371849,chr17,27907340,28064600,ENSMUSG00000024219.11,+,Anks1,protein_coding,6.05710019011451,8.33434758796479,8.42303518428837
chr11,95002659,95003160,0.2664431766769526,chr11,94989035,95008899,ENSMUSG00000038976.8,+,Ppp1r9b,protein_coding,6.1691534310416,7.68663461126333,7.42391632110884
chr7,29434267,29434768,0.3837573040306757,chr7,29318372,29520641,ENSMUSG00000030583.12,-,Sipa1l3,protein_coding,5.78319226784828,7.39582470335654,7.54963326415792
chr9,115946160,115946661,0.2989358668337049,chr9,115907455,116078176,ENSMUSG00000056880.8,+,Gadl1,protein_coding,6.22518005150515,6.83403283580935,7.66211684478078
chr19,46344614,46345115,0.6222135088299396,chr19,46340762,46344870,ENSMUSG00000070127.2,+,Mir146b,miRNA,3.93431379255125,4.98342433094802,6.06087999120828
chr19,46344614,46345115,0.6222135088299396,chr19,46339121,46377252,ENSMUSG00000025227.10,+,Tmem180,protein_coding,3.93431379255125,4.98342433094802,6.06087999120828
chr13,111870082,111870583,0.7072251935450594,chr13,111865936,111876730,ENSMUSG00000086111.1,+,Gm15326,lincRNA,1.26993673050705,1.65232902219762,2.07763790091638
chr2,18709497,18709998,0.9492999807432072,chr2,18697023,18752413,ENSMUSG00000037708.12,+,BC061194,protein_coding,0.64119354530503,1.19628621207108,1.24393606806458
chr11,70029468,70029969,0.3219116207316247,chr11,70015085,70047532,ENSMUSG00000020886.12,+,Dlg4,protein_coding,8.81485495293129,10.125472248027,11.0233909010404
chr19,61021373,61021874,0.2567569797871368,chr19,60887749,61094553,ENSMUSG00000003228.8,+,Grk5,protein_coding,4.49457999718672,5.11561065272383,5.3727451450449
chr2,34531847,34532348,0.3126721366710014,chr2,34404771,34626950,ENSMUSG00000038696.10,+,Mapkap1,protein_coding,4.6004080580623,6.34494344523886,5.71681256812659
chr8,20281102,20281603,0.7649179971690567,chr8,20260613,20299432,ENSMUSG00000071796.9,-,6820431F20Rik,transcribed_unprocessed_pseudogene,1.71814969421542,2.65694506769377,2.92457309619439
chr2,151598030,151598531,0.2540012748695384,chr2,151588549,151634593,ENSMUSG00000027457.11,-,Snph,protein_coding,6.71074409552255,7.54783897339873,8.00618426786247
chr7,67528685,67529186,0.3830325514723551,chr7,67511411,67647268,ENSMUSG00000030556.8,-,Lrrc28,protein_coding,4.18332099461146,4.52077220473269,5.45876200081532
chr7,80397934,80398435,0.4192321272475091,chr7,80386585,80407436,ENSMUSG00000030530.11,-,Furin,protein_coding,5.65246348676667,8.29469169143205,7.56286662658413
chr9,21723327,21723828,0.5140515901102423,chr9,21715616,21725450,ENSMUSG00000097155.1,-,Gm26511,lincRNA,5.04239584171917,6.54983224399136,7.20556584107622
chr9,21723327,21723828,0.5140515901102423,chr9,21721576,21751916,ENSMUSG00000032193.8,+,Ldlr,protein_coding,5.04239584171917,6.54983224399136,7.20556584107622
chr11,60540198,60540699,0.4506554890095611,chr11,60534381,60560512,ENSMUSG00000042650.3,+,Alkbh5,protein_coding,3.3864979480188,4.46128835993357,4.63167684917664
chr5,115299982,115300483,0.2703613318130373,chr5,115295110,115302999,ENSMUSG00000009013.4,-,Dynll1,protein_coding,10.3586996057046,13.4433489245998,12.4989108115638
chr5,115299982,115300483,0.2703613318130373,chr5,115299120,115321208,ENSMUSG00000086368.1,+,Gm13830,processed_transcript,10.3586996057046,13.4433489245998,12.4989108115638
chr5,143690859,143691360,0.3339678356225721,chr5,143620447,143712250,ENSMUSG00000018001.14,+,Cyth3,protein_coding,6.81034697634663,8.31451963969842,8.5884522146161
chrX,75734851,75735352,1.5628352842098847,chrX,75704932,75766699,ENSMUSG00000087396.3,-,4933407K13Rik,processed_transcript,0.504239584171917,1.25577005687019,1.50198663537585
chr9,119510770,119511271,0.2959312384097549,chr9,119481408,119581016,ENSMUSG00000032511.13,-,Scn5a,protein_coding,4.51948071739274,5.42624850889698,5.55139553779885
chr2,166271840,166272341,0.3001439745840719,chr2,166271908,166296831,ENSMUSG00000084840.1,+,Gm11468,lincRNA,9.63657871972997,11.9826900689771,11.8703260963184
chr7,126008722,126009223,0.5131861554413295,chr7,125876419,126084411,ENSMUSG00000046182.7,-,Gsg1l,protein_coding,3.98411523296329,5.94838447991143,5.69034584327415
chr15,38047260,38047761,0.4560603441425699,chr15,37965328,38080853,ENSMUSG00000037487.6,-,Ubr5,protein_coding,2.15391229782078,2.28682336672151,2.95765650225994
chr4,51965998,51966499,0.4312556175748044,chr4,51966094,52053110,ENSMUSG00000085515.1,-,C630028M04Rik,lincRNA,1.1802013282052533,2.5881102070836963,3.3690861632486064
chr14,60026578,60027079,0.2721760427955656,chr14,59645531,60199179,ENSMUSG00000021983.11,-,Atp8a2,protein_coding,2.82000656333183,3.06011334910999,3.40759082475138
chr11,72700691,72701192,0.6069664760863567,chr11,72688006,72774146,ENSMUSG00000020790.10,+,Ankfy1,protein_coding,2.19126337812981,2.76269412511442,3.34142401262029
chr11,81564770,81565271,0.4719131582007567,chr11,80878169,81970457,ENSMUSG00000020704.9,-,Asic2,protein_coding,3.84716127183018,5.57826277893916,5.33966173897935
chr6,128277175,128277676,0.2846791332023947,chr6,128222288,128302823,ENSMUSG00000030353.11,-,Tead4,protein_coding,3.94676415265426,4.44806972775599,4.81032724193059
chr15,85373008,85373509,0.5212308676519757,chr15,85334381,85465836,ENSMUSG00000016541.9,+,Atxn10,protein_coding,2.14146193771777,3.23856488350733,3.07675676409591
chr13,58558149,58558650,0.2737526773165232,chr13,58543399,58612877,ENSMUSG00000021553.9,-,Slc28a3,protein_coding,8.62187437133463,10.1320815641158,10.4278895918605
chr4,141779735,141780236,0.3606392082176013,chr4,141758189,141792931,ENSMUSG00000040697.6,-,Dnajc16,protein_coding,5.01126994146164,6.36477139350523,6.43803082035552
chr3,88435510,88436011,0.2810008441756675,chr3,88433959,88463182,ENSMUSG00000028064.13,-,Sema4a,protein_coding,9.14478949566106,10.2444399376252,11.1160244380239
chr14,52810524,52811025,0.8261107217109152,chr14,52808934,52813495,ENSMUSG00000094792.2,+,Trav10d,TR_V_gene,1.0831813289619,1.57301722913213,1.92545423301486
chr7,4132471,4132972,0.2838180107490207,chr7,4117408,4138706,ENSMUSG00000030428.12,+,Ttyh1,protein_coding,10.6699586082798,12.9278222696742,12.995161902547
chr7,4132471,4132972,0.2838180107490207,chr7,4124340,4138926,ENSMUSG00000085886.1,-,D030047H15Rik,processed_transcript,10.6699586082798,12.9278222696742,12.995161902547
chr9,67036096,67036597,0.2502267747013352,chr9,67020590,67051406,ENSMUSG00000032366.11,-,Tpm1,protein_coding,6.25008077171117,7.13145205980493,7.43714968353506
chr4,116160781,116161282,0.492072835123446,chr4,116159869,116169601,ENSMUSG00000028699.5,-,Tspan1,protein_coding,3.22464326667967,4.96359638268165,4.5390433121931
chr4,116160781,116161282,0.492072835123446,chr4,116121840,116161849,ENSMUSG00000028700.10,+,Pomgnt1,protein_coding,3.22464326667967,4.96359638268165,4.5390433121931
chr17,70801964,70802465,0.395070076573519,chr17,69967073,70823413,ENSMUSG00000003279.12,+,Dlgap1,protein_coding,3.13749074595859,3.64834248101234,4.12880907698031
chr5,150961551,150962052,0.3652782658662069,chr5,150950607,150995809,ENSMUSG00000058488.6,+,Kl,protein_coding,4.53815625754725,5.53199756631763,5.84914619238878
chr16,8596291,8596792,0.5025347739420705,chr16,8511429,8623568,ENSMUSG00000057880.8,+,Abat,protein_coding,3.72888285085158,4.79836348046189,5.28672828927447
chr6,93066146,93066647,0.9805820707467148,chr6,92938369,93274889,ENSMUSG00000097462.3,+,9530026P05Rik,lincRNA,0.734571246077607,0.812945878921229,1.45566986688409
chr10,60279804,60280305,0.3687962461061548,chr10,60275627,60304597,ENSMUSG00000004207.10,+,Psap,protein_coding,7.459317761267017,10.757913006042054,10.533421678219488
chr8,120518714,120519215,0.3949959715542589,chr8,120518615,120523686,ENSMUSG00000097983.1,+,Gm26971,sense_intronic,7.75034916412391,8.51940843845093,10.1963057494017
chr8,120518714,120519215,0.3949959715542589,chr8,120228536,120583390,ENSMUSG00000031822.14,+,Gse1,protein_coding,7.75034916412391,8.51940843845093,10.1963057494017
chr8,120518714,120519215,0.3949959715542589,chr8,119908841,124347722,ENSMUSG00000092329.1,+,Gm20388,protein_coding,7.75034916412391,8.51940843845093,10.1963057494017
chr1,52506163,52506664,0.3254865510506929,chr1,52501234,52506229,ENSMUSG00000097833.1,-,Gm5976,processed_pseudogene,2.28464107890239,2.52475874591796,2.8650229652764
chr1,80731117,80731618,0.4422266008307514,chr1,80726809,80732664,ENSMUSG00000104488.1,-,RP23-328G14.2,TEC,2.4064334304984696,2.5745449932273514,4.797679743604983
chr1,80731117,80731618,0.4422266008307514,chr1,80499073,80760527,ENSMUSG00000038608.11,-,Dock10,protein_coding,2.4064334304984696,2.5745449932273514,4.797679743604983
chr4,114900613,114901114,0.5134560603194167,chr4,114815161,114904859,ENSMUSG00000085323.1,-,9130410C08Rik,antisense,2.04185905689369,2.38596310805336,2.91795641498128
chr8,115330625,115331126,0.4492513500437771,chr8,114437655,115354708,ENSMUSG00000004637.11,+,Wwox,protein_coding,2.44027058019002,2.82217796991353,3.33480733140718
chr6,48405661,48406162,1.070219283231391,chr6,48393586,48421855,ENSMUSG00000042810.10,+,Krba1,protein_coding,0.516689944274927,0.865820407631553,1.09175240016306
chr9,35739999,35740500,0.6896553906469045,chr9,35739049,35744252,ENSMUSG00000091174.1,+,Gm17677,protein_coding,0.85907484710771,1.05749057420648,1.38950305475299
chr5,98470006,98470507,0.3527359514237507,chr5,98327354,98803910,ENSMUSG00000057816.3,+,1700007G11Rik,protein_coding,2.02940869679068,2.51154011374038,2.59373903553892
chr15,12153704,12154205,0.3918907102580781,chr15,12115831,12187683,ENSMUSG00000022201.11,+,Zfr,protein_coding,2.7764303029713,3.66156111318992,3.64579134842332
chr18,37307182,37307683,0.9196201018697732,chr18,37303535,37308791,ENSMUSG00000104264.1,+,RP23-92D17.3,processed_pseudogene,0.815498586747174,1.07070920638406,1.54830340386762
chr18,37307182,37307683,0.9196201018697732,chr18,37305455,37313172,ENSMUSG00000045689.3,+,Pcdhb4,protein_coding,0.815498586747174,1.07070920638406,1.54830340386762
chr18,37307182,37307683,0.9196201018697732,chr18,36950741,37842200,ENSMUSG00000103458.1,+,PCDHA4,protein_coding,0.815498586747174,1.07070920638406,1.54830340386762
chr18,37307182,37307683,0.9196201018697732,chr18,36967916,37835296,ENSMUSG00000102836.1,+,RP23-407E2.5,protein_coding,0.815498586747174,1.07070920638406,1.54830340386762
chr18,37307182,37307683,0.9196201018697732,chr18,36973941,37835296,ENSMUSG00000103125.1,+,RP23-407E2.6,protein_coding,0.815498586747174,1.07070920638406,1.54830340386762
chr18,37294541,37295042,1.2209802801374785,chr18,37292812,37299624,ENSMUSG00000051599.4,+,Pcdhb2,protein_coding,0.603842464995999,1.07070920638406,1.41596977960543
chr18,37294541,37295042,1.2209802801374785,chr18,36950741,37842200,ENSMUSG00000103458.1,+,PCDHA4,protein_coding,0.603842464995999,1.07070920638406,1.41596977960543
chr18,37294541,37295042,1.2209802801374785,chr18,36967916,37835296,ENSMUSG00000102836.1,+,RP23-407E2.5,protein_coding,0.603842464995999,1.07070920638406,1.41596977960543
chr18,37294541,37295042,1.2209802801374785,chr18,36973941,37835296,ENSMUSG00000103125.1,+,RP23-407E2.6,protein_coding,0.603842464995999,1.07070920638406,1.41596977960543
chr9,62765299,62765800,0.2798397422131362,chr9,62675826,62785982,ENSMUSG00000032243.8,+,Itga11,protein_coding,7.41418944134263,8.90935808768957,9.005303131042
chr5,117443879,117444380,0.3075880405404381,chr5,117412000,117777003,ENSMUSG00000061578.8,+,Ksr2,protein_coding,7.24610957995199,9.10763757035328,8.97221972497645
chr11,79082840,79083341,0.2892055418279367,chr11,79011440,79148407,ENSMUSG00000018334.12,-,Ksr1,protein_coding,10.4894283867862,13.5755352463756,12.8231281910062
chr4,124276558,124277059,0.3818221147248908,chr4,124275777,124281177,ENSMUSG00000103541.1,-,RP23-62L9.4,TEC,6.76054553593459,7.52801102513235,8.81341937586183
chr6,29755905,29756406,0.2785313026996371,chr6,29733694,29763365,ENSMUSG00000001761.6,+,Smo,protein_coding,4.87431598032853,5.87568200293474,5.91531300451987
chr6,126740388,126740889,0.7698821726469469,chr6,126706329,126742674,ENSMUSG00000038077.7,-,Kcna6,protein_coding,2.07298495715121,4.15065050376042,3.53992444901357
chr6,126740388,126740889,0.7698821726469469,chr6,126716684,126743601,ENSMUSG00000097596.1,+,Gm26673,lincRNA,2.07298495715121,4.15065050376042,3.53992444901357
chr13,41422406,41422907,0.5477640279350682,chr13,41307916,41489320,ENSMUSG00000021365.10,-,Nedd9,protein_coding,1.94848135612111,2.57763327462829,2.85178960285019
chr17,67013226,67013727,0.398583809903162,chr17,66664848,67356459,ENSMUSG00000033278.9,-,Ptprm,protein_coding,3.48610082884288,3.85984059585364,4.59859344311109
chr7,134725449,134725950,0.4591784047476884,chr7,134668687,135175639,ENSMUSG00000058325.5,+,Dock1,protein_coding,2.83245692343484,4.24979024509228,3.89722523452148
chr9,109552408,109552909,0.3244642089451578,chr9,109550602,109570262,ENSMUSG00000074060.6,-,Fbxw15,protein_coding,3.76000875110911,4.55381878517664,4.71107702373395
chr7,89681899,89682400,0.3187434231173749,chr7,89630392,89856359,ENSMUSG00000030621.13,+,Me3,protein_coding,4.18332099461146,5.09578270445746,5.22056147714338
chr5,140061277,140061778,0.5668495874237839,chr5,140006689,140323552,ENSMUSG00000029554.11,-,Mad1l1,protein_coding,3.16861664621612,4.78514484828431,4.69784366130773
chr19,16147402,16147903,0.3292663294253878,chr19,16130831,16389463,ENSMUSG00000024639.5,+,Gnaq,protein_coding,4.53193107749575,4.46789767602236,5.69696252448726
chr4,151263524,151264025,0.6712230028775312,chr4,150915322,151863876,ENSMUSG00000014592.15,-,Camta1,protein_coding,2.415369859984,3.47650026270379,3.85090846602972
chr5,132029564,132030065,0.2863109069624691,chr5,131435333,132545344,ENSMUSG00000029673.13,-,Auts2,protein_coding,5.26027714352185,6.28545960043974,6.41818077671619
chr5,121904778,121905279,0.9179494977075422,chr5,121856387,122052102,ENSMUSG00000042589.14,-,Cux2,protein_coding,1.48159285225823,2.59746122289466,2.80547283435842
chr1,127231455,127231956,0.6257432764773525,chr1,127203015,127490336,ENSMUSG00000036155.9,+,Mgat5,protein_coding,1.6870237939579,1.57962654522092,2.60697239796513
chr8,116657320,116657821,0.3524892045977371,chr8,116566724,116734991,ENSMUSG00000031758.9,-,Cdyl2,protein_coding,3.05033822523752,2.74286617684805,3.89722523452148
chr13,68830007,68830508,0.4826635710810882,chr13,68618043,69001541,ENSMUSG00000021536.7,-,Adcy2,protein_coding,3.29312024724622,3.64834248101234,4.6052101243242
chr2,164425124,164425625,0.599947275600015,chr2,164422247,164445887,ENSMUSG00000017009.3,-,Sdc4,protein_coding,2.11033603746024,2.68999164813772,3.20247370714499
chr16,41764244,41764745,0.369024820087007,chr16,39982361,42183679,ENSMUSG00000061080.7,+,Lsamp,protein_coding,2.96941088456796,3.13281582608669,3.8376751036035
chr12,107928595,107929096,0.4843547578770495,chr12,107908403,108005602,ENSMUSG00000048251.11,-,Bcl11b,protein_coding,3.47365046873987,4.38858588295688,4.86326069163547
chr17,13681070,13681571,0.3681257405117589,chr17,13673662,13685516,ENSMUSG00000085705.1,-,Gm16046,processed_transcript,4.05259221352985,5.1354386009902,5.2337948395696
chr17,13681070,13681571,0.3681257405117589,chr17,13480553,13763825,ENSMUSG00000038347.10,-,Tcte2,protein_coding,4.05259221352985,5.1354386009902,5.2337948395696
chr7,49451243,49451744,0.495410339508689,chr7,48906716,49612090,ENSMUSG00000052512.11,+,Nav2,protein_coding,3.78490947131513,4.70583305521882,5.33966173897935
chr16,13565227,13565728,0.4650176955139066,chr16,13535964,13670170,ENSMUSG00000022685.8,-,Parn,protein_coding,2.7826554830228,3.95237102109671,3.84429178481661
chr11,6178486,6178987,0.3391284451076882,chr11,6103691,6202415,ENSMUSG00000053838.10,-,Nudcd3,protein_coding,7.76902470427842,8.54584570280609,9.83238828268069
chr11,76439619,76440120,0.2605619836361062,chr11,76414734,76624314,ENSMUSG00000017631.14,-,Abr,protein_coding,11.4232053945119,12.8485104766087,13.6899134299235
chr15,62359651,62360152,0.5010913570724017,chr15,62035986,62380096,ENSMUSG00000097039.4,+,Pvt1,lincRNA,1.55006983282478,2.30004199889909,2.19673816275235
chr10,4113199,4113700,0.5605668953134857,chr10,3971118,4169081,ENSMUSG00000040675.13,+,Mthfd1l,protein_coding,1.24503601030103,2.06210661970263,1.83943737724444
chr6,92850115,92850616,0.4013127237632694,chr6,92770699,92945492,ENSMUSG00000030022.10,-,Adamts9,protein_coding,3.32424614750375,4.12421323940526,4.39347632550469
chr2,120211473,120211974,0.310220475558819,chr2,120164412,120247335,ENSMUSG00000050211.10,-,Pla2g4e,protein_coding,3.8720619920362,4.0250734980734,4.80371056071748
chr8,115159882,115160383,0.2739103988941082,chr8,114437655,115354708,ENSMUSG00000004637.11,+,Wwox,protein_coding,4.68756057878338,5.11561065272383,5.67049579963482
chr2,31597458,31597959,0.4799851582492852,chr2,31570651,31619526,ENSMUSG00000026843.11,+,Fubp3,protein_coding,5.01126994146164,6.06735216950966,6.99383204225672
chr2,166828237,166828738,0.4775524173847342,chr2,166803588,166900052,ENSMUSG00000074582.6,+,Arfgef2,protein_coding,4.34517567595059,5.23457834232206,6.05426330999517
chr19,36926580,36927081,0.3761735637542042,chr19,36924079,37014752,ENSMUSG00000040565.7,+,Btaf1,protein_coding,3.92808861249975,4.70583305521882,5.10146121530741
chr9,29772867,29773368,0.2937610200153521,chr9,28992750,29965141,ENSMUSG00000059974.6,-,Ntm,protein_coding,3.19351736642214,4.0977759750501,3.91707527816081
chr1,93083855,93084356,0.2875218829712201,chr1,93013464,93103951,ENSMUSG00000014602.11,-,Kif1a,protein_coding,6.06332537016601,6.80759557145419,7.40406627746951
chr15,80530783,80531284,0.3047869738983108,chr15,80450240,80562470,ENSMUSG00000050439.6,-,Enthd1,protein_coding,6.54266423413191,7.18432658851525,8.08558444241978
chr6,128516398,128516899,0.4562791829811979,chr6,128481567,128528720,ENSMUSG00000030359.10,-,Pzp,protein_coding,1.27616191055856,1.6655476543752,1.75342052147401
chrX,50616956,50617457,1.3905663422992731,chrX,50553744,50637321,ENSMUSG00000085396.3,-,Firre,processed_transcript,0.473113683914391,1.16323963162712,1.25055274927769
chr12,103670250,103670751,0.4143075909303353,chr12,103666808,103678139,ENSMUSG00000071179.4,-,Gm46,protein_coding,4.40120229641414,6.10039874995361,5.86899623602811
chr16,32454006,32454507,0.287019546679416,chr16,32428921,32477070,ENSMUSG00000005615.10,+,Pcyt1a,protein_coding,4.06504257363286,4.73887963566277,4.96251090983211
chr6,135986557,135987058,0.3727393453273988,chr6,135711232,136175511,ENSMUSG00000030209.10,-,Grin2b,protein_coding,2.86980800374387,3.6813890614563,3.71857484176753
chr5,28466614,28467115,0.504392720162653,chr5,28454815,28469101,ENSMUSG00000002633.3,-,Shh,protein_coding,2.40914467993249,2.88827113080144,3.4208241871776
chr5,28466614,28467115,0.504392720162653,chr5,28464374,28482973,ENSMUSG00000097453.1,+,Gm26894,lincRNA,2.40914467993249,2.88827113080144,3.4208241871776
chr5,28466614,28467115,0.504392720162653,chr5,28456274,28935995,ENSMUSG00000097726.3,+,9530036O11Rik,lincRNA,2.40914467993249,2.88827113080144,3.4208241871776
chr5,147354103,147354604,0.3722490190168462,chr5,147328741,147402489,ENSMUSG00000042817.13,-,Flt3,protein_coding,6.01352392975397,7.07196821500581,7.78783378782986
chr15,9132658,9133159,0.3785460566666169,chr15,9109985,9157425,ENSMUSG00000054115.7,-,Skp2,protein_coding,2.63947634183818,3.35092325701677,3.43405754960382
chrX,50617466,50617967,1.4411342292779272,chrX,50553744,50637321,ENSMUSG00000085396.3,-,Firre,processed_transcript,0.385961163193319,0.786508614566067,1.05866899409752
chr5,149748240,149748741,0.4995134219668332,chr5,149676230,149764599,ENSMUSG00000051950.8,+,B3glct,protein_coding,2.96941088456796,4.19691571638195,4.20159257032452
chr18,84084952,84085453,1.1734704977730794,chr18,84009627,84088404,ENSMUSG00000046982.10,-,Tshz1,protein_coding,1.05828060875588,1.77129671179585,2.39523859914563
chr2,19283676,19284177,0.4122514136293526,chr2,19197302,19312241,ENSMUSG00000037683.10,+,Armc3,protein_coding,2.5336482809626,2.44544695285248,3.37450741868583
chr5,121892165,121892666,0.6174705407867305,chr5,121856387,122052102,ENSMUSG00000042589.14,-,Cux2,protein_coding,2.54609864106561,4.19691571638195,3.9104585969477
chr15,101008507,101009008,0.2848555062286515,chr15,100868683,101047929,ENSMUSG00000023033.10,+,Scn8a,protein_coding,5.93882176913591,7.19093590460404,7.23864924714177
chr6,93970404,93970905,0.6620129879492672,chr6,93673455,94285322,ENSMUSG00000045095.12,-,Magi1,protein_coding,1.43179141184618,1.65893833828641,2.26952165609655
chr8,22012062,22012563,1.02190893303565,chr8,21990785,22062305,ENSMUSG00000006567.7,-,Atp7b,protein_coding,0.554041024583958,0.951741516785829,1.13145248744172
chr11,66273808,66274309,0.4401029678295918,chr11,66166035,66303237,ENSMUSG00000084967.1,+,Gm12296,processed_transcript,4.91789224068907,6.35816207741644,6.67623134402746
chr11,66273808,66274309,0.4401029678295918,chr11,66209725,66527964,ENSMUSG00000053930.9,-,Shisa6,protein_coding,4.91789224068907,6.35816207741644,6.67623134402746
chr6,134207164,134207665,0.543066253668125,chr6,134033700,134272158,ENSMUSG00000030199.12,+,Etv6,protein_coding,1.6870237939579,2.11498114841295,2.46140541127673
chr11,3963460,3963961,0.4515272024304185,chr11,3935541,3978778,ENSMUSG00000034493.1,-,4930556J24Rik,protein_coding,5.45948290517001,7.68002529517454,7.4702330896006
chr11,3963460,3963961,0.4515272024304185,chr11,3961975,3982004,ENSMUSG00000020430.8,+,Pes1,protein_coding,5.45948290517001,7.68002529517454,7.4702330896006
chr5,110520895,110521396,0.2664474447087341,chr5,110512923,110527980,ENSMUSG00000048215.10,+,A630023P12Rik,lincRNA,7.48889160196069,9.59011764483498,9.01191981225511
chr11,75540666,75541167,0.3763716854322799,chr11,75529694,75579575,ENSMUSG00000038178.12,+,Slc43a2,protein_coding,7.7441239840724,9.69586670225563,10.0573554439264
chr16,29605551,29606052,0.3910594870796308,chr16,29577334,29656884,ENSMUSG00000038084.12,+,Opa1,protein_coding,3.63550515007901,4.25639956118107,4.77062715465193
chr11,100512356,100512857,0.6302903211404431,chr11,100474353,100530000,ENSMUSG00000020917.13,-,Acly,protein_coding,3.01921232498,4.26300887726986,4.6779936176684
chr12,57241711,57242212,0.3252943889979974,chr12,57228412,57241882,ENSMUSG00000079104.4,+,Prps1l3,protein_coding,0.6132892505851334,0.7381632434512803,1.241530008539706
chr12,57241711,57242212,0.3252943889979974,chr12,57228427,57499199,ENSMUSG00000047022.14,+,Mipol1,protein_coding,0.6132892505851334,0.7381632434512803,1.241530008539706
chrX,50619929,50620430,1.3936004023889066,chrX,50553744,50637321,ENSMUSG00000085396.3,-,Firre,processed_transcript,0.678544625614061,1.56640791304334,1.79312060875267
chr2,179977357,179977858,0.7051483940905574,chr2,179973993,179981013,ENSMUSG00000085704.1,+,4921531C22Rik,processed_transcript,1.98583243643014,3.13942514217548,3.24217379442364
chr2,179977357,179977858,0.7051483940905574,chr2,179910146,179978646,ENSMUSG00000039117.12,-,Taf4a,protein_coding,1.98583243643014,3.13942514217548,3.24217379442364
chr9,68866364,68866865,0.3148713827206225,chr9,68651786,69390246,ENSMUSG00000032238.13,+,Rora,protein_coding,5.13577354249175,6.15988259475273,6.39171405186376
chr5,140799475,140799976,0.4985217114354471,chr5,140756408,140832431,ENSMUSG00000000149.6,-,Gna12,protein_coding,5.03617066166766,6.49034839919225,7.1195489853058
chr11,50770983,50771484,0.3537773400006747,chr11,50600084,50809573,ENSMUSG00000036545.8,+,Adamts2,protein_coding,3.67908141043954,4.58686536562059,4.70446034252084
chr4,100350028,100350529,0.4465243880215206,chr4,100093791,100446765,ENSMUSG00000035305.5,+,Ror1,protein_coding,2.81378138328033,3.85984059585364,3.8376751036035
chr8,11414167,11414668,0.2868771866343502,chr8,11310805,11451287,ENSMUSG00000031503.9,+,Col4a2,protein_coding,8.14253550736873,9.6496014896341,9.93825518209044
chr8,11414167,11414668,0.2868771866343502,chr8,11397186,11419892,ENSMUSG00000084783.1,-,Gm15419,antisense,8.14253550736873,9.6496014896341,9.93825518209044
chr11,72853049,72853550,1.3700511312164447,chr11,72794226,72929120,ENSMUSG00000055670.9,+,Zzef1,protein_coding,0.64119354530503,1.21611416033745,1.66740366570359
chr1,191183296,191183797,0.6489242609235937,chr1,191168296,191220039,ENSMUSG00000026628.9,-,Atf3,protein_coding,1.91735545586359,2.72964754467047,3.01058995196481
chr4,114410917,114411418,0.3069921351925794,chr4,114404724,114617098,ENSMUSG00000070867.4,+,Trabd2b,protein_coding,4.42610301662016,4.85123800917221,5.47861204445465
chr11,102166296,102166797,0.6195965000779988,chr11,102160497,102187296,ENSMUSG00000020922.7,-,Lsm12,protein_coding,3.91563825239674,4.30927408989139,6.02117990392963
chr11,71771073,71771574,0.3813064338456893,chr11,71747920,71791647,ENSMUSG00000020811.12,+,Wscd1,protein_coding,6.05710019011451,7.48835512859961,7.89370068723961
chr2,128423210,128423711,0.316053871409474,chr2,128421654,128426565,ENSMUSG00000079053.3,+,Gm14010,lincRNA,4.56305697775327,4.21674366464832,5.68372916206104
chr2,128423210,128423711,0.316053871409474,chr2,128193993,128431349,ENSMUSG00000074813.8,-,Gm14005,processed_transcript,4.56305697775327,4.21674366464832,5.68372916206104
chr1,179377525,179378026,0.5852085816134647,chr1,178949960,179520041,ENSMUSG00000055067.11,-,Smyd3,protein_coding,1.76172595457596,2.05549730361384,2.64667248524379
chr12,109057353,109057854,0.8615249630509776,chr12,109030187,109070217,ENSMUSG00000040867.11,-,Begain,protein_coding,1.66834825380338,2.94114565951176,3.03705667681725
chr12,109057353,109057854,0.8615249630509776,chr12,109030984,109070167,ENSMUSG00000102226.1,-,BEGAIN,protein_coding,1.66834825380338,2.94114565951176,3.03705667681725
chr2,35087346,35087847,0.3373045213250347,chr2,35082046,35103543,ENSMUSG00000035875.10,-,AI182371,protein_coding,4.76848791945294,6.68201856576717,6.02779658514274
chr11,99333357,99333858,0.3685005825834704,chr11,99326550,99339966,ENSMUSG00000075570.2,-,Krt26,protein_coding,4.7124612989894,6.20614780737426,6.08734671606072
chr8,120289656,120290157,0.417438339127135,chr8,120228536,120583390,ENSMUSG00000031822.14,+,Gse1,protein_coding,4.91166706063756,7.2173731689592,6.5637477634046
chr8,120289656,120290157,0.417438339127135,chr8,119908841,124347722,ENSMUSG00000092329.1,+,Gm20388,protein_coding,4.91166706063756,7.2173731689592,6.5637477634046
chr4,150495601,150496102,0.3418346750118643,chr4,150279646,150623966,ENSMUSG00000039852.12,+,Rere,protein_coding,4.48212963708371,6.29867823261733,5.68372916206104
chr15,75679779,75680280,0.3312335150671371,chr15,75655035,75680800,ENSMUSG00000000934.8,-,Top1mt,protein_coding,6.31855775227772,7.75272777215123,7.95325081815759
chr8,115221998,115222499,1.261995005895363,chr8,114437655,115354708,ENSMUSG00000004637.11,+,Wwox,protein_coding,0.429537423553855,0.912085620253086,1.03881895045819
chr2,170508754,170509255,0.5265034217684016,chr2,170494428,170521123,ENSMUSG00000052033.9,+,Pfdn4,protein_coding,4.82451453991649,5.6906211524486,6.95413195497806
chr2,170508754,170509255,0.5265034217684016,chr2,170497357,170513927,ENSMUSG00000085495.1,-,Gm16796,antisense,4.82451453991649,5.6906211524486,6.95413195497806
chr2,33119313,33119814,0.6839033087959973,chr2,32984224,33133654,ENSMUSG00000038860.11,-,Garnl3,protein_coding,1.8177525750395,2.3595258436982,2.92457309619439
chr18,75177365,75177866,0.9758519188343177,chr18,75016772,75288966,ENSMUSG00000035765.9,+,Dym,protein_coding,0.578941744789979,1.387956378646,1.14468584986794
chr6,80077929,80078430,0.3617907979117045,chr6,80016877,80812143,ENSMUSG00000052581.9,+,Lrrtm4,protein_coding,1.4504669520007,2.2934326828103,1.86590410209687
chr17,46960201,46960702,0.9511758034504462,chr17,46926292,47012532,ENSMUSG00000023977.10,-,Ubr2,protein_coding,1.13298276937394,1.77790602788464,2.19673816275235
chr2,179598237,179598738,0.7478415872265204,chr2,179440431,179901373,ENSMUSG00000000305.8,+,Cdh4,protein_coding,1.07695614891039,1.85721782095012,1.812970652392
chr9,72860719,72861220,0.2844970043902112,chr9,72804874,72919291,ENSMUSG00000036030.9,+,Prtg,protein_coding,5.14199872254325,6.64897198532322,6.26599710881468
chr5,124503746,124504247,0.5460265885360508,chr5,124491082,124533391,ENSMUSG00000029392.8,-,Rilpl1,protein_coding,4.51948071739274,6.40442729003797,6.60344785068326
chr6,38354578,38355079,0.8490199730734118,chr6,38303286,38356603,ENSMUSG00000029826.10,-,Zc3hav1,protein_coding,1.44424177194919,1.61928244175367,2.60697239796513
chr11,96742947,96743448,0.5574672530944518,chr11,96710982,96749436,ENSMUSG00000097289.1,-,2010300F17Rik,lincRNA,3.08146412549505,4.31588340598018,4.5390433121931
chr11,96742947,96743448,0.5574672530944518,chr11,96462593,96761130,ENSMUSG00000057058.12,+,Skap1,protein_coding,3.08146412549505,4.31588340598018,4.5390433121931
chr11,44631881,44632382,0.846489175159432,chr11,44615317,45010091,ENSMUSG00000057098.10,+,Ebf1,protein_coding,1.1694706390182414,1.3742407630244178,2.8760644042206382
chr8,119020805,119021306,0.2524935280272231,chr8,118281733,119326921,ENSMUSG00000031841.14,+,Cdh13,protein_coding,3.84716127183018,5.15526654925657,4.58536008068487
chr11,54540284,54540785,0.4268551756769654,chr11,54520847,54701285,ENSMUSG00000037533.13,+,Rapgef6,protein_coding,3.37404758791579,4.62652126215333,4.5390433121931
chr12,73107850,73108351,0.5138946361066183,chr12,73097609,73115456,ENSMUSG00000034460.9,-,Six4,protein_coding,1.5687453729793,1.97618551054835,2.24305493124411
chr2,72713583,72714084,0.6039800375016162,chr2,72701510,72731468,ENSMUSG00000085252.1,+,8430437L04Rik,lincRNA,1.87377919550305,2.3595258436982,2.85178960285019
chr14,32142867,32143368,0.2574222761055392,chr14,32140026,32160370,ENSMUSG00000021907.8,+,Msmb,protein_coding,5.9201462289814,5.53199756631763,7.07984889802714
chr2,163661431,163661932,0.4561037437786036,chr2,163656386,163728158,ENSMUSG00000035268.10,+,Pkig,protein_coding,4.61285841816531,5.53860688240642,6.33216392094577
chr11,95494342,95494843,0.4260701525468127,chr11,95412080,95495406,ENSMUSG00000057522.11,+,Spop,protein_coding,3.64173033013051,4.83141006090584,4.89634409770101
chr8,78630724,78631225,0.2509960069461061,chr8,78507335,78736005,ENSMUSG00000031684.10,+,Slc10a7,protein_coding,2.63947634183818,2.71642891249289,3.142923576227
chr4,141949301,141949802,0.5106584941273152,chr4,141888438,142017082,ENSMUSG00000051435.7,-,Fhad1,protein_coding,3.0254375050315,4.22335298073712,4.31407615094738
chr6,30662382,30662883,0.2979580277659836,chr6,30651457,30695749,ENSMUSG00000029790.12,-,Cep41,protein_coding,3.12504038585558,3.30465804439524,3.84429178481661
chr10,82814246,82814747,0.5059986292456421,chr10,82810123,82826242,ENSMUSG00000056821.9,+,1700028I16Rik,lincRNA,3.23086844673117,4.35553930251293,4.59197676189798
chrX,7581090,7581591,0.4407517037444947,chrX,7571600,7583015,ENSMUSG00000039545.11,+,Ppp1r3fos,antisense,2.03563387684218,2.51154011374038,2.76577274707976
chrX,7581090,7581591,0.4407517037444947,chrX,7577676,7597243,ENSMUSG00000039521.8,+,Foxp3,protein_coding,2.03563387684218,2.51154011374038,2.76577274707976
chrX,7581090,7581591,0.4407517037444947,chrX,7556602,7607381,ENSMUSG00000103436.1,-,RP23-135F22.6,processed_transcript,2.03563387684218,2.51154011374038,2.76577274707976
chr3,95193881,95194382,0.3364105722523677,chr3,95179766,95219916,ENSMUSG00000038766.12,-,Gabpb2,protein_coding,2.86980800374387,3.25178351568492,3.62594130478399
chr9,36435315,36435816,0.5541398081956215,chr9,36429884,36436938,ENSMUSG00000023093.7,+,Gm7257,protein_coding,1.5749705530308,2.41240037240852,2.31583842458832
chr6,57278895,57279396,0.2637479143549541,chr6,57276022,57280379,ENSMUSG00000093520.1,+,Vmn1r-ps9,unprocessed_pseudogene,3.29934542729773,3.09976924564273,3.96339204665258
chr11,60292679,60293180,0.6166678237059431,chr11,60224714,60354905,ENSMUSG00000000538.14,-,Tom1l2,protein_coding,2.56477418122012,3.1922996708858,3.93692532180014
chr4,77522769,77523270,0.288637146771078,chr4,75939238,78213961,ENSMUSG00000028399.13,-,Ptprd,protein_coding,1.5749705530308,1.79112466006222,1.92545423301486
chr9,98388506,98389007,0.5698331632309107,chr9,98285435,98422438,ENSMUSG00000032456.9,+,Nmnat3,protein_coding,1.65589789370037,2.46527490111885,2.46140541127673
chr6,114022093,114022594,0.2745828272637219,chr6,113743669,114044613,ENSMUSG00000030302.12,-,Atp2b2,protein_coding,6.46796207351385,6.85386078407573,7.82753387510851
chr6,114022093,114022594,0.2745828272637219,chr6,114002789,114054108,ENSMUSG00000087083.1,+,Gm15083,lincRNA,6.46796207351385,6.85386078407573,7.82753387510851
chr5,125179837,125180338,0.4992089482352936,chr5,125015153,125181219,ENSMUSG00000029478.12,-,Ncor2,protein_coding,4.72491165909241,6.25902233608458,6.68284802524057
chr1,190416743,190417244,0.7609964499860401,chr1,190401645,190419145,ENSMUSG00000103644.1,+,RP24-240P15.1,lincRNA,1.46914249215521,1.98940414272593,2.49448881734227
chr18,37442111,37442612,1.292428725933452,chr18,37440500,37448209,ENSMUSG00000047307.2,+,Pcdhb13,protein_coding,0.585166924841484,0.9715694650522,1.44243650445787
chr18,37442111,37442612,1.292428725933452,chr18,36950741,37842200,ENSMUSG00000103458.1,+,PCDHA4,protein_coding,0.585166924841484,0.9715694650522,1.44243650445787
chr18,37442111,37442612,1.292428725933452,chr18,36967916,37835296,ENSMUSG00000102836.1,+,RP23-407E2.5,protein_coding,0.585166924841484,0.9715694650522,1.44243650445787
chr18,37442111,37442612,1.292428725933452,chr18,36973941,37835296,ENSMUSG00000103125.1,+,RP23-407E2.6,protein_coding,0.585166924841484,0.9715694650522,1.44243650445787
chr5,34197169,34197670,0.2916237602432024,chr5,34192874,34290449,ENSMUSG00000037224.11,-,Zfyve28,protein_coding,4.37630157620812,5.78976089378046,5.35951178261868
chr5,134401799,134402300,0.2556918671208995,chr5,134355669,134458716,ENSMUSG00000023079.10,-,Gtf2ird1,protein_coding,7.4951167820122,8.98206056466626,8.95236968133712
chr14,52012026,52012527,0.307997636658466,chr14,52004077,52022733,ENSMUSG00000049295.12,-,Zfp219,protein_coding,2.70795332240474,3.23856488350733,3.35465737504651
chr16,42017166,42017667,0.2693892963087481,chr16,39982361,42183679,ENSMUSG00000061080.7,+,Lsamp,protein_coding,4.39497711636263,4.87106595743858,5.29996165170069
chr10,82689610,82690111,0.2726441413490735,chr10,82648433,82692650,ENSMUSG00000020251.9,-,Glt8d2,protein_coding,7.94955492577207,9.8544902883866,9.60742112143496
chr4,150338869,150339370,0.2671314870854673,chr4,150279646,150623966,ENSMUSG00000039852.12,+,Rere,protein_coding,5.62756276656065,6.45069250265951,6.77548156222411
chr4,111719726,111720227,0.4658425067004768,chr4,111717984,111831184,ENSMUSG00000034401.12,+,Spata6,protein_coding,4.14596991430243,5.16187586534536,5.73004593055281
chr1,189217568,189218069,0.3300984123312465,chr1,189205930,189404273,ENSMUSG00000037624.11,-,Kcnk2,protein_coding,3.46120010863686,3.71443564190025,4.35377623822604
chr17,24495407,24495908,0.4532978461674025,chr17,24486783,24510905,ENSMUSG00000033597.8,+,Caskin1,protein_coding,7.09048007866436,9.84127165620902,9.71328802084471
chr5,136517465,136517966,0.8671881678272679,chr5,136246135,136569490,ENSMUSG00000029705.13,-,Cux1,protein_coding,1.07073096885889,1.62589175784246,1.95853763908041
chr8,3693336,3693837,0.3273242893356955,chr8,3679737,3696174,ENSMUSG00000005540.9,-,Fcer2a,protein_coding,4.08994329383888,4.45467904384478,5.13454462137296
chr4,154438535,154439036,0.4974387070364936,chr4,154314125,154638873,ENSMUSG00000039410.12,-,Prdm16,protein_coding,4.40742747646564,5.75671431333651,6.22629702153602
chr5,131268966,131269467,0.2564953920126938,chr5,130870082,131310078,ENSMUSG00000034040.12,-,Wbscr17,protein_coding,6.45551171341084,6.83403283580935,7.71505029448565
chr19,58536630,58537131,0.4660088979169566,chr19,58510002,58555085,ENSMUSG00000025090.8,+,Ccdc172,protein_coding,2.2970914390054,3.9589803371855,3.17600698229255
chr5,141988563,141989064,0.8661409000793034,chr5,141239490,142217586,ENSMUSG00000039683.12,+,Sdk1,protein_coding,0.715895705923092,1.05088125811769,1.31010288019568
chr8,120572497,120572998,0.3244424516283598,chr8,120228536,120583390,ENSMUSG00000031822.14,+,Gse1,protein_coding,5.78319226784828,7.05874958282823,7.24526592835488
chr8,120572497,120572998,0.3244424516283598,chr8,119908841,124347722,ENSMUSG00000092329.1,+,Gm20388,protein_coding,5.78319226784828,7.05874958282823,7.24526592835488
chr7,37648144,37648645,0.5905181618482068,chr7,37470135,37775641,ENSMUSG00000043456.12,-,Zfp536,protein_coding,2.02318351673917,2.67677301596014,3.05029003924347
chr6,121209805,121210306,1.1149780110853338,chr6,121208734,121228854,ENSMUSG00000030137.7,+,Tuba8,protein_coding,0.64119354530503,1.07731852247285,1.3961197359661
chr4,140821937,140822438,0.8960857966599413,chr4,140810983,140847778,ENSMUSG00000025329.3,-,Padi1,protein_coding,2.07298495715121,2.59085190680587,3.86414182845594
chr3,98223701,98224202,0.3607657378896199,chr3,98220156,98238748,ENSMUSG00000027876.4,+,Reg4,protein_coding,2.47139648044754,2.82878728600232,3.17600698229255
chr10,105292921,105293422,0.4571428711280562,chr10,105185663,105576451,ENSMUSG00000036019.8,-,Tmtc2,protein_coding,1.40066551158866,1.5267520165106,1.92545423301486
chr1,34709105,34709606,0.3786024460836888,chr1,34676188,34815309,ENSMUSG00000037509.14,+,Arhgef4,protein_coding,3.05656340528903,3.72765427407783,3.9766254090788
chrX,50572615,50573116,1.2770997608820052,chrX,50553744,50637321,ENSMUSG00000085396.3,-,Firre,processed_transcript,0.547815844532453,1.48048680388907,1.33656960504811
chr11,75184165,75184666,0.3977906690671855,chr11,75175643,75193241,ENSMUSG00000078789.5,-,Dph1,protein_coding,6.19405415124762,8.08980289267955,8.1649846169771
chr19,5804476,5804977,0.3234826406236543,chr19,5793690,5804672,ENSMUSG00000092341.2,-,Malat1,lincRNA,6.19405415124762,7.22398248504799,7.75475038176431
chr15,102587399,102587900,0.3652609604132863,chr15,102521843,102627067,ENSMUSG00000052414.9,-,Gm28047,protein_coding,2.92583462420742,3.56903068794686,3.7715082914724
chr15,102587399,102587900,0.3652609604132863,chr15,102523946,102627464,ENSMUSG00000099083.3,-,Atf7,protein_coding,2.92583462420742,3.56903068794686,3.7715082914724
chr2,18698550,18699051,0.894030850247813,chr2,18692032,18701037,ENSMUSG00000087182.3,+,Gm13334,protein_coding,1.55629501287629,2.76269412511442,2.89810637134195
chr2,18698550,18699051,0.894030850247813,chr2,18697023,18752413,ENSMUSG00000037708.12,+,BC061194,protein_coding,1.55629501287629,2.76269412511442,2.89810637134195
chr18,61993072,61993573,0.3841400731398404,chr18,61951075,62017715,ENSMUSG00000045629.7,+,Sh3tc2,protein_coding,3.07523894544354,3.70121700972267,4.01632549635745
chr13,12083720,12084221,0.3166312738787299,chr13,11551103,12108945,ENSMUSG00000021313.11,-,Ryr2,protein_coding,3.79113465136663,4.50755357255511,4.72431038616017
chr8,70934778,70935279,0.5676298021639554,chr8,70929405,70935037,ENSMUSG00000074252.2,+,Gm10654,protein_coding,3.63550515007901,4.46789767602236,5.39259518868423
chr12,56695357,56695858,0.5025347739420705,chr12,56689767,56714822,ENSMUSG00000001497.14,+,Pax9,protein_coding,1.9360309960181,2.04227867143626,2.74592270344043
chr9,49509028,49509529,0.2981420360168444,chr9,49500136,49800925,ENSMUSG00000039542.11,-,Ncam1,protein_coding,4.27047351533253,4.50094425646632,5.25364488320893
chr9,66733261,66733762,0.4007012767269552,chr9,66711686,66768845,ENSMUSG00000032373.10,+,Car12,protein_coding,4.74358719924692,5.58487209502795,6.26599710881468
chr4,138841349,138841850,0.5088171261937191,chr4,138797244,138865482,ENSMUSG00000041193.11,-,Pla2g5,protein_coding,4.98636922125562,6.25241301999579,7.09969894166647
chr2,35715449,35715950,0.4208270248021248,chr2,35556266,35732994,ENSMUSG00000026883.13,+,Dab2ip,protein_coding,4.54438143759876,5.63774662373828,6.08734671606072
chr4,34648001,34648502,0.476539565409126,chr4,34612957,34662167,ENSMUSG00000028292.10,+,Rars2,protein_coding,0.6998144000352262,2.259437933177529,1.6534080218055291
chr3,32593172,32593673,0.3004909979974249,chr3,32578332,32618585,ENSMUSG00000027669.10,-,Gnb4,protein_coding,2.18503819807831,1.91009234966045,2.69298925373556
chr7,116258413,116258914,0.4478576813217563,chr7,116121493,116310376,ENSMUSG00000045659.13,-,Plekha7,protein_coding,4.51325553734123,5.86907268684594,6.16013020940493
chr1,184922773,184923274,1.191833934477962,chr1,184894789,185001570,ENSMUSG00000026620.7,-,Mark1,protein_coding,0.61629282509901,1.11697441900559,1.41596977960543
chr1,184922773,184923274,1.191833934477962,chr1,184921136,184944500,ENSMUSG00000102784.1,+,RP24-190B16.4,antisense,0.61629282509901,1.11697441900559,1.41596977960543
chr15,92276835,92277336,0.2565163451238781,chr15,92049165,92343967,ENSMUSG00000055022.10,+,Cntn1,protein_coding,3.29934542729773,3.41701641790468,3.94354200301325
chr16,14906365,14906866,0.3267551204822421,chr16,14904637,14927879,ENSMUSG00000068617.4,+,Efcab1,protein_coding,3.54835262935793,5.35354603192029,4.45302645642268
chr19,6839461,6839962,0.6557229862750478,chr19,6827085,6842601,ENSMUSG00000024952.8,-,Rps6ka4,protein_coding,3.59192888971847,6.1070080660424,5.66387911842171
chr11,47939650,47940151,0.2702721085815613,chr11,46894253,47990969,ENSMUSG00000020354.11,-,Sgcd,protein_coding,2.39046913977798,2.32647926325425,2.88487300891573
chr15,83447727,83448228,0.2954691802535035,chr15,83373607,83466606,ENSMUSG00000016664.10,-,Pacsin2,protein_coding,5.89524550877537,6.83403283580935,7.23864924714177
chr6,128399587,128400088,0.3637070692447541,chr6,128379584,128401740,ENSMUSG00000085739.1,-,Gm15862,antisense,4.06504257363286,5.47251372151852,5.2337948395696
chr6,128399587,128400088,0.3637070692447541,chr6,128397296,128410932,ENSMUSG00000001520.8,+,Nrip2,protein_coding,4.06504257363286,5.47251372151852,5.2337948395696
chr8,125080878,125081379,0.2560858285427249,chr8,125052195,125263858,ENSMUSG00000043051.13,+,Disc1,protein_coding,5.96994766939344,7.3561688068238,7.13278234773202
chr4,56926198,56926699,0.7793749793008948,chr4,56864923,56949437,ENSMUSG00000055296.10,-,Tmem245,protein_coding,1.7877786951864552,2.7534229105818055,2.0787897029084834
chr11,106462360,106462861,0.6336088464130252,chr11,106392650,106489852,ENSMUSG00000020715.5,-,Ern1,protein_coding,1.71192451416392,2.7098195964041,2.65990584767001
chr17,29718578,29719079,0.3560680159706648,chr17,29687378,29719012,ENSMUSG00000024018.13,-,Ccdc167,protein_coding,6.20027933129913,6.90012599669726,7.94001745573138
chr18,11985317,11985818,0.6227067401872833,chr18,11979303,12123480,ENSMUSG00000049411.9,-,Tmem241,protein_coding,0.835138623050587,1.9143267460687907,2.0638441451771294
chr19,4721407,4721908,0.9001271387615051,chr19,4709208,4754353,ENSMUSG00000067889.4,+,Sptbn2,protein_coding,4.114431516852921,3.9438436212178,5.763665367267327
chr12,13344587,13345088,0.652560217946678,chr12,13267127,13585810,ENSMUSG00000020576.9,+,Nbas,protein_coding,0.902651107468246,1.12358373509438,1.42258646081854
chr12,113109757,113110258,0.6689280844141299,chr12,113096278,113139206,ENSMUSG00000021144.10,+,Mta1,protein_coding,2.5398734610141,3.57564000403565,4.04279222120989
chr2,162219471,162219972,0.4241689999368919,chr2,161519990,162663147,ENSMUSG00000053141.12,-,Ptprt,protein_coding,2.0543094169967,2.9147083951566,2.75915606586665
chr11,76672466,76672967,0.4688302341367203,chr11,76670470,76675676,ENSMUSG00000044243.3,+,Bhlha9,protein_coding,6.59869085459546,8.99527919684384,9.13763675530419
chr2,36220884,36221385,0.6408896963835131,chr2,36214777,36224934,ENSMUSG00000087187.1,+,Gm13431,lincRNA,1.91113027581208,2.55780532636191,2.98412322711237
chr3,145653187,145653688,0.5567099140931094,chr3,145648312,145654093,ENSMUSG00000097183.1,+,Gm17501,lincRNA,1.82397775509101,2.56441464245071,2.68637257252245
chr12,87043078,87043579,0.302402937937652,chr12,87019340,87092043,ENSMUSG00000034145.10,+,Tmem63c,protein_coding,5.14822390259476,6.20614780737426,6.3520139645851
chr4,151150853,151151354,0.3092833942295031,chr4,150915322,151863876,ENSMUSG00000014592.15,-,Camta1,protein_coding,8.4600196899955,10.5022032650881,10.4874397227785
chr17,32023032,32023533,0.2932459398798027,chr17,31942769,32036508,ENSMUSG00000002076.7,-,Hsf2bp,protein_coding,7.66942182345434,9.60333627701256,9.40230400382857
chr4,115709760,115710261,0.2988669944028905,chr4,115705251,115710303,ENSMUSG00000081172.1,+,Gm12849,processed_pseudogene,6.06955055021752,7.59410418602026,7.4702330896006
chr17,13547036,13547537,0.8421648705628919,chr17,13480553,13763825,ENSMUSG00000038347.10,-,Tcte2,protein_coding,1.50649357246425,1.96296687837077,2.70622261616178
chr6,71924239,71924740,0.553986305504527,chr6,71907053,71981356,ENSMUSG00000049553.9,+,Polr1a,protein_coding,1.49404321236124,2.09515320014658,2.19673816275235
chr6,135206903,135207404,0.3397201616629479,chr6,135195977,135246955,ENSMUSG00000030207.11,+,8430419L09Rik,protein_coding,4.7186864790409,5.38659261236424,5.97486313543786
chr9,4761310,4761811,0.3425703947943376,chr9,4415899,4798234,ENSMUSG00000025892.11,-,Gria4,protein_coding,1.31351299086759,1.21611416033745,1.66740366570359
chr9,18574368,18574869,0.4752679081730774,chr9,18572613,18576918,ENSMUSG00000084743.1,+,Gm25295,misc_RNA,1.40689069164016,1.89026440139408,1.95853763908041
chr12,79377697,79378198,0.2711382692225673,chr12,79295351,79510656,ENSMUSG00000059060.9,+,Rad51b,protein_coding,2.74530440271377,3.31787667657282,3.31495728776785
chr13,10635738,10636239,0.3332536890651849,chr13,10357479,10660893,ENSMUSG00000097009.1,+,Gm26861,antisense,2.1725878379753,2.43883763676369,2.73930602222732
chr12,87429684,87430185,0.4615851457628063,chr12,87423840,87446017,ENSMUSG00000079036.6,-,Alkbh1,protein_coding,2.49629720065356,2.72303822858168,3.44067423081693
chr9,98337994,98338495,0.4521936551563229,chr9,98285435,98422438,ENSMUSG00000032456.9,+,Nmnat3,protein_coding,2.80755620322882,4.38858588295688,3.84429178481661
chr19,45153410,45153911,1.3125638302979998,chr19,45148680,45158943,ENSMUSG00000025215.10,+,Tlx1,protein_coding,0.473113683914391,0.8327738271876,1.1843859371466
chr19,45153410,45153911,1.3125638302979998,chr19,45152057,45161304,ENSMUSG00000092346.1,-,Tlx1os,antisense,0.473113683914391,0.8327738271876,1.1843859371466
chr13,44997047,44997548,0.3317707523883588,chr13,44920079,45004096,ENSMUSG00000057531.9,-,Dtnbp1,protein_coding,4.00901595316931,4.78514484828431,5.04852776560253
chr1,80757854,80758355,0.4917923934016729,chr1,80499073,80760527,ENSMUSG00000038608.11,-,Dock10,protein_coding,2.09166049730573,2.16124636103449,2.94442313983372
chr19,6423151,6423652,0.6515391237572846,chr19,6416731,6546169,ENSMUSG00000033768.12,+,Nrxn2,protein_coding,3.74133321095459,5.14204791707899,5.88222959845433
chr6,30242934,30243435,0.3706061206600607,chr6,30209289,30306539,ENSMUSG00000039159.12,-,Ube2h,protein_coding,1.40066551158866,1.65893833828641,1.812970652392
chr17,13583807,13584308,0.3420701017488243,chr17,13480553,13763825,ENSMUSG00000038347.10,-,Tcte2,protein_coding,2.83245692343484,3.43023505008226,3.59285789871845
chr8,106916784,106917285,0.8507970166428953,chr8,106891640,106925093,ENSMUSG00000041438.7,+,Cirh1a,protein_coding,2.8345561648557287,3.5384911196436475,3.907594932529503
chr19,44987791,44988292,0.3333486688236636,chr19,44987101,45005397,ENSMUSG00000025207.11,+,Sema4g,protein_coding,5.6898145670757,7.22398248504799,7.17248243501068
chr16,17488654,17489155,0.7400842082211432,chr16,17487611,17509485,ENSMUSG00000022763.12,+,Aifm3,protein_coding,1.59364609318532,2.09515320014658,2.66652252888312
chr10,18657357,18657858,1.2130281567470855,chr10,18586011,18745758,ENSMUSG00000019852.6,-,D10Bwg1379e,protein_coding,0.8723448818315289,2.1227493895266107,2.2709633913820615
chr18,82575505,82576006,0.375895745985395,chr18,82473146,82587637,ENSMUSG00000041607.12,+,Mbp,protein_coding,3.67908141043954,4.59347468170938,4.77724383586504
chr4,141964527,141965028,0.3335459361744357,chr4,141888438,142017082,ENSMUSG00000051435.7,-,Fhad1,protein_coding,6.2874318520202,7.03231231847307,7.92678409330516
chr11,94674936,94675437,0.4500673540479351,chr11,94661851,94679515,ENSMUSG00000020868.11,-,Xylt2,protein_coding,4.43855337672317,4.91733117006012,6.06749667242139
chr11,3145674,3146175,0.9924500660302528,chr11,3129850,3195463,ENSMUSG00000023764.14,-,Sfi1,protein_coding,0.921326647622762,1.57962654522092,1.83943737724444
chr9,43150029,43150530,0.3889270592340308,chr9,43121939,43212369,ENSMUSG00000032015.11,-,Pou2f3,protein_coding,4.49457999718672,6.06074285342087,5.88884627966744
chr7,137272154,137272655,0.4596629666810626,chr7,137191673,137316445,ENSMUSG00000010476.9,-,Ebf3,protein_coding,2.06675977709971,2.69660096422652,2.84517292163708
chr9,47527120,47527621,0.3334405787656715,chr9,47523616,47527722,ENSMUSG00000094895.1,-,Gm22286,snRNA,4.04636703347835,5.66418388809344,5.10146121530741
chr2,76050809,76051310,0.6972276805333253,chr2,75987141,76340774,ENSMUSG00000075270.7,-,Pde11a,protein_coding,0.952452547880288,1.46726817171149,1.54830340386762
chr5,117880830,117881331,0.3433077345095509,chr5,117779032,117960840,ENSMUSG00000029361.14,+,Nos1,protein_coding,3.94053897260276,5.91533789946748,5.00221099711077
chr19,10287342,10287843,0.7507577097355957,chr19,10243265,10306877,ENSMUSG00000035735.6,-,Dagla,protein_coding,4.8038635739309345,5.603873795377994,6.738564642603526
chr11,77857043,77857544,0.5602001146533291,chr11,77761246,77867980,ENSMUSG00000000631.15,+,Myo18a,protein_coding,2.62702598173517,3.10637856173152,3.87737519088215
chr4,111899936,111900437,1.1999720039216393,chr4,111873375,111904918,ENSMUSG00000028544.10,-,Slc5a9,protein_coding,0.454438143759876,0.753462034122115,1.05205231288441
chr3,26002351,26002852,0.4865932300730488,chr3,25424215,26334460,ENSMUSG00000063887.9,-,Nlgn1,protein_coding,1.12675758932243,1.16984894771591,1.58138680993317
chr7,143581862,143582363,0.9467984117534848,chr7,143555230,143602090,ENSMUSG00000010755.12,-,Cars,protein_coding,0.697220165768577,1.33508184993568,1.34980296747433
chr14,65321983,65322484,0.6052943483672715,chr14,65264701,65323501,ENSMUSG00000034532.8,+,Fbxo16,protein_coding,2.7764303029713,2.75608480902563,4.22805929517696
chr8,70798251,70798752,0.4452873359854608,chr8,70796135,70800192,ENSMUSG00000099031.1,+,Mir7240,miRNA,4.5941828780108,6.34494344523886,6.25938042760157
chr15,101866700,101867201,0.2636405137041938,chr15,101856732,101871705,ENSMUSG00000067594.5,-,Krt77,protein_coding,7.52001750221822,8.55245501889488,9.03176985589444
chr7,4841977,4842478,0.3887148743849085,chr7,4834467,4846696,ENSMUSG00000084815.1,-,Gm15525,processed_transcript,5.40968146475797,6.56966019225773,7.08646557924025
chr7,4841977,4842478,0.3887148743849085,chr7,4823552,4846696,ENSMUSG00000053550.9,-,Shisa7,protein_coding,5.40968146475797,6.56966019225773,7.08646557924025
chr11,83327376,83327877,0.5067968007962299,chr11,83297024,83407035,ENSMUSG00000035152.10,+,Ap2b1,protein_coding,2.09788567735723,2.78913138946958,2.98412322711237
chr13,31364303,31364804,0.5673430695701684,chr13,31347901,31369688,ENSMUSG00000085620.1,-,G630018N14Rik,lincRNA,1.14543312947695,1.43422159126753,1.70048707176914
chr13,31364303,31364804,0.5673430695701684,chr13,31297628,31398579,ENSMUSG00000087140.1,+,Gm11376,lincRNA,1.14543312947695,1.43422159126753,1.70048707176914
chr13,57796944,57797445,0.7588745272018562,chr13,57419195,57910314,ENSMUSG00000056222.10,-,Spock1,protein_coding,0.666094265511051,1.387956378646,1.13145248744172
chr8,106985422,106985923,0.3433361790928168,chr8,106933750,107016192,ENSMUSG00000041308.5,+,Sntb2,protein_coding,4.58173251790779,6.51017634745862,5.81606278632323
chr9,65830148,65830649,0.3434345055567081,chr9,65826930,65910794,ENSMUSG00000032386.11,-,Trip4,protein_coding,5.70226492717872,6.39120865786039,7.23864924714177
chr11,95791710,95792211,0.2731998866704935,chr11,95710673,95837115,ENSMUSG00000075595.5,+,Zfp652,protein_coding,4.20822171481748,5.96160311208901,5.08822785288119
chr17,30468293,30468794,0.5101193691700623,chr17,30213524,30578287,ENSMUSG00000062202.9,-,Btbd9,protein_coding,2.0605345970482,2.32647926325425,2.93780645862061
chr9,121383167,121383668,0.4009038147047357,chr9,121364958,121476916,ENSMUSG00000032536.9,+,Trak1,protein_coding,5.27895268367637,7.85186751348309,6.97398199861739
chr11,96194014,96194515,1.0671772902836307,chr11,96192316,96199447,ENSMUSG00000049604.3,+,Hoxb13,protein_coding,0.883975567313731,1.14341168336075,1.85928742088376
chr4,131780433,131780934,0.4114702955356132,chr4,131766457,131840288,ENSMUSG00000028909.13,-,Ptpru,protein_coding,3.5047763689974,4.48772562428873,4.66476025524218
chr11,6862112,6862613,0.2888547839421962,chr11,6859539,6864304,ENSMUSG00000082333.1,-,Gm11984,processed_pseudogene,2.82000656333183,2.92792702733418,3.44729091203004
chr7,88345981,88346482,0.2980642606028849,chr7,88341969,88346101,ENSMUSG00000077693.1,+,Gm25345,snoRNA,4.78716345960746,5.94838447991143,5.88884627966744
chr11,115327640,115328141,0.96274224365528,chr11,115305163,115334303,ENSMUSG00000050201.5,+,Otop2,protein_coding,1.04583024865286,2.00262277490351,2.04455449485083
chr12,110865995,110866496,0.6273517450632926,chr12,110848279,110871998,ENSMUSG00000021271.4,+,Zfp839,protein_coding,2.35311805946895,2.83539660209111,3.63917466721021
chr15,83827906,83828407,0.2911862573212666,chr15,83777467,83860494,ENSMUSG00000041708.8,+,Mpped1,protein_coding,6.06955055021752,6.5233949796362,7.43053300232194
chr17,25082425,25082926,0.5913881647370651,chr17,25055702,25083181,ENSMUSG00000024168.7,-,Tmem204,protein_coding,3.03166268508301,3.94576170500792,4.57212671825865
chr17,25082425,25082926,0.5913881647370651,chr17,25014091,25101495,ENSMUSG00000024169.11,+,Ift140,protein_coding,3.03166268508301,3.94576170500792,4.57212671825865
chr19,24704285,24704786,0.3781206153762257,chr19,24681016,24863855,ENSMUSG00000041731.9,-,Pgm5,protein_coding,3.64795551018202,4.63973989433092,4.7441604297995
chr3,84059652,84060153,0.365798437150331,chr3,84056968,84065452,ENSMUSG00000103261.1,-,RP23-14O16.2,TEC,2.04185905689369,1.73164081526311,2.63343912281757
chr2,92121972,92122473,0.5687332636188723,chr2,92091117,92366666,ENSMUSG00000058318.11,+,Phf21a,protein_coding,2.44649576024152,3.69460769363388,3.6325579859971
chr19,45956657,45957158,0.4421295346232947,chr19,45816144,46000488,ENSMUSG00000039901.9,-,9130011E15Rik,protein_coding,3.52345190915191,4.68600510695245,4.79047719829126
chr2,181282162,181282663,0.4602430522256319,chr2,181249449,181290035,ENSMUSG00000038705.9,-,Gmeb2,protein_coding,4.19577135471447,5.12882928490141,5.77636269904458
chr12,73111699,73112200,0.6847381051628196,chr12,73097609,73115456,ENSMUSG00000034460.9,-,Six4,protein_coding,1.6932489740094,2.51814942982917,2.72607265980111
chr2,60383083,60383584,0.8134384001432963,chr2,60290103,60385303,ENSMUSG00000026980.11,-,Ly75,protein_coding,1.79285185483348,2.07532525188021,3.15615693865322
chr1,120688941,120689442,0.5758865156893299,chr1,120619740,120692403,ENSMUSG00000099957.1,+,2610027F03Rik,lincRNA,1.72437487426693,1.68537560264157,2.57388899189959
chr1,34099356,34099857,0.4932569603540598,chr1,33906225,34310661,ENSMUSG00000026131.13,+,Dst,protein_coding,1.4504669520007,2.08854388405779,2.04455449485083
chr1,34099356,34099857,0.4932569603540598,chr1,33906272,34309592,ENSMUSG00000103888.1,+,AC123072.1,protein_coding,1.4504669520007,2.08854388405779,2.04455449485083
chrX,76598775,76599276,1.3870575565221346,chrX,76580610,76604924,ENSMUSG00000079525.1,-,4930468A15Rik,protein_coding,0.722120885974597,1.31525390166931,1.89898750816242
chr5,136506214,136506715,0.7333420175314052,chr5,136246135,136569490,ENSMUSG00000029705.13,-,Cux1,protein_coding,1.43801659189769,1.81095260832859,2.39523859914563
chr2,146215517,146216018,0.317758675041753,chr2,145932784,146217039,ENSMUSG00000037143.13,+,Cfap61,protein_coding,4.05881739358136,3.94576170500792,5.06176112802875
chr2,22760365,22760866,0.3204744466408405,chr2,22760744,22765078,ENSMUSG00000083057.1,-,Gm13356,processed_pseudogene,3.01298714492849,3.57564000403565,3.76489161025929
chr2,22760365,22760866,0.3204744466408405,chr2,22753984,22764273,ENSMUSG00000085353.2,+,1700092C17Rik,lincRNA,3.01298714492849,3.57564000403565,3.76489161025929
chr4,152453105,152453606,0.2645785743728026,chr4,152388742,152479871,ENSMUSG00000028931.7,-,Kcnab2,protein_coding,8.47869523015001,11.2887118796541,10.1896890681886
chr11,118862316,118862817,0.3614660567585555,chr11,118487762,118913597,ENSMUSG00000025576.13,-,Rbfox3,protein_coding,5.85789442846634,7.31651291029106,7.52978322051859
chr5,131167332,131167833,0.2736143096081248,chr5,130870082,131310078,ENSMUSG00000034040.12,-,Wbscr17,protein_coding,5.50928434558206,6.28545960043974,6.66299798160125
chr4,134813370,134813871,0.5183366300649634,chr4,134800759,134855345,ENSMUSG00000028826.10,-,Tmem57,protein_coding,2.82000656333183,3.48310957879258,4.04279222120989
chr11,34202701,34203202,0.4505826943073487,chr11,34202338,34210089,ENSMUSG00000047861.2,-,Foxi1,protein_coding,1.9298058159666,2.12819978059053,2.64005580403068
chr3,89941070,89941571,0.4698839876517552,chr3,89937481,89965508,ENSMUSG00000060671.8,-,Atp8b2,protein_coding,4.44477855677468,5.70383978462618,6.16013020940493
chr19,6845961,6846462,0.5745987335257225,chr19,6842623,6860211,ENSMUSG00000047810.8,-,Ccdc88b,protein_coding,3.82226055162416,5.11561065272383,5.69696252448726
chr5,73675497,73675998,0.3108754801452303,chr5,73649380,73681484,ENSMUSG00000029155.12,+,Spata18,protein_coding,3.89696271224222,3.97219896936308,4.83679396678303
chr7,28010198,28010699,0.4998803204960926,chr7,27982854,28016115,ENSMUSG00000096916.3,-,Zfp850,protein_coding,3.3802727679673,4.38197656686809,4.78386051707815
chr10,59164671,59165172,0.6026894970802086,chr10,59162113,59223847,ENSMUSG00000019917.9,-,Sept10,protein_coding,1.44424177194919,2.08854388405779,2.19673816275235
chr18,37725446,37725947,0.9565365967800638,chr18,37712279,37728121,ENSMUSG00000104512.1,-,RP23-56B11.8,antisense,0.747021606180618,1.36812843037963,1.45566986688409
chr18,37725446,37725947,0.9565365967800638,chr18,36950741,37842200,ENSMUSG00000103458.1,+,PCDHA4,protein_coding,0.747021606180618,1.36812843037963,1.45566986688409
chr18,37725446,37725947,0.9565365967800638,chr18,36967916,37835296,ENSMUSG00000102836.1,+,RP23-407E2.5,protein_coding,0.747021606180618,1.36812843037963,1.45566986688409
chr18,37725446,37725947,0.9565365967800638,chr18,36973941,37835296,ENSMUSG00000103125.1,+,RP23-407E2.6,protein_coding,0.747021606180618,1.36812843037963,1.45566986688409
chr18,37725446,37725947,0.9565365967800638,chr18,37659793,37843873,ENSMUSG00000103144.1,+,Pcdhga1,protein_coding,0.747021606180618,1.36812843037963,1.45566986688409
chr18,37725446,37725947,0.9565365967800638,chr18,37666953,37843870,ENSMUSG00000103332.1,+,Pcdhga2,protein_coding,0.747021606180618,1.36812843037963,1.45566986688409
chr18,37725446,37725947,0.9565365967800638,chr18,37672307,37843873,ENSMUSG00000104346.1,+,PCDHGB6,protein_coding,0.747021606180618,1.36812843037963,1.45566986688409
chr18,37725446,37725947,0.9565365967800638,chr18,37678233,37843870,ENSMUSG00000103037.1,+,Pcdhgb1,protein_coding,0.747021606180618,1.36812843037963,1.45566986688409
chr18,37725446,37725947,0.9565365967800638,chr18,37683210,37843873,ENSMUSG00000103677.1,+,Pcdhga4,protein_coding,0.747021606180618,1.36812843037963,1.45566986688409
chr18,37725446,37725947,0.9565365967800638,chr18,37687828,37843873,ENSMUSG00000102748.1,+,Pcdhgb2,protein_coding,0.747021606180618,1.36812843037963,1.45566986688409
chr18,37725446,37725947,0.9565365967800638,chr18,37692380,37843873,ENSMUSG00000103567.1,+,Pcdhga5,protein_coding,0.747021606180618,1.36812843037963,1.45566986688409
chr18,37725446,37725947,0.9565365967800638,chr18,37705039,37843873,ENSMUSG00000103793.1,+,Pcdhga6,protein_coding,0.747021606180618,1.36812843037963,1.45566986688409
chr18,37725446,37725947,0.9565365967800638,chr18,37712764,37843873,ENSMUSG00000103472.1,+,Pcdhga7,protein_coding,0.747021606180618,1.36812843037963,1.45566986688409
chr18,37725446,37725947,0.9565365967800638,chr18,37718369,37843870,ENSMUSG00000103585.1,+,Pcdhgb4,protein_coding,0.747021606180618,1.36812843037963,1.45566986688409
chr18,37725446,37725947,0.9565365967800638,chr18,37723706,37843873,ENSMUSG00000103897.1,+,PCDHGB6,protein_coding,0.747021606180618,1.36812843037963,1.45566986688409
chr6,129423603,129424104,0.9609167780980836,chr6,129406862,129426764,ENSMUSG00000046080.13,+,Clec9a,protein_coding,0.771922326386638,1.25577005687019,1.50860331658896
chrX,35813256,35813757,0.5274094425810998,chrX,35802769,35822640,ENSMUSG00000082799.1,+,Gm14554,unprocessed_pseudogene,0.709670525871587,0.885648355897924,1.02558558803197
chr4,127174744,127175245,0.2584522996371014,chr4,127167204,127239022,ENSMUSG00000042388.10,+,Dlgap3,protein_coding,6.7729958960376,7.30990359420227,8.10543448605911
chr19,41152381,41152882,0.4312848035143286,chr19,41081981,41208774,ENSMUSG00000025013.10,-,Tll2,protein_coding,3.25576916693719,3.82679401540969,4.39347632550469
chr7,131260908,131261409,0.3435824451626612,chr7,130160451,133125350,ENSMUSG00000030849.13,-,Fgfr2,protein_coding,4.09616847389039,5.52538825022884,5.20071143350405
chr3,89421302,89421803,0.6187878424379187,chr3,89416443,89432027,ENSMUSG00000042626.9,+,Shc1,protein_coding,2.6643770620442,3.99202691762945,4.09572567091477
chr16,35403303,35403804,0.5410535865464465,chr16,35395313,35492873,ENSMUSG00000022844.7,-,Pdia5,protein_coding,2.63947634183818,3.69460769363388,3.84429178481661
chr9,47838851,47839352,0.3794347181129734,chr9,47528173,47859637,ENSMUSG00000032076.14,+,Cadm1,protein_coding,3.68530659049105,5.82280747422441,4.79709387950437
chr15,53626106,53626607,0.2747758428558071,chr15,53459621,53904537,ENSMUSG00000058656.8,-,Samd12,protein_coding,2.50874756075657,3.04689471693241,3.03705667681725
chr12,100886853,100887354,0.5368046760268164,chr12,100874682,100910198,ENSMUSG00000047415.7,-,Gpr68,protein_coding,2.25974035869637,3.18569035479701,3.2818738817023
chr12,100886853,100887354,0.5368046760268164,chr12,100777057,100898981,ENSMUSG00000021185.11,+,9030617O03Rik,protein_coding,2.25974035869637,3.18569035479701,3.2818738817023
chr2,174662528,174663029,0.3954210294567613,chr2,174641534,174712832,ENSMUSG00000050600.5,+,Zfp831,protein_coding,3.47365046873987,4.55381878517664,4.57212671825865
chr13,45875698,45876199,0.7282881636964047,chr13,45547758,45966991,ENSMUSG00000046876.11,-,Atxn1,protein_coding,1.51894393256726,1.87043645312771,2.52095554219471
chr13,51778514,51779015,0.3081169801826669,chr13,51699246,51795747,ENSMUSG00000021451.11,-,Sema4d,protein_coding,6.51153833387438,8.10963084094592,8.06573439878045
chr15,75774285,75774786,0.3858142706341103,chr15,75752432,75843915,ENSMUSG00000075600.2,-,Zc3h3,protein_coding,4.05881739358136,4.28944614162502,5.3065783329138
chr9,54463422,54463923,0.2719218458006542,chr9,54363158,54503760,ENSMUSG00000041268.12,-,Dmxl2,protein_coding,3.41762384827633,4.42824177948962,4.12880907698031
chr7,123982475,123982976,0.3615306794462775,chr7,123969046,123985454,ENSMUSG00000098129.1,-,Gm27040,antisense,7.31458656051855,8.85648355897924,9.40230400382857
chr7,123982475,123982976,0.3615306794462775,chr7,123980869,124400989,ENSMUSG00000078591.1,+,Hs3st4,protein_coding,7.31458656051855,8.85648355897924,9.40230400382857
chr2,179598829,179599330,0.4923390068361822,chr2,179440431,179901373,ENSMUSG00000000305.8,+,Cdh4,protein_coding,2.20371373823282,3.9589803371855,3.10322348894835
chr4,129480994,129481495,0.5862040420339637,chr4,129459581,129490498,ENSMUSG00000040859.10,+,Bsdc1,protein_coding,2.7826554830228,3.39718846963831,4.18174252668519
chr6,39983386,39983887,0.5009991750308456,chr6,39871271,40257150,ENSMUSG00000057716.6,+,Tmem178b,protein_coding,1.4566921320522,1.89026440139408,2.06440453849016
chr6,146347641,146348142,0.3884784311056775,chr6,146106299,146504223,ENSMUSG00000030287.11,-,Itpr2,protein_coding,2.75775476281678,2.59746122289466,3.61270794235778
chr4,111884050,111884551,0.6469246832772455,chr4,111873375,111904918,ENSMUSG00000028544.10,-,Slc5a9,protein_coding,1.88622955560606,2.34630721152062,2.95765650225994
chr2,78995566,78996067,0.3145661832091478,chr2,78970672,79100851,ENSMUSG00000102286.1,+,RP23-118H3.3,TEC,2.73285404261076,2.9147083951566,3.40097414353827
chr2,11243975,11244476,0.3808562173538183,chr2,11170108,11303222,ENSMUSG00000026778.9,+,Prkcq,protein_coding,2.5336482809626,2.92131771124539,3.30172392534163
chr5,141324882,141325383,0.3376346864825789,chr5,141239490,142217586,ENSMUSG00000039683.12,+,Sdk1,protein_coding,3.84093609177868,4.75870758392914,4.85664401042236
chr9,67527680,67528181,0.2668918537003951,chr9,67215087,67561703,ENSMUSG00000052698.10,-,Tln2,protein_coding,4.93034260079208,5.76993294551409,5.9351630481592
chr9,72379644,72380145,0.3915034615533266,chr9,72359735,72411945,ENSMUSG00000097211.2,-,BC065403,antisense,2.01073315663616,1.97618551054835,2.64005580403068
chr2,157385117,157385618,0.9182161897863412,chr2,157365594,157398763,ENSMUSG00000063019.5,+,Manbal,protein_coding,0.865300027159216,1.41439364300116,1.64093694085115
chr11,102319397,102319898,0.4372433136903512,chr11,102302560,102321742,ENSMUSG00000020923.13,-,Ubtf,protein_coding,5.62133758650915,7.60071350210905,7.61580007628901
chr16,91638392,91638893,0.3826253102068739,chr16,91619186,91648952,ENSMUSG00000022962.10,-,Gart,protein_coding,3.03788786513451,3.72104495798904,3.96339204665258
chr11,101544183,101544684,0.3187229422663445,chr11,101486764,101553955,ENSMUSG00000017146.8,-,Brca1,protein_coding,6.654717475059,8.70446928893706,8.3039349224524
chr7,143016009,143016510,1.2697006058839757,chr7,143003046,143021644,ENSMUSG00000000244.12,+,Tspan32,protein_coding,0.479338863965896,1.25577005687019,1.16453589350727
chr1,86111720,86112221,0.2570264206932905,chr1,86097026,86113970,ENSMUSG00000026228.6,-,Htr2b,protein_coding,5.03617066166766,5.04951749183593,6.02117990392963
chr1,86111720,86112221,0.2570264206932905,chr1,86062387,86141151,ENSMUSG00000026229.13,+,Psmd1,protein_coding,5.03617066166766,5.04951749183593,6.02117990392963
chr16,18235447,18235948,0.501775260873258,chr16,18218754,18237136,ENSMUSG00000060166.5,-,Zdhhc8,protein_coding,2.95073534441344,4.21674366464832,4.18174252668519
chr8,124792183,124792684,0.5400094793607332,chr8,124791019,124836713,ENSMUSG00000036913.10,+,Trim67,protein_coding,3.54212744930643,5.1354386009902,5.15439466501228
chr1,78863792,78864293,0.3926170818640352,chr1,78789623,79226511,ENSMUSG00000099706.1,-,Gm29536,lincRNA,1.60609645328833,1.99601345881472,2.11072130698192
chr19,22882730,22883231,0.3801504471750754,chr19,22137119,22991884,ENSMUSG00000052387.11,+,Trpm3,protein_coding,2.84490728353785,3.1262065099979,3.70534147934131
chr1,4881313,4881814,0.4895957182345725,chr1,4855814,4899909,ENSMUSG00000033813.11,+,Tcea1,protein_coding,1.03960506860136,1.15663031553833,1.46228654809719
chr1,4881313,4881814,0.4895957182345725,chr1,4878049,4882651,ENSMUSG00000062588.4,-,Gm6104,processed_pseudogene,1.03960506860136,1.15663031553833,1.46228654809719
chr1,4881313,4881814,0.4895957182345725,chr1,4805892,4888770,ENSMUSG00000104217.1,+,RP24-426M1.3,protein_coding,1.03960506860136,1.15663031553833,1.46228654809719
chr14,65866011,65866512,0.5838536619917275,chr14,65835302,65868604,ENSMUSG00000022035.5,+,Ccdc25,protein_coding,1.63099717349435,2.35291652760941,2.44817204885051
chr13,45515098,45515599,0.2552247204012932,chr13,45505444,45548382,ENSMUSG00000000253.8,+,Gmpr,protein_coding,5.90147068882688,6.36477139350523,7.0467654919616
chr11,64058394,64058895,0.4623456838263715,chr11,63960627,64081468,ENSMUSG00000042148.8,-,Cox10,protein_coding,2.25974035869637,3.25839283177371,3.11645685137456
chr5,111761925,111762426,0.425941456693854,chr5,111732284,111763725,ENSMUSG00000085271.3,-,E130006D01Rik,lincRNA,5.83299370826032,8.71107860502585,7.84076723753473
chr9,24186238,24186739,0.2729428614419171,chr9,24095996,24318398,ENSMUSG00000043659.7,+,Npsr1,protein_coding,2.80755620322882,3.61529590056839,3.39435746232516
chr11,84347662,84348163,0.6198182956431533,chr11,84127672,84403651,ENSMUSG00000020532.14,+,Acaca,protein_coding,1.90490509576058,2.72303822858168,2.9311897774075
chr4,133052492,133052993,0.7311216875813376,chr4,133009260,133080110,ENSMUSG00000037692.10,+,Ahdc1,protein_coding,1.54384465277328,2.56441464245071,2.56727231068648
chr2,128928410,128928911,0.4722361734090318,chr2,128924268,128946077,ENSMUSG00000027387.11,-,Zc3h8,protein_coding,2.5398734610141,3.66156111318992,3.52669108658735
chr8,14740943,14741444,0.3463745158048371,chr8,14093865,14849680,ENSMUSG00000047495.11,+,Dlgap2,protein_coding,4.68133539873187,6.27885028435095,5.95501309179853
chr11,72764193,72764694,0.6003099896285475,chr11,72688006,72774146,ENSMUSG00000020790.10,+,Ankfy1,protein_coding,2.03563387684218,3.00723882039967,3.08999012652213
chr10,80288571,80289072,1.058738281681803,chr10,80259486,80290408,ENSMUSG00000069565.8,+,Dazap1,protein_coding,3.8970816435214286,4.705226036840808,5.8922618225425065
chr19,41872242,41872743,0.4101593787452006,chr19,41860852,41898153,ENSMUSG00000035049.3,-,Rrp12,protein_coding,4.88676634043154,5.33371808365392,6.49758095127351
chr7,139666847,139667348,0.6934775566534659,chr7,139636778,139685817,ENSMUSG00000049571.12,-,Cfap46,protein_coding,1.97338207632713,3.1262065099979,3.19585702593188
chr17,32262789,32263290,0.2793322290237047,chr17,32194274,32286722,ENSMUSG00000024002.12,-,Brd4,protein_coding,4.15219509435393,4.29605545771381,5.04191108438942
chr13,56853369,56853870,0.4074522280883952,chr13,56771113,56897789,ENSMUSG00000021541.9,-,Trpc7,protein_coding,2.72662886255925,3.80696606714332,3.61932462357088
chr4,91624340,91624841,0.2663004274519917,chr4,91624589,91632139,ENSMUSG00000085817.1,+,Gm12668,lincRNA,0.890200747365236,1.06409989029527,1.07190235652374
chr9,46122769,46123270,0.3042651468057966,chr9,46010820,46226194,ENSMUSG00000034135.10,+,Sik3,protein_coding,4.79338863965896,5.51877893414005,5.92192968573298
chr19,46998081,46998582,0.3186599056274068,chr19,46884831,47017153,ENSMUSG00000025041.12,-,Nt5c2,protein_coding,6.11935199062956,7.22398248504799,7.63565011992834
chr16,14907018,14907519,0.7428491032757807,chr16,14904637,14927879,ENSMUSG00000068617.4,+,Efcab1,protein_coding,0.491789224068907,0.859211091542762,0.827085151638685
chr11,76728026,76728527,0.5496932073113985,chr11,76724602,76765579,ENSMUSG00000010392.8,-,Gosr1,protein_coding,2.94451016436193,4.18369708420437,4.31407615094738
chr9,22683713,22684214,0.3598695450763569,chr9,22473715,22890280,ENSMUSG00000035919.12,+,Bbs9,protein_coding,1.91113027581208,2.94775497560055,2.45478873006362
chr2,167316584,167317085,0.4456633974021846,chr2,167296444,167351183,ENSMUSG00000017929.9,-,B4galt5,protein_coding,2.49007202060206,3.15925309044185,3.39435746232516
chr5,139138181,139138682,0.4302205691261804,chr5,139015306,139152001,ENSMUSG00000025855.9,-,Prkar1b,protein_coding,4.19577135471447,6.89351668060847,5.6572624372086
chr1,84368641,84369142,0.3505316804970204,chr1,84367839,84698221,ENSMUSG00000036766.8,-,Dner,protein_coding,2.11033603746024,2.09515320014658,2.69298925373556
chr11,5035388,5035889,0.33463635833536,chr11,4984824,5044791,ENSMUSG00000009090.13,+,Ap1b1,protein_coding,5.39100592460346,6.93317257714121,6.80194828707654
chr6,99204127,99204628,0.8661409000793034,chr6,98923338,99524721,ENSMUSG00000030067.13,-,Foxp1,protein_coding,0.715895705923092,1.1103651029168,1.31010288019568
chr19,29542542,29543043,0.5796357423796274,chr19,29520282,29608829,ENSMUSG00000038658.11,+,Ric1,protein_coding,2.09166049730573,2.9147083951566,3.12969021380078
chr2,31572424,31572925,0.2622503013987687,chr2,31570651,31619526,ENSMUSG00000026843.11,+,Fubp3,protein_coding,8.45379450994399,10.442719420289,10.1433722996968
chr2,153003475,153003976,0.4399970685691445,chr2,152960485,153010482,ENSMUSG00000074673.11,+,Ttll9,protein_coding,3.77245911121212,4.52077220473269,5.12131125894674
chr4,107485857,107486358,1.0577499312691745,chr4,107432591,107637061,ENSMUSG00000034762.5,+,Glis1,protein_coding,0.908876287519752,1.69198491873036,1.89898750816242
chr9,121594995,121595496,0.4986303194861545,chr9,121584997,121616255,ENSMUSG00000084995.3,+,Lyzl4os,antisense,3.44874974853385,3.84662196367606,4.87649405406169
chr9,121594995,121595496,0.4986303194861545,chr9,121575843,121644096,ENSMUSG00000032530.9,-,Lyzl4,protein_coding,3.44874974853385,3.84662196367606,4.87649405406169
chr7,124185460,124185961,0.5857814765650848,chr7,123980869,124400989,ENSMUSG00000078591.1,+,Hs3st4,protein_coding,2.37801877967497,3.29143941221766,3.57300785507912
chr7,124185460,124185961,0.5857814765650848,chr7,124184718,124292270,ENSMUSG00000085899.1,+,Gm15338,sense_intronic,2.37801877967497,3.29143941221766,3.57300785507912
chr9,3023876,3024377,1.0857538363351762,chr9,3021547,3027218,ENSMUSG00000095186.1,+,Gm10718,protein_coding,2.57099936127163,4.7917541643731,5.46537868202843
chr9,3023876,3024377,1.0857538363351762,chr9,3023417,3035289,ENSMUSG00000095891.3,+,Gm10717,protein_coding,2.57099936127163,4.7917541643731,5.46537868202843
chr9,3023876,3024377,1.0857538363351762,chr9,2998282,3040313,ENSMUSG00000097312.1,-,Gm26870,lincRNA,2.57099936127163,4.7917541643731,5.46537868202843
chr19,41660252,41660753,0.2686888356358239,chr19,41598257,41745665,ENSMUSG00000025020.7,-,Slit1,protein_coding,7.66942182345434,7.89152341001583,9.24350365471394
chr8,19161545,19162046,0.7991072945525387,chr8,19155886,19161578,ENSMUSG00000079842.1,+,Spag11a,protein_coding,1.78040149473047,2.24716747018876,3.10322348894835
chr12,100887949,100888450,0.4106596730973365,chr12,100874682,100910198,ENSMUSG00000047415.7,-,Gpr68,protein_coding,4.3576260360536,6.35155276132765,5.7962127426839
chr12,100887949,100888450,0.4106596730973365,chr12,100777057,100898981,ENSMUSG00000021185.11,+,9030617O03Rik,protein_coding,4.3576260360536,6.35155276132765,5.7962127426839
chr18,34477768,34478269,0.70739356549377,chr18,34440352,34508823,ENSMUSG00000036501.6,-,Fam13b,protein_coding,0.840399306953195,1.28881663731414,1.37626969232677
chr11,79116710,79117211,0.4868298732361956,chr11,79011440,79148407,ENSMUSG00000018334.12,-,Ksr1,protein_coding,4.73736201919542,5.91533789946748,6.64314793796192
chr4,132119541,132120042,0.646173083864107,chr4,132108726,132146486,ENSMUSG00000050511.1,-,Oprd1,protein_coding,2.98186124467097,3.87966854412001,4.67137693645529
chr15,80100894,80101395,0.376439070458851,chr15,80089334,80121501,ENSMUSG00000022415.8,+,Syngr1,protein_coding,5.77696708779678,7.54783897339873,7.50331649566615
chr19,8663178,8663679,0.3457146641992445,chr19,8661789,8685587,ENSMUSG00000032773.5,+,Chrm1,protein_coding,4.66265985857736,5.55843483067279,5.92854636694609
chr9,38447389,38447890,0.2823134516472498,chr9,38446792,38451847,ENSMUSG00000049334.2,+,Olfr902,protein_coding,2.0605345970482,1.92992029792682,2.50772217976849
chr11,118558113,118558614,0.4190707604623858,chr11,118487762,118913597,ENSMUSG00000025576.13,-,Rbfox3,protein_coding,5.00504476141014,5.8294167903132,6.69608138766679
chr4,130270067,130270568,0.2756422368202879,chr4,130251495,130281205,ENSMUSG00000023232.13,-,Serinc2,protein_coding,5.49060880542754,7.19754522069283,6.64976461917503
chr18,43606443,43606944,0.2738300326271519,chr18,43529408,43689773,ENSMUSG00000024502.9,-,Jakmip2,protein_coding,3.3802727679673,3.38396983746072,4.08910898970166
chr12,101875061,101875562,0.7219284516486826,chr12,101832043,101915267,ENSMUSG00000021188.10,-,Trip11,protein_coding,1.06450578880738,1.43422159126753,1.76003720268712
chr5,110523201,110523702,0.3575864380309708,chr5,110512923,110527980,ENSMUSG00000048215.10,+,A630023P12Rik,lincRNA,4.86186562022552,6.68862788185596,6.23291370274913
chr9,108153550,108154051,0.3368749759061408,chr9,108094022,108192384,ENSMUSG00000032589.10,-,Bsn,protein_coding,7.81260096463896,9.06137235773175,9.87208836995934
chr7,120982139,120982640,0.6363403495777309,chr7,120980509,121016787,ENSMUSG00000030877.6,+,4933427G17Rik,protein_coding,4.52570589744424,6.82081420363177,7.04014881074849
chr7,120982139,120982640,0.6363403495777309,chr7,120955036,120984312,ENSMUSG00000030878.10,-,Cdr2,protein_coding,4.52570589744424,6.82081420363177,7.04014881074849
chr7,117595279,117595780,0.351378084182717,chr7,117378979,117669751,ENSMUSG00000030657.7,+,Xylt1,protein_coding,3.52967708920342,5.51216961805126,4.50595990612756
chr12,74954378,74954879,0.5951540492169338,chr12,74895217,75179332,ENSMUSG00000034402.2,-,Kcnh5,protein_coding,1.42556623179468,1.97618551054835,2.15703807547369
chr3,63790901,63791402,0.3248014054036029,chr3,63694234,63901472,ENSMUSG00000036834.12,-,Plch1,protein_coding,2.04808423694519,1.83738987268375,2.56727231068648
chr12,73112385,73112886,0.4251926854089055,chr12,73097609,73115456,ENSMUSG00000034460.9,-,Six4,protein_coding,2.82623174338334,3.73426359016662,3.79797501632484
chr16,94889987,94890488,0.4617158693340255,chr16,94747266,94999696,ENSMUSG00000043301.11,-,Kcnj6,protein_coding,2.89470872394989,3.85984059585364,3.98985877150502
chr2,142668424,142668925,0.3357156833675799,chr2,142615474,142903531,ENSMUSG00000038844.8,-,Kif16b,protein_coding,2.005648540522524,2.313698158530656,4.105668602589362
chr7,99708164,99708665,0.2944317911029627,chr7,99655804,99713340,ENSMUSG00000030737.12,-,Slco2b1,protein_coding,7.42041462139414,9.32574500128336,9.10455334923864
chr11,108949844,108950345,0.3200116219300885,chr11,108918349,108952783,ENSMUSG00000000142.11,+,Axin2,protein_coding,3.90941307234523,4.72566100348519,4.8831107352748
chr17,24112886,24113387,0.5724125985340529,chr17,24071680,24152924,ENSMUSG00000024122.12,-,Pdpk1,protein_coding,2.50252238070507,2.98080155604451,3.72519152298064
chr4,133672977,133673478,0.6829331066138911,chr4,133658387,133674647,ENSMUSG00000043257.11,-,Pigv,protein_coding,2.27219071879938,3.87966854412001,3.65240802963643
chr11,66394266,66394767,0.4688638362646286,chr11,66209725,66527964,ENSMUSG00000053930.9,-,Shisa6,protein_coding,2.89470872394989,3.63512384883476,4.00970881514434
chrX,50590637,50591138,1.226660022334852,chrX,50553744,50637321,ENSMUSG00000085396.3,-,Firre,processed_transcript,0.485564044017402,0.82616451109881,1.14468584986794
chr9,107009739,107010240,0.3896407175361373,chr9,106890825,107233909,ENSMUSG00000039716.8,-,Dock3,protein_coding,3.46742528868837,4.45467904384478,4.54565999340621
chr17,26791517,26792018,0.6599771447453363,chr17,26779079,26794565,ENSMUSG00000024191.10,+,Bnip1,protein_coding,3.12504038585558,4.42824177948962,4.94266086619278
chr9,49594197,49594698,0.511995103191137,chr9,49500136,49800925,ENSMUSG00000039542.11,-,Ncam1,protein_coding,2.59590008147765,2.82878728600232,3.70534147934131
chr7,141122945,141123446,0.2852483161543526,chr7,141120382,141159021,ENSMUSG00000025495.10,+,Ptdss2,protein_coding,8.55339739076807,10.8128411212612,10.4278895918605
chr15,103157519,103158020,0.3318225514266165,chr15,103151307,103160002,ENSMUSG00000036061.9,-,Smug1,protein_coding,4.98636922125562,5.42624850889698,6.2792304712409
chr5,34276657,34277158,0.2934128718506818,chr5,34192874,34290449,ENSMUSG00000037224.11,-,Zfyve28,protein_coding,7.82505132474197,8.84326492680166,9.59418775900875
chr12,88850710,88851211,0.2662530957139623,chr12,88720876,90336935,ENSMUSG00000066392.7,+,Nrxn3,protein_coding,3.48610082884288,3.35092325701677,4.19497588911141
chr2,28533162,28533663,0.366296758701228,chr2,28511125,28555081,ENSMUSG00000026821.11,+,Ralgds,protein_coding,7.26478512010651,10.2312213054477,9.36922059776302
chr7,134310800,134311301,0.655651487697829,chr7,134264262,134387661,ENSMUSG00000030994.11,-,D7Ertd443e,protein_coding,1.60609645328833,1.87043645312771,2.53418890462093
chr2,169914714,169915215,0.4864868327102005,chr2,169631013,170073816,ENSMUSG00000047907.11,+,Tshz2,protein_coding,2.10411085740874,2.14141841276812,2.95103982104683
chrX,50577304,50577805,1.0979138906085653,chrX,50553744,50637321,ENSMUSG00000085396.3,-,Firre,processed_transcript,0.42331224350235,0.594838447991143,0.913102007409108
chr18,37669111,37669612,1.0553168689140768,chr18,36950741,37842200,ENSMUSG00000103458.1,+,PCDHA4,protein_coding,0.417087063450845,0.594838447991143,0.873401920130451
chr18,37669111,37669612,1.0553168689140768,chr18,36967916,37835296,ENSMUSG00000102836.1,+,RP23-407E2.5,protein_coding,0.417087063450845,0.594838447991143,0.873401920130451
chr18,37669111,37669612,1.0553168689140768,chr18,36973941,37835296,ENSMUSG00000103125.1,+,RP23-407E2.6,protein_coding,0.417087063450845,0.594838447991143,0.873401920130451
chr18,37669111,37669612,1.0553168689140768,chr18,37659793,37843873,ENSMUSG00000103144.1,+,Pcdhga1,protein_coding,0.417087063450845,0.594838447991143,0.873401920130451
chr18,37669111,37669612,1.0553168689140768,chr18,37666953,37843870,ENSMUSG00000103332.1,+,Pcdhga2,protein_coding,0.417087063450845,0.594838447991143,0.873401920130451
chr5,151056431,151056932,0.3063009005150098,chr5,151035628,151235836,ENSMUSG00000016128.10,-,Stard13,protein_coding,4.28914905548705,4.42163246340083,5.3065783329138
chr17,36208095,36208596,0.7363715392045759,chr17,36199996,36208339,ENSMUSG00000092457.3,-,Gm8835,unprocessed_pseudogene,1.78040149473047,2.74947549293684,2.97088986468616
chr17,36208095,36208596,0.7363715392045759,chr17,36208276,36213184,ENSMUSG00000092265.2,-,Gm5682,unprocessed_pseudogene,1.78040149473047,2.74947549293684,2.97088986468616
chr7,143031050,143031551,0.383235845569726,chr7,143019784,143055686,ENSMUSG00000059277.8,-,R74862,processed_transcript,3.52345190915191,4.21013434855953,4.59859344311109
chr1,64924232,64924733,0.3596999957706155,chr1,64783983,64958824,ENSMUSG00000051344.9,-,Plekhm3,protein_coding,2.27219071879938,2.84200591817991,2.91795641498128
chr1,92712278,92712779,0.4372733545037059,chr1,92712234,92719202,ENSMUSG00000100546.1,-,Gm29483,lincRNA,4.14596991430243,5.16187586534536,5.61756234992995
chr2,170037354,170037855,0.4131872883467883,chr2,169631013,170073816,ENSMUSG00000047907.11,+,Tshz2,protein_coding,2.37801877967497,3.11298787782032,3.16939030107944
chr7,128641484,128641985,0.3621196547722325,chr7,128609328,128698425,ENSMUSG00000042105.14,+,Inpp5f,protein_coding,7.32703692062156,9.06798167382054,9.4221540474679
chr11,102467040,102467541,0.4128106547352274,chr11,102451297,102472122,ENSMUSG00000034664.9,-,Itga2b,protein_coding,7.94332974572057,10.125472248027,10.5800732597621
chr2,31822639,31823140,0.3911972868830585,chr2,31811290,31848005,ENSMUSG00000026841.7,-,Fibcd1,protein_coding,7.03445345820082,9.12746551861965,9.23027029228772
chr1,54341863,54342364,0.343258445584843,chr1,54248683,54370727,ENSMUSG00000025983.7,+,Ccdc150,protein_coding,1.43801659189769,1.21611416033745,1.82620401481822
chr9,66039200,66039701,0.6651549747611496,chr9,65906974,66047009,ENSMUSG00000032384.11,+,Csnk1g1,protein_coding,2.45894612034453,3.22534625132975,3.90384191573459
chr7,16821766,16822267,0.3092669051240894,chr7,16813889,16842931,ENSMUSG00000030374.11,+,Strn4,protein_coding,8.23591320814131,9.93380208145209,10.2095391118279
chr11,74485305,74485806,0.5357016378772699,chr11,74381356,74592186,ENSMUSG00000038807.13,-,Rap1gap2,protein_coding,2.40291949988099,3.31126736048403,3.4869909993087
chr17,43606646,43607147,1.2751242778389982,chr17,43566098,43614201,ENSMUSG00000023913.13,+,Pla2g7,protein_coding,0.554041024583958,0.931913568519457,1.34980296747433
chr9,4687587,4688088,0.3440621851674626,chr9,4415899,4798234,ENSMUSG00000025892.11,-,Gria4,protein_coding,0.921326647622762,0.793117930654857,1.17115257472038
chr2,42055253,42055754,0.4280848247821892,chr2,40593248,42655598,ENSMUSG00000049252.13,-,Lrp1b,protein_coding,1.3371569585657406,1.5804796033574198,2.91552177749708
chr8,46753703,46754204,1.1843588139158157,chr8,46737745,46849458,ENSMUSG00000031627.7,+,Irf2,protein_coding,1.1956001656379052,1.7402759740452567,3.2488786303354593
chr2,152783225,152783726,0.2894452545787321,chr2,152778668,152833728,ENSMUSG00000007659.14,-,Bcl2l1,protein_coding,3.72265767080008,4.62652126215333,4.55227667461932
chr4,151576626,151577127,0.5996231270742421,chr4,150915322,151863876,ENSMUSG00000014592.15,-,Camta1,protein_coding,2.56477418122012,3.89949649238638,3.89060855330837
chr6,146271041,146271542,0.521634873136614,chr6,146106299,146504223,ENSMUSG00000030287.11,-,Itpr2,protein_coding,3.3802727679673,4.3753672507793,4.85664401042236
chr16,4833827,4834328,0.4853136778464766,chr16,4833416,4869691,ENSMUSG00000022518.11,+,4930562C15Rik,protein_coding,3.79735983141814,4.19691571638195,5.31981169534002
chr2,151670414,151670915,0.747647271778602,chr2,151643404,151670533,ENSMUSG00000074704.5,-,Rad21l,protein_coding,1.50649357246425,2.31326063107667,2.53418890462093
chr4,115650826,115651327,0.9619663925793678,chr4,115650389,115655480,ENSMUSG00000082043.1,+,Gm12848,processed_pseudogene,0.890200747365236,1.34169116602447,1.74018715904779
chr15,77770225,77770726,0.6134154210869942,chr15,77758587,77844175,ENSMUSG00000022443.12,-,Myh9,protein_coding,1.64967271364886,2.21412088974481,2.52757222340782
chr12,111331481,111331982,1.190308080247002,chr12,111290972,111379718,ENSMUSG00000021279.4,-,Cdc42bpb,protein_coding,1.8296575928162673,2.864936965668273,3.763267258208193
chr17,22208336,22208837,0.4488337541088244,chr17,22195265,22227614,ENSMUSG00000096433.1,-,Gm4944,protein_coding,1.61232163333983,2.28021405063271,2.20335484396546
chr2,127501104,127501605,0.3626181808304788,chr2,127454498,127524094,ENSMUSG00000079056.8,-,Kcnip3,protein_coding,4.55683179770177,5.12882928490141,5.862379554815
chr4,128596989,128597490,0.4645431166977621,chr4,128581539,128612098,ENSMUSG00000061894.11,-,Zscan20,protein_coding,3.76623393116061,4.06472939460614,5.20071143350405
chr6,93996800,93997301,0.4035247681109045,chr6,93673455,94285322,ENSMUSG00000045095.12,-,Magi1,protein_coding,2.43404540013851,2.18768362538965,3.22232375078432
chr18,37005528,37006029,1.0816207083265572,chr18,36928184,37189661,ENSMUSG00000103442.1,+,PCDHA9,protein_coding,0.759471966283628,1.08392783856164,1.61447021599871
chr18,37005528,37006029,1.0816207083265572,chr18,36937205,37189657,ENSMUSG00000104148.1,+,PCDHA9,protein_coding,0.759471966283628,1.08392783856164,1.61447021599871
chr18,37005528,37006029,1.0816207083265572,chr18,36944105,37189657,ENSMUSG00000102312.1,+,Pcdha3,protein_coding,0.759471966283628,1.08392783856164,1.61447021599871
chr18,37005528,37006029,1.0816207083265572,chr18,36950648,37189661,ENSMUSG00000104252.1,+,Pcdha4,protein_coding,0.759471966283628,1.08392783856164,1.61447021599871
chr18,37005528,37006029,1.0816207083265572,chr18,36958440,37189657,ENSMUSG00000103092.1,+,Pcdha5,protein_coding,0.759471966283628,1.08392783856164,1.61447021599871
chr18,37005528,37006029,1.0816207083265572,chr18,36965631,37189657,ENSMUSG00000103707.1,+,Pcdha6,protein_coding,0.759471966283628,1.08392783856164,1.61447021599871
chr18,37005528,37006029,1.0816207083265572,chr18,36971802,37189657,ENSMUSG00000104318.1,+,Pcdha7,protein_coding,0.759471966283628,1.08392783856164,1.61447021599871
chr18,37005528,37006029,1.0816207083265572,chr18,36990371,37189657,ENSMUSG00000103800.1,+,Pcdha8,protein_coding,0.759471966283628,1.08392783856164,1.61447021599871
chr18,37005528,37006029,1.0816207083265572,chr18,36995880,37189657,ENSMUSG00000103770.1,+,Pcdha9,protein_coding,0.759471966283628,1.08392783856164,1.61447021599871
chr18,37005528,37006029,1.0816207083265572,chr18,37003203,37189657,ENSMUSG00000007440.10,+,Pcdha10,protein_coding,0.759471966283628,1.08392783856164,1.61447021599871
chr18,37005528,37006029,1.0816207083265572,chr18,36950741,37842200,ENSMUSG00000103458.1,+,PCDHA4,protein_coding,0.759471966283628,1.08392783856164,1.61447021599871
chr18,37005528,37006029,1.0816207083265572,chr18,36967916,37835296,ENSMUSG00000102836.1,+,RP23-407E2.5,protein_coding,0.759471966283628,1.08392783856164,1.61447021599871
chr18,37005528,37006029,1.0816207083265572,chr18,36973941,37835296,ENSMUSG00000103125.1,+,RP23-407E2.6,protein_coding,0.759471966283628,1.08392783856164,1.61447021599871
chr16,17466803,17467304,0.4197270332178947,chr16,17449987,17488255,ENSMUSG00000006134.3,+,Crkl,protein_coding,3.81603537157266,4.83141006090584,5.10807789652052
chr11,6324060,6324561,0.5126793313476136,chr11,6289633,6358642,ENSMUSG00000020456.13,+,Ogdh,protein_coding,1.53761947272177,1.83078055659496,2.19673816275235
chr16,12073330,12073831,0.5149184983979028,chr16,11982113,12272902,ENSMUSG00000022494.9,+,Shisa9,protein_coding,1.79907703488499,2.38596310805336,2.57388899189959
chr4,120717594,120718095,0.5619602341188322,chr4,120694138,120750612,ENSMUSG00000028631.7,-,Kcnq4,protein_coding,2.69550296230173,3.67477974536751,3.98324209029191
chr4,148471022,148471523,0.5079657377561363,chr4,148446611,148559683,ENSMUSG00000028991.11,+,Mtor,protein_coding,2.88225836384688,3.35092325701677,4.10234235212788
chr6,129095089,129095590,0.5922894267003996,chr6,129089816,129102903,ENSMUSG00000030155.6,-,Clec2e,protein_coding,1.37576479138264,1.81095260832859,2.07763790091638
chr7,126038412,126038913,0.6036405855484452,chr7,125876419,126084411,ENSMUSG00000046182.7,-,Gsg1l,protein_coding,3.42384902832783,5.12882928490141,5.20732811471716
chr17,71129840,71130341,0.7539095890041247,chr17,70876078,71395284,ENSMUSG00000097625.1,+,Gm26561,lincRNA,1.63722235354585,2.56441464245071,2.76577274707976
chr8,79727857,79728358,0.4471674635421402,chr8,79709820,79779321,ENSMUSG00000036977.7,+,Anapc10,protein_coding,1.02715470849835,1.1830675798935,1.40273641717921
chr5,96584666,96585167,0.3725886013702176,chr5,96371955,96786728,ENSMUSG00000034687.4,+,Fras1,protein_coding,2.21616409833583,3.02706676866604,2.87163964648951
chr11,33221799,33222300,0.3150329992756341,chr11,33202055,33223477,ENSMUSG00000087501.1,+,Gm12116,lincRNA,2.98186124467097,3.98541760154066,3.71195816055442
chr11,33221799,33222300,0.3150329992756341,chr11,33209795,33515746,ENSMUSG00000040594.14,-,Ranbp17,protein_coding,2.98186124467097,3.98541760154066,3.71195816055442
chr7,131775391,131775892,0.4847454604985425,chr7,130160451,133125350,ENSMUSG00000030849.13,-,Fgfr2,protein_coding,3.80358501146965,5.2742342388548,5.32642837655313
chr5,121236108,121236609,0.4342772455385095,chr5,121218219,121370577,ENSMUSG00000042744.12,+,Gm15800,protein_coding,3.36159722781278,4.72566100348519,4.54565999340621
chr14,11696480,11696981,0.8729927627570916,chr14,11551532,12244041,ENSMUSG00000021745.9,+,Ptprg,protein_coding,1.3608648048903413,2.6203006917607046,1.850565302395773
chr17,46578553,46579054,0.8372301649033107,chr17,46562451,46631504,ENSMUSG00000023972.9,-,Ptk7,protein_coding,0.83417412690169,1.57301722913213,1.49536995416274
chr17,46578553,46579054,0.8372301649033107,chr17,46469501,46827221,ENSMUSG00000097560.1,+,Gm26904,lincRNA,0.83417412690169,1.57301722913213,1.49536995416274
chr1,168078743,168079244,0.3987599609932198,chr1,168002139,168124465,ENSMUSG00000093538.2,+,Gm20711,antisense,2.19126337812981,2.45866558503006,2.89148969012884
chr6,54970467,54970968,0.4370112012224884,chr6,54921942,54974612,ENSMUSG00000038058.10,-,Nod1,protein_coding,1.60609645328833,1.60606380957609,2.17688811911302
chr6,136875633,136876134,0.393413051561958,chr6,136870436,136877805,ENSMUSG00000030218.1,-,Mgp,protein_coding,2.81378138328033,2.80235002164716,3.6987247981282
chr16,8594870,8595371,1.1235665293707486,chr16,8511429,8623568,ENSMUSG00000057880.8,+,Abat,protein_coding,0.485564044017402,0.898866988075505,1.06528567531063
chr4,109385576,109386077,0.4040862858539762,chr4,109278268,109389817,ENSMUSG00000028552.9,+,Eps15,protein_coding,2.35311805946895,3.50954684314774,3.11645685137456
chr10,10697490,10697991,0.5598679490080221,chr10,10684059,11084356,ENSMUSG00000019828.9,-,Grm1,protein_coding,1.37576479138264,1.68537560264157,2.03132113242461
chr16,35993233,35993734,0.2921354103935267,chr16,35976750,36039131,ENSMUSG00000022905.8,+,Kpna1,protein_coding,3.6292799700275,4.17708776811558,4.44640977520957
chr9,114562804,114563305,0.3256570118579911,chr9,114505133,114566369,ENSMUSG00000079259.2,-,Trim71,protein_coding,4.60663323811381,5.61130935938312,5.77636269904458
chr4,121226921,121227422,0.3475395708018561,chr4,121225101,121229473,ENSMUSG00000080706.1,-,Gm12890,processed_pseudogene,4.50080517723822,5.75010499724772,5.73004593055281
chr11,83387033,83387534,0.3972293615794257,chr11,83297024,83407035,ENSMUSG00000035152.10,+,Ap2b1,protein_coding,4.28292387543554,4.34232067033534,5.64402907478239
chr10,83639834,83640335,0.4082753535144938,chr10,83598033,83650738,ENSMUSG00000020263.10,-,Appl2,protein_coding,3.11881520580408,3.87305922803122,4.14204243940653
chr7,18943140,18943641,1.0220081930749672,chr7,18923888,18967319,ENSMUSG00000030411.11,+,Nova2,protein_coding,1.04583024865286,2.02245072316989,2.13057135062125
chr9,46073403,46073904,0.5486765555867912,chr9,46010820,46226194,ENSMUSG00000034135.10,+,Sik3,protein_coding,1.86132883540004,2.55119601027312,2.72607265980111
chr8,23737809,23738310,0.3379630069939648,chr8,23634019,24158585,ENSMUSG00000037492.11,+,Zmat4,protein_coding,3.34292168765826,4.50755357255511,4.22805929517696
chr18,82591411,82591912,0.5680086114193517,chr18,82591593,82694883,ENSMUSG00000041258.12,-,Zfp236,protein_coding,1.30106263076458,1.5267520165106,1.93207091422797
chr4,46699162,46699663,0.3363527453272588,chr4,46660318,46993873,ENSMUSG00000039809.9,-,Gabbr2,protein_coding,2.5398734610141,2.87505249862386,3.2090903883581
chr4,111816073,111816574,0.9893168807243232,chr4,111717984,111831184,ENSMUSG00000034401.12,+,Spata6,protein_coding,1.214810002706722,1.6530200966342006,1.7856748244481648
chr5,139164374,139164875,0.5724973321096378,chr5,139148223,139188510,ENSMUSG00000025857.6,+,Heatr2,protein_coding,3.00053678482548,4.08455734287252,4.4662598188489
chr13,24241280,24241781,0.402520673909939,chr13,24010344,24282795,ENSMUSG00000021338.13,-,Lrrc16a,protein_coding,2.34066769936594,2.10176251623537,3.09660680773524
chr6,28418353,28418854,0.790111364038656,chr6,28414091,28430390,ENSMUSG00000029708.9,-,Gcc1,protein_coding,1.7813754155488308,2.6157021651011028,2.2826302536947285
chr2,36051778,36052279,0.409425369550589,chr2,36047458,36081718,ENSMUSG00000026894.4,+,Morn5,protein_coding,2.25974035869637,2.30665131498788,3.0039732707517
chr11,60384384,60384885,0.3709378911588576,chr11,60351329,60396341,ENSMUSG00000056598.12,+,Lrrc48,protein_coding,3.63550515007901,4.95037775050407,4.70446034252084
chr9,56339748,56340249,0.3098896959996746,chr9,56199126,56420067,ENSMUSG00000074305.5,-,Peak1,protein_coding,2.83245692343484,3.23195556741854,3.51345772416113
chr8,111024833,111025334,0.3003606320242745,chr8,111001188,111033751,ENSMUSG00000033658.12,-,Ddx19b,protein_coding,2.69550296230173,2.5710239585395,3.32157396898096
chr12,21201825,21202326,0.2575719410302948,chr12,20988459,21202919,ENSMUSG00000090370.3,+,Gm21989,processed_transcript,6.66094265511051,7.66019734690816,7.96648418058381
chr12,21201825,21202326,0.2575719410302948,chr12,21109748,21272171,ENSMUSG00000052632.11,+,Asap2,protein_coding,6.66094265511051,7.66019734690816,7.96648418058381
chr13,43077426,43077927,0.25463735645962,chr13,42678623,43140526,ENSMUSG00000054728.12,+,Phactr1,protein_coding,4.65643467852585,4.91072185397133,5.55801221901196
chr8,115061332,115061833,0.450773346252329,chr8,114437655,115354708,ENSMUSG00000004637.11,+,Wwox,protein_coding,1.40689069164016,1.35490979820205,1.92545423301486
chr16,42748630,42749131,0.5594618420269061,chr16,42723702,42877762,ENSMUSG00000075070.6,-,4932412D23Rik,processed_transcript,2.00450797658466,3.06011334910999,2.95765650225994
chr9,43149450,43149951,0.3845284968924304,chr9,43121939,43212369,ENSMUSG00000032015.11,-,Pou2f3,protein_coding,4.21444689486898,5.84924473857957,5.50507876930709
chr9,109997394,109997895,0.2633722434657944,chr9,109976869,110083742,ENSMUSG00000103508.1,+,Map4,protein_coding,5.85166924841484,5.87568200293474,7.02691544832227
chr9,109997394,109997895,0.2633722434657944,chr9,109929458,110085946,ENSMUSG00000032479.11,+,Map4,protein_coding,5.85166924841484,5.87568200293474,7.02691544832227
chr6,91365412,91365913,0.4730966641576432,chr6,91361981,91413363,ENSMUSG00000030093.6,-,Wnt7a,protein_coding,4.07749293373587,5.28084355494359,5.66387911842171
chr16,8715950,8716451,0.5916422477760559,chr16,8687595,8794308,ENSMUSG00000022710.13,-,Usp7,protein_coding,2.24106481854185,3.00723882039967,3.38112409989894
chr7,133066817,133067318,0.3560263178001143,chr7,132985563,133126354,ENSMUSG00000030970.12,-,Ctbp2,protein_coding,8.42266860968646,11.4869913623179,10.7851903773685
chr7,133066817,133067318,0.3560263178001143,chr7,130160451,133125350,ENSMUSG00000030849.13,-,Fgfr2,protein_coding,8.42266860968646,11.4869913623179,10.7851903773685
chr6,119054797,119055298,1.11082977849385,chr6,118585240,119198418,ENSMUSG00000051331.10,-,Cacna1c,protein_coding,2.170046683557019,2.4570552429515207,3.482084338060634
chr4,152548307,152548808,0.4882597656982438,chr4,152474706,152565183,ENSMUSG00000039577.13,+,Nphp4,protein_coding,3.6292799700275,4.5141628886439,5.0948445340943
chr11,44625967,44626468,0.3007005245450141,chr11,44615317,45010091,ENSMUSG00000057098.10,+,Ebf1,protein_coding,1.67457343385488,1.82417124050617,2.06440453849016
chr4,151099733,151100234,0.4792022701114469,chr4,150915322,151863876,ENSMUSG00000014592.15,-,Camta1,protein_coding,3.48610082884288,4.89089390570495,4.86326069163547
chr17,28517937,28518438,0.3627389257965739,chr17,28397095,28519524,ENSMUSG00000024222.12,-,Fkbp5,protein_coding,6.95352611753125,9.31913568519457,8.94575300012402
chr4,115709106,115709607,0.325970159823878,chr4,115705251,115710303,ENSMUSG00000081172.1,+,Gm12849,processed_pseudogene,4.3576260360536,5.36676466409787,5.46537868202843
chr9,29796234,29796735,0.4287308923473801,chr9,28992750,29965141,ENSMUSG00000059974.6,-,Ntm,protein_coding,2.39669431982948,2.78252207338079,3.22894043199743
chr8,14766901,14767402,0.275225098625292,chr8,14093865,14849680,ENSMUSG00000047495.11,+,Dlgap2,protein_coding,4.33895049589909,5.10239202054625,5.25364488320893
chr2,101598326,101598827,0.3723783827952691,chr2,101558781,101651532,ENSMUSG00000027165.12,-,B230118H07Rik,protein_coding,1.76172595457596,1.72503149917431,2.28275501852277
chr4,151728613,151729114,0.3946559102202487,chr4,150915322,151863876,ENSMUSG00000014592.15,-,Camta1,protein_coding,5.37233038444894,6.64897198532322,7.06661553560092
chr7,36717175,36717676,1.525618387055112,chr7,36696118,36775553,ENSMUSG00000021217.7,+,Tshz3,protein_coding,0.379735983141814,0.905476304164295,1.10498576258928
chr1,190729526,190730027,0.6872567773124634,chr1,190698202,190913770,ENSMUSG00000089872.6,-,Rps6kc1,protein_coding,1.80530221493649,1.88365508530529,2.91133973376817
chr10,95288160,95288661,0.5256183870551117,chr10,95172746,95326097,ENSMUSG00000045867.9,-,Cradd,protein_coding,1.15165830952845,2.10176251623537,1.66078698449048
chr4,139926111,139926612,0.3330017559394442,chr4,139921349,139935170,ENSMUSG00000087628.1,+,Gm13028,lincRNA,8.5845232910256,10.7137013799294,10.818273783434
chr4,139926111,139926612,0.3330017559394442,chr4,139924111,139945519,ENSMUSG00000085928.1,-,4933427I22Rik,lincRNA,8.5845232910256,10.7137013799294,10.818273783434
chr10,80766111,80766612,0.617094538204926,chr10,80764859,80770987,ENSMUSG00000075558.3,-,Gm17151,antisense,2.25351517864486,3.2650021478625,3.46052427445626
chr10,80766111,80766612,0.617094538204926,chr10,80753206,80797461,ENSMUSG00000061589.10,+,Dot1l,protein_coding,2.25351517864486,3.2650021478625,3.46052427445626
chr3,102203069,102203570,0.4633641766613928,chr3,102154701,102206693,ENSMUSG00000027860.11,-,Vangl1,protein_coding,1.56252019292779,2.14802772885691,2.15703807547369
chr3,102203069,102203570,0.4633641766613928,chr3,102201956,102208266,ENSMUSG00000089916.1,+,Gm16160,lincRNA,1.56252019292779,2.14802772885691,2.15703807547369
chr16,77021427,77021928,0.6594036225589366,chr16,77012069,77118779,ENSMUSG00000022867.9,+,Usp25,protein_coding,2.3771853496928417,2.4438355430633485,3.473169430525241
chr10,45470012,45470513,0.7568519626747554,chr10,45374620,45472201,ENSMUSG00000063804.7,-,Lin28b,protein_coding,0.9794618389801589,1.5377140504395415,1.5683316351648815
chr16,20498593,20499094,0.316211607313144,chr16,20496817,20511955,ENSMUSG00000003235.8,+,Eif2b5,protein_coding,10.3213485253955,12.1347043390193,12.8562115970717
chr19,5048004,5048505,0.5579065586626888,chr19,5039404,5051917,ENSMUSG00000080268.3,+,Brms1,protein_coding,3.77245911121212,5.63113730764949,5.55801221901196
chr5,114357291,114357792,0.4016058650912897,chr5,114312941,114366576,ENSMUSG00000066952.7,+,Myo1h,protein_coding,4.83073971996799,6.49695771528104,6.38509737065065
chr2,130211469,130211970,0.3713639509737529,chr2,130193194,130266445,ENSMUSG00000060332.5,+,Tmc2,protein_coding,4.34517567595059,5.26762492276601,5.62417903114306
chr6,118754401,118754902,0.4449694864082563,chr6,118585240,119198418,ENSMUSG00000051331.10,-,Cacna1c,protein_coding,2.73907922266226,3.00062950431088,3.73180820419375
chr6,87522984,87523485,0.7730637163227885,chr6,87456545,87535259,ENSMUSG00000030047.10,-,Arhgap25,protein_coding,0.740796426129113,1.44083090735632,1.27040279291702
chr2,165068748,165069249,0.463056336045504,chr2,165053627,165074948,ENSMUSG00000017652.12,+,Cd40,protein_coding,3.74133321095459,5.34032739974271,5.16101134622539
chr19,6300370,6300871,0.7940892197859141,chr19,6274725,6302096,ENSMUSG00000024772.9,+,Ehd1,protein_coding,1.78662667478198,2.60407053898345,3.10322348894835
chr9,118082756,118083257,0.7987762251657834,chr9,118062529,118152196,ENSMUSG00000039163.9,-,Cmc1,protein_coding,1.68204563249371,1.7417706913814812,2.561455098216881
chr16,95363532,95364033,0.3134592525610281,chr16,95357169,95588593,ENSMUSG00000040732.14,-,Erg,protein_coding,3.22464326667967,3.65495179710113,4.00970881514434
chr5,141831265,141831766,0.4038008203567108,chr5,141239490,142217586,ENSMUSG00000039683.12,+,Sdk1,protein_coding,3.19351736642214,3.27822078004008,4.22805929517696
chr2,164794249,164794750,0.5066508824143026,chr2,164783823,164795816,ENSMUSG00000050373.9,+,Snx21,protein_coding,3.2619943469887,4.32249272206897,4.63829353038974
chr2,164794249,164794750,0.5066508824143026,chr2,164790768,164806882,ENSMUSG00000017307.11,-,Acot8,protein_coding,3.2619943469887,4.32249272206897,4.63829353038974
chr17,12801259,12801760,0.7365901128040986,chr17,12739311,12862122,ENSMUSG00000078247.3,+,Airn,antisense,0.815498586747174,1.03766262594011,1.36303632990055
chr8,125218522,125219023,0.2916159236192528,chr8,125052195,125263858,ENSMUSG00000043051.13,+,Disc1,protein_coding,5.64623830671517,7.13145205980493,6.91443186769941
chr5,114358722,114359223,0.3182112202475178,chr5,114312941,114366576,ENSMUSG00000066952.7,+,Myo1h,protein_coding,7.06557935845834,9.00849782902142,8.81341937586183
chr1,180202799,180203300,0.2843355592933975,chr1,180200303,180214401,ENSMUSG00000104520.1,-,RP23-226J18.4,lincRNA,4.80583899976197,5.53860688240642,5.85576287360189
chr10,42961068,42961569,0.3344383299207629,chr10,42858370,42962780,ENSMUSG00000044770.10,+,Scml4,protein_coding,3.82848573167567,4.06472939460614,4.83017728556992
chr11,118815102,118815603,0.3688872096757114,chr11,118487762,118913597,ENSMUSG00000025576.13,-,Rbfox3,protein_coding,4.93656778084358,5.78976089378046,6.37848068943754
chr9,108441436,108441937,0.3302192250747641,chr9,108434482,108448086,ENSMUSG00000050641.7,+,BC048562,protein_coding,5.63378794661216,7.633760082553,7.08646557924025
chr10,108535455,108535956,0.6897377668162183,chr10,108495650,109012982,ENSMUSG00000035864.10,-,Syt1,protein_coding,1.141610441510073,1.763958912647651,2.1102497696638585
chr12,70881191,70881692,0.7432328497977638,chr12,70823514,70904232,ENSMUSG00000048285.8,+,Frmd6,protein_coding,2.8241719171672526,3.6861007737066456,4.607734215711643
chr6,117646523,117647024,0.5860661515852583,chr6,117644693,117753769,ENSMUSG00000099869.2,-,1700030F04Rik,lincRNA,1.74305041442144,1.57962654522092,2.62020576039135
chr2,165907283,165907784,0.3772231964175589,chr2,165906051,165910175,ENSMUSG00000092796.1,-,Gm22692,miRNA,3.71643249074857,3.78052880278815,4.83017728556992
chr8,70416914,70417415,0.437016411943894,chr8,70380355,70441579,ENSMUSG00000003575.9,-,Crtc1,protein_coding,5.21670088316131,6.21275712346305,7.06661553560092
chr1,93403920,93404421,0.7494217571992672,chr1,93371930,93406303,ENSMUSG00000034107.6,+,Ano7,protein_coding,2.7388607713276754,2.909081520434625,4.016265465589816
chr1,93403920,93404421,0.7494217571992672,chr1,93403940,93480815,ENSMUSG00000034088.11,-,Hdlbp,protein_coding,2.7388607713276754,2.909081520434625,4.016265465589816
chr9,67276374,67276875,0.5400094793607332,chr9,67215087,67561703,ENSMUSG00000052698.10,-,Tln2,protein_coding,1.41311587169167,2.13480909667932,2.05778785727705
chr13,119839935,119840436,1.0075289699598116,chr13,119834006,119848570,ENSMUSG00000095514.2,+,D13Ertd608e,protein_coding,0.62874318520202,0.773289982388486,1.27040279291702
chr19,11803078,11803579,0.6331706442703255,chr19,11773119,11821403,ENSMUSG00000041488.11,-,Stx3,protein_coding,2.07921013720272,2.43883763676369,3.22894043199743
chr9,44812940,44813441,0.5822619664128045,chr9,44801355,44883296,ENSMUSG00000002028.8,-,Kmt2a,protein_coding,1.50026839241274,3.07994129737636,2.24967161245722
chr14,51161908,51162409,0.3815585761176449,chr14,51160260,51165018,ENSMUSG00000059606.3,+,Rnase2b,protein_coding,1.42556623179468,1.5267520165106,1.85928742088376
chr15,99225432,99225933,0.2575225224343769,chr15,99222976,99244817,ENSMUSG00000037579.6,+,Kcnh3,protein_coding,9.94783772230523,11.7910199024022,11.8967928211708
chr6,17558107,17558608,0.5811446086384369,chr6,17461800,17575980,ENSMUSG00000009376.11,+,Met,protein_coding,0.771922326386638,0.998006729407362,1.15791921229416
chr4,130270705,130271206,0.4761207252143165,chr4,130251495,130281205,ENSMUSG00000023232.13,-,Serinc2,protein_coding,4.28292387543554,5.43946714107456,5.96162977301164
chr5,107848155,107848656,0.7612690423422388,chr5,107742795,107877107,ENSMUSG00000011831.12,-,Evi5,protein_coding,1.03960506860136,1.42100295908995,1.76665388390023
chr5,144794746,144795247,0.38543628279705,chr5,144766092,144861778,ENSMUSG00000045482.11,+,Trrap,protein_coding,5.88279514867236,5.73688636507014,7.68858356963321
chr7,7136815,7137316,0.7490810569872954,chr7,7128678,7138755,ENSMUSG00000063535.6,-,Zfp773,protein_coding,1.36331443127963,1.8043432922398,2.29598838094899
chr2,166882100,166882601,0.9619663925793678,chr2,166803588,166900052,ENSMUSG00000074582.6,+,Arfgef2,protein_coding,1.00225398829233,1.5994544934873,1.95853763908041
chr7,25305884,25306385,0.8262319616824887,chr7,25299359,25306133,ENSMUSG00000058741.3,+,Prr19,protein_coding,2.02318351673917,3.00723882039967,3.59285789871845
chr7,25305884,25306385,0.8262319616824887,chr7,25304106,25318195,ENSMUSG00000043843.12,+,Tmem145,protein_coding,2.02318351673917,3.00723882039967,3.59285789871845
chrX,50569053,50569554,1.6383115529725372,chrX,50553744,50637321,ENSMUSG00000085396.3,-,Firre,processed_transcript,0.348610082884288,0.912085620253086,1.09836908137617
chr1,89590929,89591430,0.3628827836135588,chr1,89452806,89899617,ENSMUSG00000055013.10,+,Agap1,protein_coding,3.13126556590709,3.89949649238638,4.02955885878367
chr15,103215153,103215654,0.272034332256669,chr15,103189544,103241816,ENSMUSG00000009575.10,-,Cbx5,protein_coding,6.38080955279278,8.04353768005801,7.70843361327254
chr4,131780943,131781444,0.3066657951253881,chr4,131766457,131840288,ENSMUSG00000028909.13,-,Ptpru,protein_coding,5.57153614609711,6.64236266923443,6.89458182406008
chr17,5490226,5490727,0.38054424956346,chr17,5490600,5755891,ENSMUSG00000034265.7,+,Zdhhc14,protein_coding,4.83073971996799,5.34032739974271,6.29246383366711
chr7,37298711,37299212,1.39908342532913,chr7,37297265,37306034,ENSMUSG00000099715.1,+,Gm28077,lincRNA,0.342384902832783,0.720415453678162,0.913102007409108
chr17,83742399,83742900,0.4425197708402577,chr17,83704163,83823516,ENSMUSG00000055817.13,+,Mta3,protein_coding,2.24728999859336,3.06011334910999,3.05690672045658
chr2,154670037,154670538,0.2721406957048821,chr2,154649705,154696785,ENSMUSG00000038467.11,+,Chmp4b,protein_coding,4.91789224068907,5.9021192672899,5.94177972937231
chr9,42394291,42394792,0.3434327417942944,chr9,42327619,42401929,ENSMUSG00000037705.9,-,Tecta,protein_coding,4.64398431842284,6.41103660612676,5.89546296088055
chr1,39988777,39989278,0.374228409969314,chr1,39898913,40028310,ENSMUSG00000026074.10,+,Map4k4,protein_coding,2.93828498431043,3.21873693524096,3.81120837875106
chr2,31469942,31470443,0.7107878940434823,chr2,31468207,31522672,ENSMUSG00000076441.5,+,Ass1,protein_coding,3.23086844673117,4.22996229682591,5.29334497048758
chr5,116004209,116004710,0.4268074477788254,chr5,115843278,116010947,ENSMUSG00000029516.15,+,Cit,protein_coding,4.92411742074057,6.43086455439314,6.62329789432259
chr6,28525834,28526335,0.2844524820746874,chr6,28473139,28937162,ENSMUSG00000001424.10,+,Snd1,protein_coding,2.33444251931443,2.13480909667932,2.84517292163708
chr5,129594079,129594580,0.5055624666396388,chr5,129582169,129610875,ENSMUSG00000029436.8,+,Mmp17,protein_coding,4.43855337672317,5.4857323536961,6.30569719609333
chr19,58033649,58034150,0.3028863082619122,chr19,57609034,58135338,ENSMUSG00000054843.8,+,Atrnl1,protein_coding,3.66663105033653,3.78713811887694,4.52580994976688
chr6,138069830,138070331,0.3464155720247884,chr6,137981586,138081916,ENSMUSG00000044378.8,-,Slc15a5,protein_coding,1.4504669520007,1.92331098183803,1.84605405845754
chr7,125687708,125688209,0.3686079707371551,chr7,125638955,125709780,ENSMUSG00000032777.8,-,Gtf3c1,protein_coding,5.26027714352185,6.58287882443532,6.79533160586343
chr11,69169265,69169766,0.6440257639343633,chr11,69154989,69171792,ENSMUSG00000032807.5,+,Alox12b,protein_coding,2.65192670194119,5.00325227921439,4.14865912061964
chr11,58981847,58982348,0.4510361909931417,chr11,58976093,58993458,ENSMUSG00000020455.12,+,Trim11,protein_coding,5.14199872254325,6.99926573802912,7.03353212953538
chr1,155713259,155713760,0.9317026020558024,chr1,155696031,155753684,ENSMUSG00000026468.10,-,Lhx4,protein_coding,0.784372686489649,1.28220732122535,1.50198663537585
chr14,63806930,63807431,0.6267141851628006,chr14,63604503,63822809,ENSMUSG00000035067.9,+,Xkr6,protein_coding,1.65589789370037,2.28021405063271,2.56065562947337
chr19,28395410,28395911,0.6640719898916638,chr19,28256851,28682077,ENSMUSG00000052942.9,-,Glis3,protein_coding,1.42556623179468,1.94974824619319,2.26290497488344
chr8,24539530,24540031,0.5124638911858022,chr8,24529894,24578333,ENSMUSG00000031549.11,-,Ido2,protein_coding,2.24728999859336,2.67016369987135,3.2090903883581
chr11,109717411,109717912,0.3246061960073388,chr11,109667749,109724279,ENSMUSG00000020614.9,-,Fam20a,protein_coding,3.89696271224222,4.95037775050407,4.8831107352748
chr13,98008513,98009014,0.2835351164246704,chr13,97896595,98208165,ENSMUSG00000021662.9,-,Arhgef28,protein_coding,3.6292799700275,4.59347468170938,4.41994305035713
chr16,35067013,35067514,0.5493289854210115,chr16,35020421,35111175,ENSMUSG00000035376.9,+,Ptplb,protein_coding,1.6932489740094,2.1546370449457,2.48125545491605
chr2,91852393,91852894,0.3002662166206146,chr2,91728134,91920849,ENSMUSG00000040506.12,+,Ambra1,protein_coding,5.47815844532453,6.00786832471054,6.74901483737167
chr17,36122341,36122842,0.874867822266676,chr17,36113876,36123465,ENSMUSG00000079491.5,-,H2-T10,polymorphic_pseudogene,2.0059934959202232,3.3808794521286103,4.148532836023205
chr17,36122341,36122842,0.874867822266676,chr17,36107719,36131425,ENSMUSG00000092243.4,-,Gm7030,protein_coding,2.0059934959202232,3.3808794521286103,4.148532836023205
chr17,36122341,36122842,0.874867822266676,chr17,36119678,36131692,ENSMUSG00000092277.1,+,Gm19684,protein_coding,2.0059934959202232,3.3808794521286103,4.148532836023205
chr14,60659459,60659960,0.3668796745845042,chr14,60632001,60766556,ENSMUSG00000021990.11,+,Spata13,protein_coding,2.9071590840529,3.2650021478625,3.75165824783307
chr2,59054311,59054812,0.2577010308239966,chr2,58819697,59162683,ENSMUSG00000036641.8,-,Ccdc148,protein_coding,3.57325334956395,3.50954684314774,4.27437606366872
chr16,20746624,20747125,0.2662677669722602,chr16,20743308,20747472,ENSMUSG00000065372.1,+,Gm22741,snRNA,6.74186999578007,8.19555195010019,8.11205116727222
chr11,74479882,74480383,0.6405168828816286,chr11,74381356,74592186,ENSMUSG00000038807.13,-,Rap1gap2,protein_coding,1.69947415406091,3.11959719390911,2.6532891664569
chr8,16680841,16681342,0.3357156833675799,chr8,15890537,17537586,ENSMUSG00000060924.10,-,Csmd1,protein_coding,3.24331880683418,3.58224932012444,4.09572567091477
chr7,28821459,28821960,0.400889502247479,chr7,28806541,28824266,ENSMUSG00000015165.12,+,Hnrnpl,protein_coding,6.5364390540804,8.70446928893706,8.63476898310787
chr8,120426987,120427488,0.2570889747199999,chr8,120228536,120583390,ENSMUSG00000031822.14,+,Gse1,protein_coding,5.98239802949645,6.53000429572499,7.15263239137135
chr8,120426987,120427488,0.2570889747199999,chr8,119908841,124347722,ENSMUSG00000092329.1,+,Gm20388,protein_coding,5.98239802949645,6.53000429572499,7.15263239137135
chr17,85608293,85608794,1.2486520664778071,chr17,85598651,85620398,ENSMUSG00000093460.5,-,Six3os1,processed_transcript,1.433198535156821,1.4935703672572762,2.8692453845056467
chr11,96303002,96303503,0.8193918792820108,chr11,96290476,96303569,ENSMUSG00000000690.5,+,Hoxb6,protein_coding,1.05828060875588,1.34169116602447,1.87252078330998
chr11,96303002,96303503,0.8193918792820108,chr11,96289024,96308910,ENSMUSG00000085645.1,-,Hoxb5os,antisense,1.05828060875588,1.34169116602447,1.87252078330998
chr11,96303002,96303503,0.8193918792820108,chr11,96301336,96308121,ENSMUSG00000038700.4,+,Hoxb5,protein_coding,1.05828060875588,1.34169116602447,1.87252078330998
chr18,61843592,61844093,0.4140824477408634,chr18,61797395,61913852,ENSMUSG00000032735.10,-,Ablim3,protein_coding,2.68927778225022,2.89488044689023,3.58624121750534
chr5,121343000,121343501,0.3915193501777382,chr5,121218219,121370577,ENSMUSG00000042744.12,+,Gm15800,protein_coding,5.64623830671517,6.44408318657072,7.41068295868262
chr17,20991724,20992225,0.5440114099182296,chr17,20991727,20996686,ENSMUSG00000045575.1,-,Vmn1r233,protein_coding,2.23483963849035,2.99402018822209,3.26202383806297
chr2,156617510,156618011,0.3135653541430729,chr2,156611705,156766363,ENSMUSG00000061689.11,+,Dlgap4,protein_coding,6.26875631186568,7.10501479544976,7.79445046904297
chr2,31612596,31613097,1.1541683143085149,chr2,31610421,31614484,ENSMUSG00000098904.1,+,Mir6998,miRNA,0.454438143759876,0.68736887323421,1.01896890681886
chr2,31612596,31613097,1.1541683143085149,chr2,31570651,31619526,ENSMUSG00000026843.11,+,Fubp3,protein_coding,0.454438143759876,0.68736887323421,1.01896890681886
chr7,57273081,57273582,0.5395869179593559,chr7,56714465,57389188,ENSMUSG00000055026.9,-,Gabrg3,protein_coding,2.44649576024152,2.84200591817991,3.5597744926529
chr13,54193712,54194213,0.6191439608519265,chr13,54190129,54224432,ENSMUSG00000034987.3,+,Hrh2,protein_coding,1.82397775509101,3.18569035479701,2.80547283435842
chr15,76195498,76195999,1.1305659965551125,chr15,76168974,76234574,ENSMUSG00000022565.11,-,Plec,protein_coding,1.9684420341027236,2.4388910458235444,3.8368059903561713
chr4,141941240,141941741,0.3187604703562541,chr4,141888438,142017082,ENSMUSG00000051435.7,-,Fhad1,protein_coding,5.32875412408841,5.2742342388548,6.64976461917503
chr2,93084422,93084923,0.70739356549377,chr2,93083942,93100244,ENSMUSG00000087559.1,-,Gm13802,lincRNA,1.6870237939579,2.44544695285248,2.75915606586665
chr8,117094733,117095234,0.5125585018943131,chr8,117093854,117135720,ENSMUSG00000031845.11,+,Bco1,protein_coding,1.55629501287629,2.56441464245071,2.22320488760479
chr5,29477758,29478259,0.9163106246570032,chr5,29471034,29480470,ENSMUSG00000001566.9,-,Mnx1,protein_coding,0.883975567313731,1.36151911429084,1.6740203469167
chr13,59628147,59628648,0.5234371779660261,chr13,59583259,59636798,ENSMUSG00000021555.10,+,Naa35,protein_coding,2.44649576024152,3.7474822223442,3.52007440537424
chr15,94309619,94310120,0.5630369469221068,chr15,94268163,94467418,ENSMUSG00000022449.10,-,Adamts20,protein_coding,1.55629501287629,1.85721782095012,2.3026050621621
chr5,118029426,118029927,0.2967417940326224,chr5,118025743,118063878,ENSMUSG00000029359.9,+,Tesc,protein_coding,8.13008514726572,9.74874123096595,9.99118863179531
chr14,62743975,62744476,0.3804511934766804,chr14,62674330,62763112,ENSMUSG00000035161.6,-,Ints6,protein_coding,2.12278639756326,2.20751157365602,2.76577274707976
chr2,102021640,102022141,0.5332315711649871,chr2,101948203,102188385,ENSMUSG00000048058.13,-,Ldlrad3,protein_coding,1.73060005431843,2.54458669418433,2.50772217976849
chr15,37777478,37777979,0.5639353186062138,chr15,37364175,37794570,ENSMUSG00000051359.10,-,Ncald,protein_coding,1.28238709061006,1.7382501313519,1.89898750816242
chr10,80138310,80138811,0.340672678296298,chr10,80136632,80147818,ENSMUSG00000003072.11,+,Atp5d,protein_coding,5.47815844532453,6.53661361181378,6.94089859255184
chr10,80138310,80138811,0.340672678296298,chr10,80128451,80142835,ENSMUSG00000035640.14,-,Dos,protein_coding,5.47815844532453,6.53661361181378,6.94089859255184
chr16,43410219,43410720,0.3699715613207076,chr16,43408518,43422196,ENSMUSG00000085499.1,-,Gm15713,lincRNA,2.67060224209571,3.5425934235917,3.45390759324315
chr16,43410219,43410720,0.3699715613207076,chr16,42873881,43644602,ENSMUSG00000022708.12,+,Zbtb20,protein_coding,2.67060224209571,3.5425934235917,3.45390759324315
chr5,112559040,112559541,1.0598409317603616,chr5,112417151,112579198,ENSMUSG00000058153.10,-,Sez6l,protein_coding,1.681006667618742,2.5836260371103497,2.928367930733991
chr5,143001103,143001604,0.2793706515757814,chr5,142988893,143115020,ENSMUSG00000045078.8,-,Rnf216,protein_coding,5.81431816810581,7.03892163456186,7.05999885438781
chr11,102874754,102875255,0.373994357435142,chr11,102836473,102882985,ENSMUSG00000020929.10,-,Eftud2,protein_coding,6.51153833387438,8.73090655329222,8.44288522792769
chr11,102874754,102875255,0.373994357435142,chr11,102861337,103077903,ENSMUSG00000097410.1,+,Gm26668,lincRNA,6.51153833387438,8.73090655329222,8.44288522792769
chr3,145292255,145292756,0.5813118873261873,chr3,145290472,145554011,ENSMUSG00000028197.4,+,Col24a1,protein_coding,1.51894393256726,1.61928244175367,2.27613833730966
chr13,12204382,12204883,0.3114621158184283,chr13,12184542,12260113,ENSMUSG00000021311.8,-,Mtr,protein_coding,3.25576916693719,3.48310957879258,4.04279222120989
chr15,4087899,4088400,0.2766019949003743,chr15,4024383,4157344,ENSMUSG00000022186.10,+,Oxct1,protein_coding,2.21616409833583,3.08655061346515,2.68637257252245
chr1,133641671,133642172,0.4585199190787588,chr1,133617862,133663380,ENSMUSG00000102976.1,-,Zc3h11a,protein_coding,2.58344972137464,2.80235002164716,3.55315781143979
chr1,133641671,133642172,0.4585199190787588,chr1,133617940,133663318,ENSMUSG00000094410.3,-,Zbed6,protein_coding,2.58344972137464,2.80235002164716,3.55315781143979
chr16,35431596,35432097,0.3872485787059143,chr16,35395313,35492873,ENSMUSG00000022844.7,-,Pdia5,protein_coding,2.93205980425892,3.36414188919435,3.8376751036035
chr9,58035377,58035878,0.5005571245016278,chr9,58030274,58050997,ENSMUSG00000086624.1,+,Gm16130,antisense,2.26596553874787,3.28483009612887,3.2090903883581
chr9,58035377,58035878,0.5005571245016278,chr9,58026677,58120823,ENSMUSG00000037716.10,-,Ccdc33,protein_coding,2.26596553874787,3.28483009612887,3.2090903883581
chr15,99754129,99754630,0.7519801150279093,chr15,99732881,99774885,ENSMUSG00000023021.11,-,Cers5,protein_coding,1.23881083024952,1.38134706255721,2.0908712633426
chr15,18762758,18763259,0.3330744834204742,chr15,18696194,18820772,ENSMUSG00000084873.2,-,C030047K22Rik,processed_transcript,1.20145974994049,1.49370543606665,1.51521999780207
chr12,82427463,82427964,0.367210421643651,chr12,82168016,82453782,ENSMUSG00000042700.11,+,Sipa1l1,protein_coding,2.67060224209571,3.15925309044185,3.44729091203004
chr2,49142162,49142663,0.2950926940715939,chr2,48947510,49324284,ENSMUSG00000036792.8,+,Mbd5,protein_coding,1.03960506860136,1.00461604549615,1.27701947413013
chr2,151631368,151631869,0.4099306033294835,chr2,151588549,151634593,ENSMUSG00000027457.11,-,Snph,protein_coding,3.54835262935793,4.42163246340083,4.71769370494706
chr13,24648654,24649155,0.2520690416113321,chr13,24580189,24735816,ENSMUSG00000036006.15,+,Fam65b,protein_coding,2.98186124467097,2.58424259071708,3.55315781143979
chr11,101526166,101526667,0.3666513458602976,chr11,101486764,101553955,ENSMUSG00000017146.8,-,Brca1,protein_coding,3.31802096745224,4.69261442304124,4.28099274488183
chr19,47279743,47280244,0.476539565409126,chr19,47258174,47466411,ENSMUSG00000053617.7,-,Sh3pxd2a,protein_coding,3.39272312807031,4.36875793469051,4.72431038616017
chr12,78244476,78244977,0.2667803308037733,chr12,78224655,78686767,ENSMUSG00000047454.7,+,Gphn,protein_coding,2.86358282369237,2.82878728600232,3.44729091203004
chr6,115210124,115210625,0.3617140208336167,chr6,115132902,115284626,ENSMUSG00000009394.9,+,Syn2,protein_coding,4.12729437414791,4.83801937699463,5.3065783329138
chr3,99125566,99126067,0.5009793074400293,chr3,99122186,99126302,ENSMUSG00000088884.1,-,Gm24216,snoRNA,1.43801659189769,2.04227867143626,2.03793781363772
chr15,84073833,84074334,0.5160495804165519,chr15,84074097,84107754,ENSMUSG00000018865.8,-,Sult4a1,protein_coding,2.63947634183818,3.72765427407783,3.77812497268551
chr9,109685253,109685754,0.9697753157901318,chr9,109674734,109704700,ENSMUSG00000074059.3,-,Fbxw18,protein_coding,0.827948946850185,1.11697441900559,1.62770357842493
chr17,46650267,46650768,0.3796599743038487,chr17,46644229,46652139,ENSMUSG00000002767.9,+,Mrpl2,protein_coding,8.28571464855335,10.5550777937984,10.7851903773685
chr17,46650267,46650768,0.3796599743038487,chr17,46469501,46827221,ENSMUSG00000097560.1,+,Gm26904,lincRNA,8.28571464855335,10.5550777937984,10.7851903773685
chr17,46650267,46650768,0.3796599743038487,chr17,46648337,46666364,ENSMUSG00000038545.9,+,Cul7,protein_coding,8.28571464855335,10.5550777937984,10.7851903773685
chr8,71533593,71534094,0.6311633590133117,chr8,71532264,71539437,ENSMUSG00000046718.7,-,Bst2,protein_coding,2.34689287941744,3.10637856173152,3.63917466721021
chr9,111381317,111381818,0.2968524209340767,chr9,111309739,111397774,ENSMUSG00000062296.4,+,Trank1,protein_coding,4.93656778084358,5.47251372151852,6.06749667242139
chr2,142625672,142626173,0.4137255069842145,chr2,142615474,142903531,ENSMUSG00000038844.8,-,Kif16b,protein_coding,1.66212307375187,1.87043645312771,2.21658820639168
chr7,16087545,16088046,0.4627996814187289,chr7,16069942,16098328,ENSMUSG00000078796.3,+,Zfp541,protein_coding,4.51948071739274,5.39981124454182,6.23291370274913
chr12,73113237,73113738,0.7839202058729262,chr12,73097609,73115456,ENSMUSG00000034460.9,-,Six4,protein_coding,1.02715470849835,1.67215697046399,1.77327056511334
chr15,103146669,103147170,0.3301304884372991,chr15,103121070,103148828,ENSMUSG00000097003.1,-,D930007P13Rik,lincRNA,6.79167143619212,8.15589605356745,8.54213544612434
chr15,80145133,80145634,0.710339659055472,chr15,80131154,80163701,ENSMUSG00000022414.7,+,Tab1,protein_coding,1.31973817091909,2.12159046450174,2.1636547566868
chr9,106531778,106532279,0.6113841986326146,chr9,106501225,106563631,ENSMUSG00000023577.10,-,Iqcf3,protein_coding,2.39669431982948,3.90610580847517,3.66564139206265
chr2,156840464,156840965,0.4634029906094139,chr2,156831049,156841892,ENSMUSG00000087179.4,-,Gm14230,lincRNA,4.23934761507501,4.28944614162502,5.84914619238878
chr2,156840464,156840965,0.4634029906094139,chr2,156838007,156857570,ENSMUSG00000062175.9,+,Tgif2,protein_coding,4.23934761507501,4.28944614162502,5.84914619238878
chr8,126326633,126327134,0.3809136369092929,chr8,126296558,126397482,ENSMUSG00000057060.7,+,Slc35f3,protein_coding,3.7475583910061,4.01846418198461,4.8831107352748
chr13,44949329,44949830,0.4312556175748044,chr13,44920079,45004096,ENSMUSG00000057531.9,-,Dtnbp1,protein_coding,2.8587837385798167,4.552329895263185,3.987426435638093
chr1,190728801,190729302,0.685830538752842,chr1,190698202,190913770,ENSMUSG00000089872.6,-,Rps6kc1,protein_coding,1.10808204916792,1.15663031553833,1.78650392753956
chr18,53954198,53954699,0.421916313733786,chr18,53860113,53957684,ENSMUSG00000073563.2,+,Csnk1g3,protein_coding,1.85510365534853,2.05549730361384,2.48787213612916
chr9,3023263,3023764,1.36339089181088,chr9,3015408,3023593,ENSMUSG00000095547.1,+,Gm10719,protein_coding,0.747021606180618,1.78451534397343,1.93207091422797
chr9,3023263,3023764,1.36339089181088,chr9,3021547,3027218,ENSMUSG00000095186.1,+,Gm10718,protein_coding,0.747021606180618,1.78451534397343,1.93207091422797
chr9,3023263,3023764,1.36339089181088,chr9,3023417,3035289,ENSMUSG00000095891.3,+,Gm10717,protein_coding,0.747021606180618,1.78451534397343,1.93207091422797
chr9,3023263,3023764,1.36339089181088,chr9,2998282,3040313,ENSMUSG00000097312.1,-,Gm26870,lincRNA,0.747021606180618,1.78451534397343,1.93207091422797
chr17,84681622,84682123,0.901571794527199,chr17,84674302,84702333,ENSMUSG00000024254.11,+,Abcg8,protein_coding,0.946227367828782,2.03566935534747,1.77327056511334
chr17,84681622,84682123,0.901571794527199,chr17,84656234,84685011,ENSMUSG00000040505.9,-,Abcg5,protein_coding,0.946227367828782,2.03566935534747,1.77327056511334
chr5,122585417,122585918,0.3345459763243211,chr5,122548204,122616518,ENSMUSG00000029469.10,-,Ift81,protein_coding,7.52624268226972,8.89613945551198,9.4949375408121
chr19,25236709,25237210,0.6971822047956141,chr19,25234975,25436496,ENSMUSG00000032702.12,+,Kank1,protein_coding,1.67457343385488,2.48510284938522,2.719455978588
chr11,77885950,77886451,0.4957562413110083,chr11,77878615,77896096,ENSMUSG00000017453.4,-,Pipox,protein_coding,2.98186124467097,4.25639956118107,4.20820925153763
chr5,36576146,36576647,0.6832262062534531,chr5,36488604,36595276,ENSMUSG00000029192.13,-,Tbc1d14,protein_coding,1.10185686911641,1.44083090735632,1.77327056511334
chr19,5847114,5847615,0.3402964583025654,chr19,5822708,5847478,ENSMUSG00000092274.2,-,Neat1,lincRNA,4.8369649000195,5.84263542249078,6.12704680333938
chr19,5847114,5847615,0.3402964583025654,chr19,5843623,5853388,ENSMUSG00000043488.5,+,Frmd8os,antisense,4.8369649000195,5.84263542249078,6.12704680333938
chr9,36707975,36708476,0.3124636396635008,chr9,36706482,36729065,ENSMUSG00000032113.11,-,Chek1,protein_coding,1.98583243643014,2.39918174023094,2.46802209248984
chr14,21995412,21995913,1.220179757867049,chr14,21990436,21998100,ENSMUSG00000103160.1,+,RP24-428B12.3,TEC,0.672319445562556,1.53336133259939,1.57477012872006
chr5,128806513,128807014,0.281352159838689,chr5,128758401,128955362,ENSMUSG00000029420.8,-,Rimbp2,protein_coding,6.48663761366836,8.12945878921229,7.8870840060265
chr7,138350051,138350552,0.4742457295106469,chr7,138206974,138399730,ENSMUSG00000091002.2,-,Tcerg1l,protein_coding,1.91735545586359,2.36613515978699,2.66652252888312
chr4,150230328,150230829,0.3160927932132855,chr4,150226035,150230443,ENSMUSG00000082140.1,+,Gm13094,processed_pseudogene,5.35988002434593,7.02570300238428,6.67623134402746
chr1,91400788,91401289,0.3418620857379547,chr1,91371861,91400815,ENSMUSG00000026309.10,-,Ilkap,protein_coding,1.89867991570907,2.59746122289466,2.40847196157185
chr10,79728756,79729257,0.3212441937791435,chr10,79714634,79738108,ENSMUSG00000020331.5,+,Hcn2,protein_coding,5.62133758650915,6.57626950834653,7.02691544832227
chr4,129983833,129984334,0.3053928298313241,chr4,129982870,130024633,ENSMUSG00000028782.10,+,Bai2,protein_coding,8.85220603324032,10.6013430064199,10.9439907264831
chr8,70865558,70866059,0.3834054845893689,chr8,70861127,70867428,ENSMUSG00000020887.3,+,A230052G05Rik,protein_coding,13.2285076094484,19.5040917780207,17.2629212850026
chr7,84576124,84576625,0.3045454752228401,chr7,84526975,84580337,ENSMUSG00000097789.1,+,Gm2115,lincRNA,5.28517786372787,5.10900133663504,6.53066435733906
chr5,31092488,31092989,0.3729833735825288,chr5,31084106,31110237,ENSMUSG00000029151.10,-,Slc30a3,protein_coding,5.48438362537603,7.14467069198251,7.10631562287958
chr5,31092488,31092989,0.3729833735825288,chr5,31092984,31099294,ENSMUSG00000104299.1,+,RP23-154K6.1,TEC,5.48438362537603,7.14467069198251,7.10631562287958
chr11,98369296,98369797,0.4887997485366493,chr11,98356368,98383112,ENSMUSG00000018167.6,+,Stard3,protein_coding,4.26424833528103,5.71044910071497,5.98809649786408
chr4,49586578,49587079,0.7730637163227885,chr4,49582506,49599876,ENSMUSG00000039611.2,-,Tmem246,protein_coding,0.740796426129113,0.958350832874619,1.27040279291702
chr11,118210103,118210604,0.2953021597766285,chr11,118130019,118250592,ENSMUSG00000017132.13,-,Cyth1,protein_coding,4.41365265651715,5.16848518143415,5.41906191353666
chr2,21072169,21072670,0.3192053463031147,chr2,21042808,21143954,ENSMUSG00000086821.3,-,Gm13377,unprocessed_pseudogene,2.60212526152915,2.62389848724982,3.24879047563675
chr5,35017886,35018387,0.5369963580892638,chr5,34947445,35041644,ENSMUSG00000029101.10,+,Rgs12,protein_coding,2.63325116178668,2.70321028031531,3.82444174117728
chr9,107963641,107964142,0.5707453523015023,chr9,107948136,107974270,ENSMUSG00000032586.5,+,Traip,protein_coding,3.52967708920342,4.84462869308342,5.24702820199582
chr1,158285160,158285661,0.2714601095058215,chr1,158243269,158358326,ENSMUSG00000004031.9,-,Brinp2,protein_coding,2.32821733926293,2.66355438378256,2.81208951557153
chr12,110970972,110971473,0.7395739712429198,chr12,110887264,110974394,ENSMUSG00000021275.11,+,Tecpr2,protein_coding,2.08543531725422,2.68999164813772,3.4869909993087
chr16,13447236,13447737,0.4540851222403813,chr16,13447523,13451601,ENSMUSG00000076972.2,+,Mir193b,miRNA,4.70623611893789,5.35354603192029,6.45126418278174
chr4,65843582,65844083,0.366833492826121,chr4,65378803,66406611,ENSMUSG00000028373.12,-,Astn2,protein_coding,1.36331443127963,1.42100295908995,1.76003720268712
chr8,13028338,13028839,0.3214988628484397,chr8,13024034,13037809,ENSMUSG00000031443.7,+,F7,protein_coding,4.8369649000195,5.2081410779669,6.04764662878206
chr9,9944837,9945338,0.4599743117140247,chr9,9658891,10906775,ENSMUSG00000039488.11,-,Cntn5,protein_coding,0.796823046592659,0.925304252430667,1.09836908137617
chr12,118125096,118125597,0.2554740043160173,chr12,117875982,118201043,ENSMUSG00000018581.11,-,Dnah11,protein_coding,3.06901376539204,3.04028540084362,3.66564139206265
chr14,55052519,55053020,0.2925942352480404,chr14,55051869,55074397,ENSMUSG00000100162.1,+,RP23-171A13.12,antisense,6.18782897119612,7.56105760557631,7.58271667022346
chr14,55052519,55053020,0.2925942352480404,chr14,55051884,55100986,ENSMUSG00000045691.9,+,Thtpa,protein_coding,6.18782897119612,7.56105760557631,7.58271667022346
chr2,174126889,174127390,0.3356988823492799,chr2,174123038,174185918,ENSMUSG00000074555.5,-,Gm10714,antisense,3.44252456848235,4.7917541643731,4.34715955701293
chr13,69561976,69562477,0.370066176921473,chr13,69531746,69637780,ENSMUSG00000021595.14,+,Nsun2,protein_coding,2.35311805946895,3.07333198128757,3.04367335803036
chr11,76469482,76469983,0.626007113406673,chr11,76414734,76624314,ENSMUSG00000017631.14,-,Abr,protein_coding,1.63099717349435,2.6371171194274,2.52095554219471
chr5,113160055,113160556,0.3257541074626238,chr5,113084323,113165351,ENSMUSG00000051339.8,-,2900026A02Rik,protein_coding,6.02597428985698,6.64897198532322,7.55624994537103
chr11,96156339,96156840,1.2014534639603125,chr11,96131786,96167451,ENSMUSG00000038756.9,+,Ttll6,protein_coding,0.448212963708371,0.839383143276391,1.03881895045819
chr5,73499985,73500486,1.3433361790928164,chr5,73479002,73562794,ENSMUSG00000051674.10,+,Dcun1d4,protein_coding,1.5716400760376525,2.5030404736181935,2.781811697278432
chr3,97699656,97700157,0.7343875245275846,chr3,97687824,97890707,ENSMUSG00000038170.11,-,Pde4dip,protein_coding,0.940002187777277,1.33508184993568,1.56815344750695
chr11,33614179,33614680,0.6856351641321161,chr11,33597302,33627618,ENSMUSG00000073052.3,+,D130052B06Rik,protein_coding,1.35086407117662,1.92331098183803,2.17688811911302
chr18,80713444,80713945,0.2947298888286689,chr18,80604205,80715071,ENSMUSG00000033016.11,-,Nfatc1,protein_coding,3.82226055162416,3.70121700972267,4.69122698009462
chr1,9823369,9823870,0.4038871860091592,chr1,9796107,9902845,ENSMUSG00000025915.10,+,Sgk3,protein_coding,1.61854681339134,2.18107430930086,2.14380471304747
chr2,59979582,59980083,0.3993482968626377,chr2,59897363,60211839,ENSMUSG00000026987.12,-,Baz2b,protein_coding,2.67682742214721,3.25839283177371,3.53330776780046
chr19,11976319,11976820,0.7820276025090364,chr19,11963844,11996105,ENSMUSG00000024687.10,+,Osbp,protein_coding,1.28238709061006,1.88365508530529,2.20997152517857
chr12,83864685,83865186,0.2972896592200411,chr12,83792034,83923934,ENSMUSG00000021224.10,-,Numb,protein_coding,1.42556623179468,1.40778432691237,1.75342052147401
chr16,95371839,95372340,0.4354205780835335,chr16,95357169,95588593,ENSMUSG00000040732.14,-,Erg,protein_coding,2.80133102317732,3.51615615923653,3.79135833511173
chr11,36780271,36780772,0.3840285924851075,chr11,36004656,37237964,ENSMUSG00000049336.12,-,Tenm2,protein_coding,1.84887847529703,2.50493079765159,2.41508864278496
chr18,75995994,75996495,0.4578657246083422,chr18,75818178,76150561,ENSMUSG00000044646.10,+,Zbtb7c,protein_coding,1.78040149473047,2.0158414070811,2.44817204885051
chr19,29267032,29267533,0.5460824896148273,chr19,29249828,29315080,ENSMUSG00000024789.8,+,Jak2,protein_coding,0.958677727931793,1.07731852247285,1.40273641717921
chr14,57866806,57867307,0.6174933161664543,chr14,57830702,57892262,ENSMUSG00000021969.7,-,Zdhhc20,protein_coding,1.3259633509706,2.00923209099231,2.03793781363772
chr9,60129173,60129674,0.3823690711203311,chr9,59964931,60524046,ENSMUSG00000032289.11,-,Thsd4,protein_coding,4.55060661765026,4.65956784259729,5.9351630481592
chr7,67024870,67025371,0.5679291919130762,chr7,66837735,67154625,ENSMUSG00000058145.11,+,Adamts17,protein_coding,1.53761947272177,2.36613515978699,2.28275501852277
chr2,73822931,73823432,0.3551189499926726,chr2,73814509,73894639,ENSMUSG00000027104.14,-,Atf2,protein_coding,2.92583462420742,3.62190521665718,3.74504156661997
chr11,119937203,119937704,0.3385767552837235,chr11,119933803,119944698,ENSMUSG00000085207.1,-,Gm11767,antisense,7.03445345820082,8.28808237534326,8.89943623163225
chr11,119937203,119937704,0.3385767552837235,chr11,119936511,119944074,ENSMUSG00000086924.1,+,Gm11766,lincRNA,7.03445345820082,8.28808237534326,8.89943623163225
chr17,11978101,11978602,0.5180358674822584,chr17,10838384,12065361,ENSMUSG00000023826.10,+,Park2,protein_coding,3.01921232498,4.40841383122325,4.3273095133736
chr11,67481652,67482153,0.5756423222153398,chr11,67453437,67690990,ENSMUSG00000033066.11,+,Gas7,protein_coding,1.88000437555455,2.39257242414215,2.80547283435842
chr18,38610485,38610986,0.2843893237058084,chr18,38599534,39378284,ENSMUSG00000036452.13,+,Arhgap26,protein_coding,3.95298933270577,5.10239202054625,4.8169439231437
chr2,180816370,180816871,0.5705801613651692,chr2,180816343,180826630,ENSMUSG00000074507.6,-,Gm14340,lincRNA,2.73285404261076,3.42362573399347,4.06264226484922
chr4,82402564,82403065,0.6811769924854919,chr4,82288173,82707750,ENSMUSG00000008575.13,-,Nfib,protein_coding,1.528203208527403,2.1297622885770666,2.225081376924724
chr17,24707410,24707911,0.4362103506386419,chr17,24695949,24709660,ENSMUSG00000040688.12,-,Tbl3,protein_coding,7.30213620041554,10.125472248027,9.88532173238556
chr13,49131894,49132395,0.9257462046666144,chr13,49034303,49150014,ENSMUSG00000037989.11,-,Wnk2,protein_coding,2.4801507881301608,3.6364377653765345,4.731480412854406
chr16,9716276,9716777,0.3141689617634656,chr16,9575710,9996921,ENSMUSG00000059003.8,-,Grin2a,protein_coding,6.58001531444094,7.83864888130551,8.18483466061643
chr16,91320641,91321142,0.8095125273634616,chr16,91318452,91330995,ENSMUSG00000085865.1,-,Gm15966,lincRNA,1.20145974994049,1.96957619445956,2.11072130698192
chr5,19827861,19828362,0.3733415634051066,chr5,19225046,20706798,ENSMUSG00000040003.13,+,Magi2,protein_coding,1.55629501287629,1.97618551054835,2.01808776999839
chr16,43070304,43070805,0.3201580314535017,chr16,42873881,43644602,ENSMUSG00000022708.12,+,Zbtb20,protein_coding,2.73285404261076,2.79574070555837,3.41420750596449
chr13,113861201,113861702,0.6174933161664543,chr13,113792505,114159461,ENSMUSG00000042348.9,+,Arl15,protein_coding,3.587669328777138,4.34034287762975,4.9054324993354355
chr5,117864807,117865308,0.3332200680390735,chr5,117779032,117960840,ENSMUSG00000029361.14,+,Nos1,protein_coding,6.43061099320482,9.04815372555417,8.10543448605911
chr12,79322507,79323008,0.8530320210262037,chr12,79295351,79510656,ENSMUSG00000059060.9,+,Rad51b,protein_coding,0.678544625614061,1.06409989029527,1.23070270563836
chr1,179143263,179143764,0.5391093888412246,chr1,178949960,179520041,ENSMUSG00000055067.11,-,Smyd3,protein_coding,1.14543312947695,1.36151911429084,1.66740366570359
chr4,111746513,111747014,0.5212161950081455,chr4,111717984,111831184,ENSMUSG00000034401.12,+,Spata6,protein_coding,1.30728781081608,1.46726817171149,1.87913746452309
chr19,4961820,4962321,0.274242312354572,chr19,4960306,4968995,ENSMUSG00000024902.4,+,Mrpl11,protein_coding,8.19233694778077,11.1300882935232,9.911788457238
chr1,152983326,152983827,0.4450492792813104,chr1,152952993,153121261,ENSMUSG00000042751.10,+,Nmnat2,protein_coding,1.78662667478198,2.14802772885691,2.43493868642429
chr12,104720929,104721430,0.3219625283002495,chr12,104685742,104753952,ENSMUSG00000041415.9,-,Dicer1,protein_coding,4.226897254972,5.10900133663504,5.28672828927447
chr6,119452101,119452602,0.3717481664067163,chr6,119430531,119546347,ENSMUSG00000030170.10,-,Wnt5b,protein_coding,4.19577135471447,4.46789767602236,5.43229527596288
chr15,102458247,102458748,0.6493761622713417,chr15,102454563,102458661,ENSMUSG00000089168.1,+,Gm24128,snRNA,1.56252019292779,1.91670166574924,2.45478873006362
chr15,102458247,102458748,0.6493761622713417,chr15,102457028,102464806,ENSMUSG00000023048.9,+,Prr13,protein_coding,1.56252019292779,1.91670166574924,2.45478873006362
chr15,102458247,102458748,0.6493761622713417,chr15,102453526,102485722,ENSMUSG00000097234.1,-,Gm26518,lincRNA,1.56252019292779,1.91670166574924,2.45478873006362
chr19,57816533,57817034,0.257211617560828,chr19,57609034,58135338,ENSMUSG00000054843.8,+,Atrnl1,protein_coding,4.73113683914391,5.92194721555627,5.6572624372086
chr11,102318812,102319313,0.3490104232518676,chr11,102302560,102321742,ENSMUSG00000020923.13,-,Ubtf,protein_coding,6.88504913696469,8.22859853054415,8.77371928858317
chr14,32525439,32525940,0.275181122735118,chr14,32511521,32582989,ENSMUSG00000054051.6,+,Ercc6,protein_coding,3.84716127183018,3.93254307283033,4.65814357402907
chr3,84569029,84569530,0.3135653541430727,chr3,84494093,84584625,ENSMUSG00000074513.5,-,Arfip1,protein_coding,2.08543531725422,2.12159046450174,2.59373903553892
chr3,84569029,84569530,0.3135653541430727,chr3,84494426,85889516,ENSMUSG00000102805.1,-,RP24-559D1.1,protein_coding,2.08543531725422,2.12159046450174,2.59373903553892
chr10,20724807,20725308,0.350110517148273,chr10,20396004,20727078,ENSMUSG00000019990.10,-,Pde7b,protein_coding,3.54835262935793,4.11760392331647,4.52580994976688
chr15,86221300,86221801,0.288684088871425,chr15,86212459,86500503,ENSMUSG00000051864.9,+,Tbc1d22a,protein_coding,5.23537642331583,6.39120865786039,6.39833073307687
chr4,120666247,120666748,0.5668495874237839,chr4,120664572,120669820,ENSMUSG00000070803.6,+,Cited4,protein_coding,3.16861664621612,3.66817042927872,4.69784366130773
chr12,83800850,83801351,0.3008500411053934,chr12,83792034,83923934,ENSMUSG00000021224.10,-,Numb,protein_coding,4.40742747646564,5.32049945147634,5.43229527596288
chr7,109049444,109049945,0.7972414000944086,chr7,109032312,109085331,ENSMUSG00000048330.10,-,Ric3,protein_coding,1.3259633509706,2.34630721152062,2.30922174337521
chr5,114415037,114415538,0.3404019950621259,chr5,114378628,114423168,ENSMUSG00000029577.9,+,Ube3b,protein_coding,5.77696708779678,6.48373908310346,7.31804942169908
chr11,118861739,118862240,0.3136382856720871,chr11,118487762,118913597,ENSMUSG00000025576.13,-,Rbfox3,protein_coding,7.51379232216671,9.57028969656861,9.34275387291058
chr8,114573939,114574440,0.5363982258083544,chr8,114437655,115354708,ENSMUSG00000004637.11,+,Wwox,protein_coding,1.23881083024952,1.21611416033745,1.79973728996578
chr13,8538815,8539316,0.7104276255834032,chr13,8200866,8770747,ENSMUSG00000052551.11,+,Adarb2,protein_coding,0.61629282509901,0.746852718033324,1.01235222560575
chr4,152467863,152468364,0.3592417209213355,chr4,152388742,152479871,ENSMUSG00000028931.7,-,Kcnab2,protein_coding,7.53246786232123,9.31913568519457,9.66697125235295
chr7,84551437,84551938,0.2967996965592309,chr7,84526975,84580337,ENSMUSG00000097789.1,+,Gm2115,lincRNA,4.81828935986498,5.4857323536961,5.92192968573298
chr11,68757059,68757560,0.3892409222834923,chr11,68689559,68818632,ENSMUSG00000020900.11,+,Myh10,protein_coding,3.84716127183018,5.34032739974271,5.04191108438942
chr11,116572971,116573472,0.389295297758309,chr11,116535740,116583447,ENSMUSG00000020802.8,-,Ube2o,protein_coding,4.75603755934993,7.52140170904356,6.23291370274913
chr15,102720974,102721475,0.6618905336741954,chr15,102704779,102724178,ENSMUSG00000023055.5,-,Calcoco1,protein_coding,2.135434588034472,3.8454364074204497,2.791381381466955
chr8,109962005,109962506,0.8544576091272704,chr8,109945914,109964203,ENSMUSG00000001672.10,-,Marveld3,protein_coding,1.47536767220672,2.56441464245071,2.67313921009623
chr15,84383420,84383921,1.257422276105539,chr15,84377203,84449097,ENSMUSG00000062760.6,-,1810041L15Rik,protein_coding,1.4089720001715624,2.4285451885231004,2.4982694192322903
chr1,134585661,134586162,0.7116303726650608,chr1,134558171,134637285,ENSMUSG00000042207.13,+,Kdm5b,protein_coding,1.5017260860302253,2.175977268618738,2.0051174728932257
chr10,76835734,76836235,0.4056293564358281,chr10,76759857,76963887,ENSMUSG00000001120.11,-,Pcbp3,protein_coding,4.25802315522952,5.47912303760731,5.64402907478239
chr7,100926211,100926712,0.2588553695390531,chr7,100867746,100934161,ENSMUSG00000032875.7,-,Arhgef17,protein_coding,6.95352611753125,8.04353768005801,8.32378496609173
chr7,36698446,36698947,0.7260977389864562,chr7,36696118,36775553,ENSMUSG00000021217.7,+,Tshz3,protein_coding,1.0894065090134,1.34169116602447,1.80635397117889
chr16,13340257,13340758,0.7115861066742042,chr16,13254481,13419529,ENSMUSG00000009569.10,+,Mkl2,protein_coding,3.761411543615802,3.39145515921587,5.327666907967208
chr2,29966745,29967246,0.3158685484890962,chr2,29963560,30033451,ENSMUSG00000057738.9,+,Sptan1,protein_coding,4.27669869538404,5.12882928490141,5.32642837655313
chr7,86775016,86775517,1.2046808140335656,chr7,86717352,86777864,ENSMUSG00000001773.9,-,Folh1,protein_coding,0.398411523296329,0.588229131902353,0.926335369835327
chr19,45153955,45154456,0.9715779873636592,chr19,45148680,45158943,ENSMUSG00000025215.10,+,Tlx1,protein_coding,0.840399306953195,1.21611416033745,1.65417030327737
chr19,45153955,45154456,0.9715779873636592,chr19,45152057,45161304,ENSMUSG00000092346.1,-,Tlx1os,antisense,0.840399306953195,1.21611416033745,1.65417030327737
chr11,54645932,54646433,0.2842428623510909,chr11,54520847,54701285,ENSMUSG00000037533.13,+,Rapgef6,protein_coding,3.27444470709171,3.79374743496573,3.98985877150502
chr9,48600032,48600533,0.4707235917890088,chr9,48589877,48607153,ENSMUSG00000032271.9,-,Nnmt,protein_coding,2.91960944415591,3.13281582608669,4.049408902423
chr2,14132104,14132605,0.4705009463023574,chr2,14072098,14151634,ENSMUSG00000026718.13,+,Stam,protein_coding,0.915101467571257,1.0442719420289,1.27040279291702
chr8,109595788,109596289,0.7564860750134259,chr8,109589343,109610673,ENSMUSG00000031730.13,-,Dhodh,protein_coding,1.48159285225823,2.24055815409997,2.50772217976849
chr14,50896041,50896542,0.3956195700255586,chr14,50893942,50899456,ENSMUSG00000091089.1,-,A930018M24Rik,protein_coding,2.73907922266226,3.29143941221766,3.60609126114467
chr15,86335450,86335951,0.2530517939964437,chr15,86212459,86500503,ENSMUSG00000051864.9,+,Tbc1d22a,protein_coding,3.42384902832783,3.21212761915217,4.08249230848855
chr4,150905063,150905564,0.3016220800160742,chr4,150895133,150916437,ENSMUSG00000028964.10,-,Park7,protein_coding,5.90769586887839,6.95300052540758,7.28496601563354
chr12,83485719,83486220,0.357773926827729,chr12,83211745,83489716,ENSMUSG00000021221.11,-,Dpf3,protein_coding,3.49855118894589,4.40180451513446,4.48610986248823
chr6,134151300,134151801,0.2577090086993256,chr6,134033700,134272158,ENSMUSG00000030199.12,+,Etv6,protein_coding,3.47365046873987,3.56903068794686,4.15527580183275
chr8,68512765,68513266,0.3753635334769558,chr8,68354781,68737146,ENSMUSG00000036356.10,-,Csgalnact1,protein_coding,1.48781803230973,1.89687371748287,1.93207091422797
chr4,150318925,150319426,0.6223191313367904,chr4,150319193,150323302,ENSMUSG00000089292.1,+,Gm23209,snRNA,1.75550077452445,2.08854388405779,2.70622261616178
chr4,150318925,150319426,0.6223191313367904,chr4,150279646,150623966,ENSMUSG00000039852.12,+,Rere,protein_coding,1.75550077452445,2.08854388405779,2.70622261616178
chr4,150965736,150966237,0.730994986354137,chr4,150962735,150966894,ENSMUSG00000064476.1,+,Gm23405,snRNA,1.99828279653315,2.87505249862386,3.32157396898096
chr4,150965736,150966237,0.730994986354137,chr4,150915322,151863876,ENSMUSG00000014592.15,-,Camta1,protein_coding,1.99828279653315,2.87505249862386,3.32157396898096
chr11,77965668,77966169,0.3703323491844362,chr11,77928800,77981048,ENSMUSG00000000632.9,+,Sez6,protein_coding,8.7028017120042,11.3151491440093,11.2549747434992
chr12,4898905,4899406,0.6994268229846523,chr12,4877032,4909705,ENSMUSG00000020634.8,-,Ubxn2a,protein_coding,1.143514253184229,1.961116445278693,2.3177613122258593
chr11,9347681,9348182,0.4576805381578103,chr11,9189942,9686259,ENSMUSG00000004668.10,+,Abca13,protein_coding,0.908876287519752,1.07070920638406,1.25055274927769
chr16,12226831,12227332,0.2936198565231632,chr16,11982113,12272902,ENSMUSG00000022494.9,+,Shisa9,protein_coding,3.64173033013051,4.92394048614891,4.4662598188489
chr14,122450909,122451410,0.7094539828665845,chr14,122432854,122453115,ENSMUSG00000064052.2,-,Gm5089,protein_coding,0.952452547880288,1.1830675798935,1.56153676629384
chr6,119058329,119058830,0.8931192294963753,chr6,118585240,119198418,ENSMUSG00000051331.10,-,Cacna1c,protein_coding,0.734571246077607,1.44083090735632,1.36965301111366
chr11,62192023,62192524,0.3544761670031323,chr11,61954779,62225013,ENSMUSG00000042331.9,+,Specc1,protein_coding,3.0254375050315,4.26300887726986,3.87075850966905
chr2,35577528,35578029,0.2942703261027129,chr2,35556266,35732994,ENSMUSG00000026883.13,+,Dab2ip,protein_coding,3.71020731069707,5.18170381361174,4.55227667461932
chr17,3152240,3152741,0.5970870399787293,chr17,3112972,3200855,ENSMUSG00000046201.8,+,Scaf8,protein_coding,1.25748637040404,1.48709611997786,1.90560418937553
chr1,86202777,86203278,0.5497684458230618,chr1,86152780,86280284,ENSMUSG00000062590.9,+,Armc9,protein_coding,2.00450797658466,2.97419223995572,2.93780645862061
chr12,111441388,111441889,0.8037043086626354,chr12,111440469,111457018,ENSMUSG00000021281.11,+,Tnfaip2,protein_coding,1.91113027581208,2.66355438378256,3.34142401262029
chr4,62385402,62385903,0.3261547503624588,chr4,62358727,62393769,ENSMUSG00000066150.8,+,Slc31a1,protein_coding,2.34689287941744,3.27161146395129,2.94442313983372
chr4,62385402,62385903,0.3261547503624588,chr4,62381654,62410642,ENSMUSG00000066149.7,-,Cdc26,protein_coding,2.34689287941744,3.27161146395129,2.94442313983372
chr16,29839109,29839610,0.2630854631258405,chr16,29809058,29839814,ENSMUSG00000097307.1,+,Gm26834,lincRNA,5.62133758650915,7.4288712838005,6.74901483737167
chr4,133479723,133480224,0.4862437900147555,chr4,133477356,133484526,ENSMUSG00000086850.1,-,Gm13257,antisense,4.70623611893789,7.7064625595297,6.59683116947015
chr4,133479723,133480224,0.4862437900147555,chr4,133478132,133489938,ENSMUSG00000046694.6,+,Fam46b,protein_coding,4.70623611893789,7.7064625595297,6.59683116947015
chr11,103037963,103038464,0.2632960276499317,chr11,103026190,103070912,ENSMUSG00000020936.8,+,Nmt1,protein_coding,8.64054991148915,10.2047840410925,10.3749561421557
chr11,103037963,103038464,0.2632960276499317,chr11,102861337,103077903,ENSMUSG00000097410.1,+,Gm26668,lincRNA,8.64054991148915,10.2047840410925,10.3749561421557
chr7,123124867,123125368,0.3194440027129233,chr7,123121885,123197288,ENSMUSG00000052707.7,+,Tnrc6a,protein_coding,2.67060224209571,2.85522455035749,3.33480733140718
chr4,106281501,106282002,0.9413647693426768,chr4,106239216,106292026,ENSMUSG00000086249.1,+,Gm12724,processed_transcript,0.672319445562556,1.09714647073922,1.29686951776946
chr18,75593944,75594445,1.1333009642763514,chr18,75429224,75699696,ENSMUSG00000052928.8,-,Ctif,protein_coding,2.324578068689434,3.3067286504718836,3.7935480795458645
chr11,73296267,73296768,0.2764844860731298,chr11,73265388,73302363,ENSMUSG00000043029.2,+,Trpv3,protein_coding,3.37404758791579,3.17908103870822,4.08910898970166
chr1,37476841,37477342,0.3637501830300652,chr1,37437340,37543016,ENSMUSG00000026110.11,-,Mgat4a,protein_coding,3.1499411060616,3.49632821097016,4.05602558363611
chr9,67965805,67966306,0.7425072729126394,chr9,67838396,67997634,ENSMUSG00000035284.9,+,Vps13c,protein_coding,1.9026827057916484,2.024804791528546,4.010759999890052
chr7,84633701,84634202,0.5141227482172823,chr7,84613054,84681361,ENSMUSG00000030629.10,-,Zfand6,protein_coding,1.73060005431843,1.5994544934873,2.47463877370295
chr1,84936807,84937308,0.5108023899256711,chr1,84903898,84937134,ENSMUSG00000026220.6,-,Slc16a14,protein_coding,3.3926436460898546,4.662003171182202,5.305119236548266
chr1,92150140,92150641,0.2588656929752076,chr1,91926779,92182341,ENSMUSG00000026313.11,-,Hdac4,protein_coding,2.06675977709971,2.64372643551619,2.47463877370295
chr15,35372530,35373031,0.4227556999630726,chr15,35369546,35933228,ENSMUSG00000037646.9,+,Vps13b,protein_coding,3.0468885660647396,2.344509324865665,3.7666760042993848
chr17,12316179,12316680,0.4252696476153675,chr17,12225621,12320660,ENSMUSG00000014426.8,-,Map3k4,protein_coding,3.03788786513451,3.37736052137193,4.08249230848855
chr15,91326986,91327487,0.4711022661054135,chr15,91265696,91575261,ENSMUSG00000036298.10,-,Slc2a13,protein_coding,1.07695614891039,1.34169116602447,1.49536995416274
chr13,45845751,45846252,0.4716407659962867,chr13,45547758,45966991,ENSMUSG00000046876.11,-,Atxn1,protein_coding,3.803463556571397,4.090533005739163,5.026560615398688
chr3,108241371,108241872,0.2991800528450781,chr3,108237383,108241911,ENSMUSG00000083462.1,-,Gm12501,processed_pseudogene,2.27841589885088,3.00062950431088,2.80547283435842
chr14,45642745,45643246,0.2639624255501882,chr14,45591174,45660143,ENSMUSG00000037697.14,-,Ddhd1,protein_coding,1.66834825380338,1.78451534397343,2.00485440757217
chr17,36139599,36140100,1.184595962768308,chr17,36135188,36141105,ENSMUSG00000073980.5,-,Gm9574,unprocessed_pseudogene,0.485564044017402,0.839383143276391,1.11160244380239
chr17,36139599,36140100,1.184595962768308,chr17,36139758,36147923,ENSMUSG00000073403.7,-,Gm10499,transcribed_unprocessed_pseudogene,0.485564044017402,0.839383143276391,1.11160244380239
chr14,34919215,34919716,0.5531608470120385,chr14,34817825,35585379,ENSMUSG00000041078.6,+,Grid1,protein_coding,1.56252019292779,1.92992029792682,2.29598838094899
chrX,12100048,12100549,0.4158803916878885,chrX,12034740,12162355,ENSMUSG00000040363.10,-,Bcor,protein_coding,1.38198997143414,1.62589175784246,1.84605405845754
chr6,89341996,89342497,0.7147705802423471,chr6,89314316,89364613,ENSMUSG00000030084.7,-,Plxna1,protein_coding,1.38821515148565,1.79773397615101,2.28275501852277
chr11,78545131,78545632,0.9409486113102848,chr11,78539817,78552777,ENSMUSG00000037278.9,-,Tmem97,protein_coding,0.541590664480948,0.945132200697038,1.0454356316713
chr2,11535392,11535893,0.4370817124534543,chr2,11469433,11556077,ENSMUSG00000026773.15,-,Pfkfb3,protein_coding,3.46742528868837,4.38197656686809,4.69784366130773
chr2,11535392,11535893,0.4370817124534543,chr2,11530596,11536694,ENSMUSG00000102376.1,-,RP23-307N14.2,TEC,3.46742528868837,4.38197656686809,4.69784366130773
chr18,74716647,74717148,0.4626249361444717,chr18,74438936,74773493,ENSMUSG00000025885.14,+,Myo5b,protein_coding,2.44649576024152,3.18569035479701,3.37450741868583
chr13,99469823,99470324,0.597285384927608,chr13,99419464,99518602,ENSMUSG00000052727.5,-,Map1b,protein_coding,0.933777007725772,1.44744022344511,1.41596977960543
chr17,11910661,11911162,0.2862771387777241,chr17,10838384,12065361,ENSMUSG00000023826.10,+,Park2,protein_coding,4.92411742074057,6.08057080168724,6.00794654150341
chr2,34406569,34407070,0.2507478226962443,chr2,34404771,34626950,ENSMUSG00000038696.10,+,Mapkap1,protein_coding,10.3337988854985,12.0289552815987,12.3004103751705
chr12,72376160,72376661,0.4420701326781762,chr12,72209752,72411054,ENSMUSG00000021087.13,-,Rtn1,protein_coding,2.49629720065356,2.59085190680587,3.39435746232516
chr16,40454283,40454784,0.7793749793008949,chr16,39982361,42183679,ENSMUSG00000061080.7,+,Lsamp,protein_coding,0.64119354530503,1.02444399376252,1.10498576258928
chr14,22019520,22020021,1.0564703790426022,chr14,22017712,23058085,ENSMUSG00000063458.8,+,1700112E06Rik,protein_coding,0.578941744789979,0.931913568519457,1.21085266199903
chr14,22019520,22020021,1.0564703790426022,chr14,22019958,22024070,ENSMUSG00000098542.1,-,Gm27532,miRNA,0.578941744789979,0.931913568519457,1.21085266199903
chr9,109059017,109059518,0.3232424589246909,chr9,109055933,109062338,ENSMUSG00000049734.8,-,Trex1,protein_coding,6.30610739217471,7.81221161695035,7.89370068723961
chr9,109059017,109059518,0.3232424589246909,chr9,109055933,109076124,ENSMUSG00000025646.4,-,Atrip,protein_coding,6.30610739217471,7.81221161695035,7.89370068723961
chr9,109059017,109059518,0.3232424589246909,chr9,109036606,109059766,ENSMUSG00000025647.12,+,Shisa5,protein_coding,6.30610739217471,7.81221161695035,7.89370068723961
chr4,123184777,123185278,0.4001192073289071,chr4,123181227,123196701,ENSMUSG00000046093.5,+,Hpcal4,protein_coding,3.67285623038804,5.04290817574713,4.85002732920925
chr13,48046134,48046635,0.4532318541999939,chr13,48042231,48264623,ENSMUSG00000097622.1,-,A330033J07Rik,lincRNA,1.5687453729793,1.83078055659496,2.15042139426058
chr12,73111159,73111660,0.7125372147597178,chr12,73097609,73115456,ENSMUSG00000034460.9,-,Six4,protein_coding,0.877750387262226,1.13680236727196,1.44243650445787
chr1,39206882,39207383,0.5465753349012814,chr1,39191731,39365236,ENSMUSG00000026077.11,+,Npas2,protein_coding,2.3033166190569,3.03367608475483,3.36789073747272
chr4,106955703,106956204,0.2609228468513968,chr4,106908701,107051694,ENSMUSG00000061887.10,+,Ssbp3,protein_coding,5.40345628470647,6.69523719794475,6.47773090763418
chr6,86934438,86934939,0.3201188283165612,chr6,86847517,86993864,ENSMUSG00000057230.9,+,Aak1,protein_coding,4.86809080027703,5.35354603192029,6.08073003484761
chr8,18949980,18950481,1.0286035856096585,chr8,18930729,18952975,ENSMUSG00000039814.11,-,Xkr5,protein_coding,0.771922326386638,1.14341168336075,1.58138680993317
chr9,42619508,42620009,0.3573750851092788,chr9,42516135,42946493,ENSMUSG00000032017.10,-,Grik4,protein_coding,4.13974473425092,5.52538825022884,5.3065783329138
chr19,45304491,45304992,0.512111033525153,chr19,45298454,45313011,ENSMUSG00000100618.1,-,Gm29595,lincRNA,3.03166268508301,4.33571135424655,4.3273095133736
chr4,117858700,117859201,0.8646199953014156,chr4,117832506,117877198,ENSMUSG00000028542.13,+,Slc6a9,protein_coding,1.53761947272177,2.80235002164716,2.80547283435842
chr4,117858700,117859201,0.8646199953014156,chr4,117833299,117870558,ENSMUSG00000091237.1,-,Gm17114,3prime_overlapping_ncrna,1.53761947272177,2.80235002164716,2.80547283435842
chr10,61869782,61870283,0.6429338230812107,chr10,61836236,61981108,ENSMUSG00000058806.10,-,Col13a1,protein_coding,1.12053240927093,1.71842218308552,1.75342052147401
chr7,102369586,102370087,0.2688813914806031,chr7,102265824,102438848,ENSMUSG00000030987.4,+,Stim1,protein_coding,2.59590008147765,3.11298787782032,3.12969021380078
chr4,46793493,46793994,0.5776815506322828,chr4,46660318,46993873,ENSMUSG00000039809.9,-,Gabbr2,protein_coding,2.968325579237795,4.103292020733009,3.2419298889632233
chr5,118664004,118664505,0.987333112737795,chr5,118558719,118767435,ENSMUSG00000018076.9,+,Med13l,protein_coding,0.504239584171917,1.0442719420289,1.00573554439264
chr5,147445279,147445780,0.6244382605214394,chr5,147428161,147550502,ENSMUSG00000029647.11,+,Pan3,protein_coding,1.38821515148565,1.92992029792682,2.14380471304747
chr5,136953645,136954146,0.4726374752383064,chr5,136951275,136968234,ENSMUSG00000019054.9,+,Fis1,protein_coding,2.80133102317732,3.29804872830645,3.89060855330837
chr6,32451794,32452295,0.2515183440411997,chr6,32449170,32456750,ENSMUSG00000086675.1,+,Plxna4os2,antisense,4.90544188058606,5.84263542249078,5.84252951117567
chr6,32451794,32452295,0.2515183440411997,chr6,32142268,32590192,ENSMUSG00000029765.11,-,Plxna4,protein_coding,4.90544188058606,5.84263542249078,5.84252951117567
chr18,10684915,10685416,0.2810348333274894,chr18,10642411,10708771,ENSMUSG00000002475.11,-,Abhd3,protein_coding,2.50874756075657,2.81556865382474,3.05029003924347
chr9,105544286,105544787,0.3434751068256881,chr9,105543437,105547827,ENSMUSG00000101464.1,-,Gm7436,processed_pseudogene,4.03391667337534,5.16848518143415,5.12131125894674
chr2,128838091,128838592,0.3607388374954275,chr2,128816118,128856261,ENSMUSG00000014353.10,+,Tmem87b,protein_coding,2.77020512291979,3.36414188919435,3.5597744926529
chr6,54617277,54617778,0.5827569724361507,chr6,54593111,54647839,ENSMUSG00000005225.11,+,Plekha8,protein_coding,1.16410866963146,1.7382501313519,1.7468038402609
chr19,58025065,58025566,0.3619164439766449,chr19,57609034,58135338,ENSMUSG00000054843.8,+,Atrnl1,protein_coding,3.52967708920342,4.07133871069493,4.5390433121931
chr17,49703456,49703957,0.3219625283002495,chr17,49613136,49911847,ENSMUSG00000023999.10,+,Kif6,protein_coding,3.69775695059406,5.26101560667722,4.62506016796353
chr2,21508693,21509194,0.5788856600721853,chr2,21365542,21832547,ENSMUSG00000045967.11,+,Gpr158,protein_coding,0.852849667056205,1.02444399376252,1.27701947413013
chr8,69758375,69758876,0.5888018463374731,chr8,69740862,69776886,ENSMUSG00000092544.4,-,Gm20422,protein_coding,1.76172595457596,2.26699541845513,2.6532891664569
chr5,130290719,130291220,0.3275776954033746,chr5,130253619,130343563,ENSMUSG00000056310.10,+,Tyw1,protein_coding,4.46345409692919,5.7633236294253,5.60432898750373
chr16,7271366,7271867,0.9022824021963194,chr16,6807222,7414479,ENSMUSG00000008658.11,+,Rbfox1,protein_coding,1.814255132408675,1.6107144855453583,2.6353870232899985
chr7,118277411,118277912,0.6097957406022119,chr7,118277861,118281965,ENSMUSG00000087922.1,+,Gm23229,snRNA,1.84887847529703,2.53136806200675,2.82532287799775
chr17,73881496,73881997,0.8516843375644573,chr17,73881908,73952182,ENSMUSG00000024066.8,-,Xdh,protein_coding,0.778147506438143,1.52014270042181,1.40935309839232
chr15,76090412,76090913,0.911398505600714,chr15,76083595,76092013,ENSMUSG00000075590.2,-,Nrbp2,protein_coding,0.996028808240824,1.96957619445956,1.87913746452309
chr17,84272478,84272979,0.400829345862204,chr17,84188056,84468196,ENSMUSG00000024251.9,-,Thada,protein_coding,3.76623393116061,4.11760392331647,4.97574427225833
chr4,123192241,123192742,0.2789315300075748,chr4,123181227,123196701,ENSMUSG00000046093.5,+,Hpcal4,protein_coding,6.48663761366836,7.81882093303914,7.87385064360028
chr8,25555913,25556414,0.4251191766557342,chr8,25546661,25558083,ENSMUSG00000086134.1,-,Gm16159,processed_transcript,3.18106700631913,4.10438529113889,4.27437606366872
chr8,25555913,25556414,0.4251191766557342,chr8,25511654,25577714,ENSMUSG00000031565.13,+,Fgfr1,protein_coding,3.18106700631913,4.10438529113889,4.27437606366872
chr1,85853266,85853767,0.3693415302717787,chr1,85791441,85853576,ENSMUSG00000036707.12,+,Cab39,protein_coding,3.94676415265426,4.69261442304124,5.10146121530741
chr4,48672440,48672941,0.650433469054384,chr4,48661514,48675502,ENSMUSG00000028348.7,+,Murc,protein_coding,1.8872825887626754,2.250125069818097,2.7430103220149666
chr2,122637580,122638081,0.575011435268564,chr2,122634986,122643191,ENSMUSG00000033213.12,+,AA467197,protein_coding,1.83642811519402,2.42561900458611,2.73930602222732
chr9,35791058,35791559,0.3584122036312666,chr9,35786050,35792112,ENSMUSG00000032108.3,-,D730048I06Rik,protein_coding,1.31973817091909,1.33508184993568,1.69387039055603
chr9,35791058,35791559,0.3584122036312666,chr9,35774524,35792101,ENSMUSG00000098847.1,-,Gm27235,protein_coding,1.31973817091909,1.33508184993568,1.69387039055603
chr11,58643302,58643803,0.6817855676564764,chr11,58638465,58654404,ENSMUSG00000037124.6,+,Trim58,protein_coding,1.59364609318532,3.02706676866604,2.56065562947337
chr18,34900342,34900843,0.266182410760782,chr18,34900785,34934007,ENSMUSG00000024360.7,-,Etf1,protein_coding,4.19577135471447,5.3469367158315,5.04852776560253
chr11,100690393,100690894,1.0874972746632268,chr11,100685417,100699520,ENSMUSG00000085604.1,+,Dhx58os,antisense,0.64119354530503,1.08392783856164,1.36965301111366
chr11,100690393,100690894,1.0874972746632268,chr11,100625543,100694455,ENSMUSG00000014198.11,-,Zfp385c,protein_coding,0.64119354530503,1.08392783856164,1.36965301111366
chr19,8844637,8845138,0.8770235433075438,chr19,8835467,8850683,ENSMUSG00000071657.8,+,Bscl2,protein_coding,1.36953961133113,2.23394883801118,2.52095554219471
chr16,38982810,38983311,0.2838273994134783,chr16,38899471,39029159,ENSMUSG00000022790.9,+,Igsf11,protein_coding,4.86186562022552,5.31389013538754,5.92192968573298
chr18,61324047,61324548,0.2862993533956756,chr18,61296136,61402431,ENSMUSG00000033871.10,-,Ppargc1b,protein_coding,3.9965655930663,4.21674366464832,4.87649405406169
chr9,122757860,122758361,0.378876306190982,chr9,122745346,122804074,ENSMUSG00000094985.1,+,Topaz1,protein_coding,2.60835044158066,3.02706676866604,3.39435746232516
chr2,153382871,153383372,0.3613052055002238,chr2,153343845,153406007,ENSMUSG00000042548.9,+,Asxl1,protein_coding,2.34689287941744,3.37075120528314,3.01720663317792
chr6,70260164,70260665,0.4152232140887016,chr6,70258409,70262933,ENSMUSG00000095630.1,-,Igkv6-23,IG_LV_gene,0.921326647622762,1.31525390166931,1.23070270563836
chr10,5317566,5318067,0.5510646678697292,chr10,5018203,5552692,ENSMUSG00000096054.2,-,Syne1,protein_coding,1.17655902973447,1.70520355090794,1.72695379662157
chr2,164878406,164878907,0.7710236098679724,chr2,164877304,164896454,ENSMUSG00000039849.5,+,Pcif1,protein_coding,4.731009588032188,6.3524980031087726,6.637757470745765
chr14,120428442,120428943,0.4102864230174433,chr14,120273669,120433697,ENSMUSG00000022139.12,+,Mbnl2,protein_coding,2.07921013720272,2.88166181471265,2.76577274707976
chr7,123319265,123319766,0.6051045075826184,chr7,123277150,123371915,ENSMUSG00000030766.11,-,Arhgap17,protein_coding,2.35934323952045,3.14603445826427,3.59285789871845
chr6,148259927,148260428,0.333307501894259,chr6,148259150,148263552,ENSMUSG00000082199.1,+,Gm15763,processed_pseudogene,2.00450797658466,2.03566935534747,2.52757222340782
chr6,148259927,148260428,0.333307501894259,chr6,148230430,148446389,ENSMUSG00000030306.10,-,Tmtc1,protein_coding,2.00450797658466,2.03566935534747,2.52757222340782
chr9,97592349,97592850,0.6617333687913243,chr9,97442395,98035181,ENSMUSG00000032452.8,-,Clstn2,protein_coding,1.39444033153715,1.79773397615101,2.20997152517857
chr13,51120704,51121205,0.8190084387373247,chr13,51098880,51154546,ENSMUSG00000021395.10,+,Spin1,protein_coding,0.653643905408041,0.912085620253086,1.15791921229416
chr15,37925860,37926361,0.3826523774021333,chr15,37921952,37963318,ENSMUSG00000022292.11,-,Rrm2b,protein_coding,3.31179578740074,4.12421323940526,4.32069283216049
chr13,54744695,54745196,0.3295018252536398,chr13,54734671,54751874,ENSMUSG00000069227.4,-,Gprin1,protein_coding,4.15219509435393,4.61991194606454,5.22056147714338
chr2,144586057,144586558,0.5527205311102873,chr2,144554229,144592749,ENSMUSG00000027429.12,+,Sec23b,protein_coding,1.40066551158866,1.97618551054835,2.05778785727705
chr4,129350607,129351108,0.5919105812727632,chr4,129333695,129356547,ENSMUSG00000057572.11,+,Zbtb8os,protein_coding,2.47762166049905,3.80035675105453,3.73842488540686
chr4,119467915,119468416,0.2891311358328769,chr4,119420814,119469444,ENSMUSG00000070806.5,+,Zmynd12,protein_coding,4.84941526012251,6.14005464648635,5.92854636694609
chr4,119467915,119468416,0.2891311358328769,chr4,119463283,119494628,ENSMUSG00000048899.8,-,Rimkla,protein_coding,4.84941526012251,6.14005464648635,5.92854636694609
chr19,5381959,5382460,0.7864159646814688,chr19,5375523,5390703,ENSMUSG00000039148.4,-,Sart1,protein_coding,1.811527394988,2.02245072316989,3.12969021380078
chr2,179444804,179445305,0.3446551141603512,chr2,179440431,179901373,ENSMUSG00000000305.8,+,Cdh4,protein_coding,3.05656340528903,3.65495179710113,3.88399187209526
chr19,42741782,42742283,0.2920973564427113,chr19,42723858,42754775,ENSMUSG00000060224.3,-,Pyroxd2,protein_coding,4.20199653476597,5.43285782498577,5.14777798379918
chr18,51282416,51282917,0.3182049642116783,chr18,51115898,51306641,ENSMUSG00000073565.4,+,Prr16,protein_coding,0.610347000305762,1.7918919531885023,1.7809573047889207
chr4,57105084,57105585,0.3815313634149273,chr4,56989972,57145437,ENSMUSG00000028434.8,-,Epb4.1l4b,protein_coding,2.33444251931443,3.23195556741854,3.04367335803036
chr17,46637043,46637544,0.6400382976920052,chr17,46628631,46647144,ENSMUSG00000003546.9,-,Klc4,protein_coding,2.79510584312581,4.04490144633977,4.36039291943915
chr17,46637043,46637544,0.6400382976920052,chr17,46469501,46827221,ENSMUSG00000097560.1,+,Gm26904,lincRNA,2.79510584312581,4.04490144633977,4.36039291943915
chr9,109832482,109832983,0.2651652515016238,chr9,109825943,109834706,ENSMUSG00000070282.6,-,3000002C10Rik,transcribed_processed_pseudogene,8.73392761226172,10.4030635237562,10.5006730852047
chr9,109832482,109832983,0.2651652515016238,chr9,109831193,109844961,ENSMUSG00000032478.10,+,Nme6,protein_coding,8.73392761226172,10.4030635237562,10.5006730852047
chr2,38433728,38434229,0.7979906574682417,chr2,38422002,38457851,ENSMUSG00000085950.1,+,Gm13589,lincRNA,0.883975567313731,1.28881663731414,1.54168672265451
chr8,86730499,86731000,0.3737503900649677,chr8,86721940,86748006,ENSMUSG00000036840.4,-,Siah1a,protein_coding,3.5110015490489,3.93254307283033,4.55227667461932
chr6,116632084,116632585,0.6958427028223335,chr6,116631008,116675836,ENSMUSG00000042129.6,-,Rassf4,protein_coding,3.023701192852028,3.9626969391714315,5.537801269523636
chr16,96755101,96755602,0.4942386323869793,chr16,96590079,97172752,ENSMUSG00000050272.9,-,Dscam,protein_coding,1.35086407117662,2.12159046450174,1.90560418937553
chr1,87684741,87685242,0.3659908991357937,chr1,87618312,87722507,ENSMUSG00000026288.10,+,Inpp5d,protein_coding,3.2682195270402,3.79374743496573,4.21482593275074
chr14,67341893,67342394,0.3450977944463925,chr14,67231292,67432918,ENSMUSG00000022053.9,+,Ebf2,protein_coding,3.30557060734923,4.21013434855953,4.20159257032452
chr14,67341893,67342394,0.3450977944463925,chr14,67330042,67399742,ENSMUSG00000093472.1,-,4930438E09Rik,processed_transcript,3.30557060734923,4.21013434855953,4.20159257032452
chr8,105269512,105270013,0.3693415302717787,chr8,105267801,105277845,ENSMUSG00000033249.6,+,Hsf4,protein_coding,3.94676415265426,5.39320192845303,5.10146121530741
chr8,105269512,105270013,0.3693415302717787,chr8,105262648,105271326,ENSMUSG00000033313.7,+,Fbxl8,protein_coding,3.94676415265426,5.39320192845303,5.10146121530741
chr4,128327339,128327840,0.7255711118439452,chr4,127985857,128569656,ENSMUSG00000028804.14,+,Csmd2,protein_coding,0.989803628189318,1.35490979820205,1.64093694085115
chr9,27123888,27124389,0.2541471440726782,chr9,27095385,27157421,ENSMUSG00000031990.10,-,Jam3,protein_coding,3.95921451275727,4.41502314731204,4.72431038616017
chr15,35513518,35514019,0.275388822634988,chr15,35369546,35933228,ENSMUSG00000037646.9,+,Vps13b,protein_coding,1.64967271364886,1.75807807961827,1.99823772635906
chr19,3340986,3341487,0.460995032700827,chr19,3321301,3387732,ENSMUSG00000024900.4,+,Cpt1a,protein_coding,3.9965655930663,4.61330262997575,5.50507876930709
chr6,113923203,113923704,0.2982896993158821,chr6,113743669,114044613,ENSMUSG00000030302.12,-,Atp2b2,protein_coding,3.43629938843084,4.33571135424655,4.22805929517696
chr5,116447791,116448292,0.817139528023574,chr5,116436720,116467487,ENSMUSG00000086219.3,+,Srrm4os,antisense,3.9763390848974507,3.9146418076551366,5.139818867761456
chr5,116447791,116448292,0.817139528023574,chr5,116437272,116593817,ENSMUSG00000063919.8,-,Srrm4,protein_coding,3.9763390848974507,3.9146418076551366,5.139818867761456
chr19,6831266,6831767,0.9811452934908927,chr19,6827085,6842601,ENSMUSG00000024952.8,-,Rps6ka4,protein_coding,1.22013529009501,2.48510284938522,2.41508864278496
chr2,12242618,12243119,0.2801423526056225,chr2,12104632,12303922,ENSMUSG00000026768.6,-,Itga8,protein_coding,2.60835044158066,2.80235002164716,3.16939030107944
chr13,41827476,41827977,0.4892902674325797,chr13,41761148,41849684,ENSMUSG00000058022.9,-,Adtrp,protein_coding,4.3475313162851235,3.0051878131554273,6.400227869342187
chr6,120917118,120917619,0.8793890793330263,chr6,120889930,120918853,ENSMUSG00000004446.8,-,Bid,protein_coding,0.827948946850185,1.53997064868818,1.52845336022829
chr8,121898602,121899103,0.318463198901557,chr8,121879150,121909694,ENSMUSG00000040010.10,-,Slc7a5,protein_coding,4.61908359821682,5.47912303760731,5.76312933661836
chr8,121898602,121899103,0.318463198901557,chr8,119908841,124347722,ENSMUSG00000092329.1,+,Gm20388,protein_coding,4.61908359821682,5.47912303760731,5.76312933661836
chr11,47885234,47885735,0.2547158930832199,chr11,46894253,47990969,ENSMUSG00000020354.11,-,Sgcd,protein_coding,2.57722454132313,2.59746122289466,3.07675676409591
chr4,116007763,116008264,0.3836293686732516,chr4,115965145,116019926,ENSMUSG00000034171.9,-,Faah,protein_coding,3.92808861249975,5.74349568115893,5.12792794015985
chr1,88653579,88654080,0.6400382976920054,chr1,88651085,88656845,ENSMUSG00000104057.1,+,RP24-108I6.1,TEC,1.11430722921942,1.95635756228198,1.74018715904779
chr6,126594182,126594683,0.3028707533468363,chr6,126530553,126700192,ENSMUSG00000045534.3,-,Kcna5,protein_coding,4.20822171481748,5.30067150320996,5.19409475229094
chr16,4160468,4160969,0.4052974839279125,chr16,4079328,4215407,ENSMUSG00000022521.9,-,Crebbp,protein_coding,3.47987564879138,4.6529585265085,4.61182680553731
chr9,120174363,120174864,0.6681977485302231,chr9,120147742,120183484,ENSMUSG00000032517.11,+,Mobp,protein_coding,1.40066551158866,2.18107430930086,2.22982156881789
chr8,124108379,124108880,0.5713439318607219,chr8,119908841,124347722,ENSMUSG00000092329.1,+,Gm20388,protein_coding,1.61854681339134,2.92131771124539,2.40847196157185
chr6,146379257,146379758,0.3235114665633114,chr6,146106299,146504223,ENSMUSG00000030287.11,-,Itpr2,protein_coding,3.18106700631913,3.37736052137193,3.98324209029191
chr4,152257003,152257504,0.4015632517776186,chr4,152176134,152273855,ENSMUSG00000028937.10,+,Acot7,protein_coding,4.57550733785628,6.72167446229992,6.04764662878206
chr15,77770856,77771357,0.3644038550785782,chr15,77758587,77844175,ENSMUSG00000022443.12,-,Myh9,protein_coding,4.28914905548705,5.16187586534536,5.52492881294642
chr2,179668743,179669244,0.4024837601317422,chr2,179440431,179901373,ENSMUSG00000000305.8,+,Cdh4,protein_coding,3.10636484570107,3.20551830306338,4.10895903334099
chr1,154625370,154625871,0.7816888451391415,chr1,154388731,154886501,ENSMUSG00000004110.10,-,Cacna1e,protein_coding,1.6650867842866512,3.1627994249918743,2.071710954407256
chr6,119343282,119343783,0.6156737492928055,chr6,119234526,119354407,ENSMUSG00000041460.10,+,Cacna2d4,protein_coding,1.76795113462746,1.9431389301044,2.71283929737489
chr11,106922056,106922557,0.6184199356714934,chr11,106918658,106922761,ENSMUSG00000099125.1,-,Gm27322,miRNA,4.975703805744529,3.4545695672254126,5.754489859659039
chr11,106922056,106922557,0.6184199356714934,chr11,106818066,106922715,ENSMUSG00000018363.12,-,Smurf2,protein_coding,4.975703805744529,3.4545695672254126,5.754489859659039
chr12,110600152,110600653,0.4352727230958673,chr12,110599452,110668945,ENSMUSG00000018707.9,+,Dync1h1,protein_coding,4.33272531584758,5.43285782498577,5.862379554815
chr3,90652822,90653323,0.3410383945703391,chr3,90652302,90660130,ENSMUSG00000063767.2,+,S100a7a,protein_coding,2.68305260219872,3.11298787782032,3.40097414353827
chr4,154259257,154259758,1.0248662863928226,chr4,154168730,154277713,ENSMUSG00000057751.10,+,Megf6,protein_coding,0.946227367828782,1.19628621207108,1.93207091422797
chr7,45375996,45376497,0.4555494190643503,chr7,45374462,45397692,ENSMUSG00000063511.8,-,Snrnp70,protein_coding,4.89921670053455,6.41103660612676,6.72254811251923
chr9,65360716,65361217,0.3168201899082911,chr9,65344068,65361642,ENSMUSG00000041837.3,+,Pdcd7,protein_coding,3.31802096745224,4.10438529113889,4.13542575819342
chr9,65360716,65361217,0.3168201899082911,chr9,65359060,65382377,ENSMUSG00000086228.1,+,Ubap1l,protein_coding,3.31802096745224,4.10438529113889,4.13542575819342
chr15,77750399,77750900,0.7603325314097172,chr15,77745799,77757229,ENSMUSG00000056656.5,-,Apol8,protein_coding,1.28238709061006,2.00262277490351,2.17688811911302
chr2,171196473,171196974,0.71640312297198,chr2,171191269,171273350,ENSMUSG00000084829.3,+,Gm14266,lincRNA,1.20145974994049,2.27360473454392,1.97838768271973
chr6,115449625,115450126,0.4634084426522493,chr6,115359221,115492401,ENSMUSG00000000440.8,+,Pparg,protein_coding,1.85510365534853,2.04227867143626,2.56065562947337
chr7,43353726,43354227,0.5235963894699002,chr7,43349341,43361531,ENSMUSG00000039013.12,+,Siglecf,protein_coding,1.79285185483348,1.92331098183803,2.5805056731127
chr13,113895605,113896106,0.8223552058674416,chr13,113792505,114159461,ENSMUSG00000042348.9,+,Arl15,protein_coding,2.6666995272664966,2.40589766873571,3.966320859695861
chr7,46377533,46378034,1.144080803029594,chr7,46374474,46381092,ENSMUSG00000009471.3,+,Myod1,protein_coding,0.61629282509901,1.35490979820205,1.36965301111366
chr7,130564571,130565072,0.4074665165125321,chr7,130530523,130575118,ENSMUSG00000040331.11,-,Nsmce4a,protein_coding,4.58173251790779,6.06735216950966,6.08073003484761
chr7,130564571,130565072,0.4074665165125321,chr7,130160451,133125350,ENSMUSG00000030849.13,-,Fgfr2,protein_coding,4.58173251790779,6.06735216950966,6.08073003484761
chr12,111732398,111732899,0.3090124110587537,chr12,111728094,111733831,ENSMUSG00000090026.1,-,Gm15996,antisense,7.30836138046704,9.25304252430667,9.05823658074688
chr12,111732398,111732899,0.3090124110587537,chr12,111711261,111756980,ENSMUSG00000037787.9,+,Apopt1,protein_coding,7.30836138046704,9.25304252430667,9.05823658074688
chr17,71218880,71219381,0.9401555585880398,chr17,71180560,71251817,ENSMUSG00000024052.13,+,Lpin2,protein_coding,0.634968365253525,0.938522884608248,1.22408602442525
chr17,71218880,71219381,0.9401555585880398,chr17,70876078,71395284,ENSMUSG00000097625.1,+,Gm26561,lincRNA,0.634968365253525,0.938522884608248,1.22408602442525
chr17,21707404,21707905,0.3882368483827689,chr17,21705741,21727636,ENSMUSG00000067928.6,+,Zfp760,protein_coding,3.32424614750375,4.07794802678372,4.35377623822604
chr2,164793716,164794217,0.6358851604852286,chr2,164783823,164795816,ENSMUSG00000050373.9,+,Snx21,protein_coding,1.5687453729793,2.31326063107667,2.4415553676374
chr2,164793716,164794217,0.6358851604852286,chr2,164790768,164806882,ENSMUSG00000017307.11,-,Acot8,protein_coding,1.5687453729793,2.31326063107667,2.4415553676374
chr6,113972927,113973428,0.288637146771078,chr6,113743669,114044613,ENSMUSG00000030302.12,-,Atp2b2,protein_coding,5.52795988573657,6.16649191084152,6.75563151858478
chr8,22169112,22169613,0.5025347739420705,chr8,22166152,22187819,ENSMUSG00000037725.7,-,Ckap2,protein_coding,1.97338207632713,2.00923209099231,2.79885615314531
chr8,18758249,18758750,0.2686516629704219,chr8,18593131,18805189,ENSMUSG00000039842.11,+,Mcph1,protein_coding,3.623054789976,4.62652126215333,4.36700960065226
chr11,71779485,71779986,0.5979317967346272,chr11,71747920,71791647,ENSMUSG00000020811.12,+,Wscd1,protein_coding,2.38424395972647,3.25178351568492,3.61270794235778
chr15,95028757,95029258,0.3876326791292681,chr15,94627185,95098097,ENSMUSG00000063296.4,+,Tmem117,protein_coding,3.89696271224222,3.45667231443742,5.10146121530741
chr5,20204983,20205484,0.615428830348004,chr5,19225046,20706798,ENSMUSG00000040003.13,+,Magi2,protein_coding,0.796823046592659,0.945132200697038,1.22408602442525
chr7,66803141,66803642,0.2971354235189279,chr7,66741504,66825692,ENSMUSG00000030510.10,+,Cers3,protein_coding,3.93431379255125,4.60669331388696,4.83679396678303
chr4,46914506,46915007,0.9336919385841914,chr4,46660318,46993873,ENSMUSG00000039809.9,-,Gabbr2,protein_coding,1.761993717290684,1.8055714632936581,2.7124663346303914
chr4,138859688,138860189,0.4839962613355215,chr4,138797244,138865482,ENSMUSG00000041193.11,-,Pla2g5,protein_coding,3.77245911121212,5.22796902623327,5.28011160806136
chr10,20725572,20726073,0.5008944155608148,chr10,20396004,20727078,ENSMUSG00000019990.10,-,Pde7b,protein_coding,1.36331443127963,1.64571970610883,1.93207091422797
chr17,28048387,28048888,0.9063275160532918,chr17,27907340,28064600,ENSMUSG00000024219.11,+,Anks1,protein_coding,0.996028808240824,1.77129671179585,1.87252078330998
chr5,131992186,131992687,0.5564277819372724,chr5,131435333,132545344,ENSMUSG00000029673.13,-,Auts2,protein_coding,1.79285185483348,2.07532525188021,2.64005580403068
chr1,154252659,154253160,0.3039297439329915,chr1,154239521,154258906,ENSMUSG00000099933.1,-,4930452N14Rik,lincRNA,4.9552433209981,5.22796902623327,6.12043012212627
chr15,85401839,85402340,0.44909551498061,chr15,85334381,85465836,ENSMUSG00000016541.9,+,Atxn10,protein_coding,3.07523894544354,3.469890946615,4.20159257032452
chr7,141902784,141903285,0.3481130796943771,chr7,141872813,141920507,ENSMUSG00000025139.9,-,Tollip,protein_coding,6.18782897119612,7.51479239295477,7.88046732481339
chr11,120137535,120138036,0.4120945563265735,chr11,120101960,120153346,ENSMUSG00000061306.11,-,Slc38a10,protein_coding,2.68305260219872,3.80035675105453,3.57300785507912
chr15,86278144,86278645,0.5045653091694418,chr15,86212459,86500503,ENSMUSG00000051864.9,+,Tbc1d22a,protein_coding,2.20371373823282,2.64372643551619,3.12969021380078
chr16,18451799,18452300,0.3965071092974068,chr16,18424417,18481073,ENSMUSG00000075704.12,+,Txnrd2,protein_coding,5.4408073650155,7.3561688068238,7.16586575379757
chr8,9213669,9214170,0.5235963894699002,chr8,9204001,9773018,ENSMUSG00000079157.3,-,Fam155a,protein_coding,1.26371155045554,1.49370543606665,1.81958733360511
chr11,95476335,95476836,0.3756483575661646,chr11,95412080,95495406,ENSMUSG00000057522.11,+,Spop,protein_coding,3.00676196487699,3.71443564190025,3.90384191573459
chr19,5377386,5377887,0.4017833802207167,chr19,5375523,5390703,ENSMUSG00000039148.4,-,Sart1,protein_coding,3.29312024724622,4.48772562428873,4.35377623822604
chr3,134189933,134190434,0.6451868452342793,chr3,133953473,134242536,ENSMUSG00000097911.1,-,Gm26691,lincRNA,0.547815844532453,1.01783467767373,0.860168557704232
chr11,96621615,96622116,0.3269632093586161,chr11,96462593,96761130,ENSMUSG00000057058.12,+,Skap1,protein_coding,3.13126556590709,4.34892998642413,3.93030864058703
chr17,12211751,12212252,0.4490175486234865,chr17,12116704,12221645,ENSMUSG00000023827.4,+,Agpat4,protein_coding,3.79735983141814,4.7190516873964,5.18747807107783
chr12,86679679,86680180,0.2903935203738774,chr12,86676700,86694091,ENSMUSG00000021256.5,+,Vash1,protein_coding,3.70398213064556,4.22335298073712,4.53242663097999
chr19,44544665,44545166,0.6666541537031772,chr19,44514957,44547864,ENSMUSG00000051984.9,-,Sec31b,protein_coding,1.54384465277328,2.37274447587578,2.45478873006362
chr19,44544665,44545166,0.6666541537031772,chr19,44541722,44554831,ENSMUSG00000091471.1,-,Gm20538,protein_coding,1.54384465277328,2.37274447587578,2.45478873006362
chr14,32021940,32022441,0.3050887097358536,chr14,32021344,32025440,ENSMUSG00000088487.1,+,Gm26045,misc_RNA,4.54438143759876,5.44607645716335,5.61756234992995
chr5,110671442,110671943,0.4520697069590826,chr5,110662373,110772717,ENSMUSG00000029505.13,-,Ep400,protein_coding,3.47987564879138,4.24318092900349,4.76401047343882
chr12,87471354,87471855,0.3795384937766335,chr12,87447936,87474299,ENSMUSG00000021039.8,-,Snw1,protein_coding,3.21219290657666,3.80696606714332,4.18174252668519
chr16,10655847,10656348,1.0108759930603142,chr16,10543339,10746878,ENSMUSG00000068663.9,+,Clec16a,protein_coding,1.7907205870051583,3.0648531875686493,4.592133553442127
chr16,16351359,16351860,0.3946283676225086,chr16,16310235,16361030,ENSMUSG00000022789.10,-,Dnm1l,protein_coding,2.43404540013851,2.74286617684805,3.20247370714499
chr17,32951393,32951894,0.8806227604166914,chr17,32949744,32960695,ENSMUSG00000024295.8,-,Cyp4f41-ps,unprocessed_pseudogene,1.62477199344284,2.05549730361384,2.99735658953859
chr8,116665053,116665554,0.2728523166751448,chr8,116566724,116734991,ENSMUSG00000031758.9,-,Cdyl2,protein_coding,2.30954179910841,2.51814942982917,2.7922394719322
chr15,100069977,100070478,0.4398482901243422,chr15,100036664,100221473,ENSMUSG00000023026.11,+,Dip2b,protein_coding,3.03166268508301,3.85984059585364,4.1155757145541
chr14,65358284,65358785,0.5007828671804779,chr14,65356676,65400930,ENSMUSG00000034522.9,+,Zfp395,protein_coding,3.84093609177868,5.04290817574713,5.43891195717599
chr9,111480977,111481478,0.3920352326765197,chr9,111437081,111491608,ENSMUSG00000032500.9,+,Dclk3,protein_coding,2.69550296230173,3.23856488350733,3.53992444901357
chr5,101954750,101955251,0.4561960592752005,chr5,101830956,102071921,ENSMUSG00000043940.10,-,Wdfy3,protein_coding,1.61854681339134,2.39257242414215,2.22320488760479
chr3,121515390,121515891,0.436225428894304,chr3,121457529,121534344,ENSMUSG00000039865.7,-,Slc44a3,protein_coding,1.805775395886389,2.1673538549217635,1.7324525615174375
chr4,145309833,145310334,0.4425197708402577,chr4,145265137,145317164,ENSMUSG00000028602.8,-,Tnfrsf8,protein_coding,2.24728999859336,2.56441464245071,3.05690672045658
chr5,111372336,111372837,0.7905155369060952,chr5,111328763,111390359,ENSMUSG00000050017.7,+,Pitpnb,protein_coding,3.5456176360924085,3.717140046422353,6.243054565555322
chr18,37661467,37661968,0.5082035240287626,chr18,37653451,37663742,ENSMUSG00000073590.3,+,3222401L13Rik,lincRNA,0.784372686489649,1.15663031553833,1.1182191250155
chr18,37661467,37661968,0.5082035240287626,chr18,37659952,37664632,ENSMUSG00000103956.1,-,RP23-56B11.7,antisense,0.784372686489649,1.15663031553833,1.1182191250155
chr18,37661467,37661968,0.5082035240287626,chr18,36950741,37842200,ENSMUSG00000103458.1,+,PCDHA4,protein_coding,0.784372686489649,1.15663031553833,1.1182191250155
chr18,37661467,37661968,0.5082035240287626,chr18,36967916,37835296,ENSMUSG00000102836.1,+,RP23-407E2.5,protein_coding,0.784372686489649,1.15663031553833,1.1182191250155
chr18,37661467,37661968,0.5082035240287626,chr18,36973941,37835296,ENSMUSG00000103125.1,+,RP23-407E2.6,protein_coding,0.784372686489649,1.15663031553833,1.1182191250155
chr18,37661467,37661968,0.5082035240287626,chr18,37659793,37843873,ENSMUSG00000103144.1,+,Pcdhga1,protein_coding,0.784372686489649,1.15663031553833,1.1182191250155
chr15,12689934,12690435,0.2757371734856213,chr15,12357711,12741924,ENSMUSG00000022197.11,-,Pdzd2,protein_coding,1.78040149473047,2.43883763676369,2.15703807547369
chr18,53478812,53479313,0.3647923736221903,chr18,53462546,53577907,ENSMUSG00000069378.9,+,Prdm6,protein_coding,0.933777007725772,1.16984894771591,1.20423598078593
chr9,118099349,118099850,0.6543693184014869,chr9,118062529,118152196,ENSMUSG00000039163.9,-,Cmc1,protein_coding,1.3259633509706,1.62589175784246,2.0908712633426
chr11,82823446,82823947,0.8717685836077895,chr11,82800449,82873210,ENSMUSG00000020696.14,-,Rffl,protein_coding,0.778147506438143,1.15663031553833,1.42920314203165
chr13,60640387,60640888,0.5295579477086172,chr13,60599947,60765185,ENSMUSG00000021559.9,+,Dapk1,protein_coding,2.21616409833583,2.9874108721333,3.20247370714499
chr8,84800494,84800995,0.3337006572707432,chr8,84697876,84802344,ENSMUSG00000001911.12,-,Nfix,protein_coding,4.1086188339934,5.10239202054625,5.18086138986472
chr14,35393517,35394018,0.3219625283002495,chr14,34817825,35585379,ENSMUSG00000041078.6,+,Grid1,protein_coding,1.36953961133113,1.94974824619319,1.71372043419536
chr7,139998892,139999393,0.5486022300907345,chr7,139993955,140038350,ENSMUSG00000025474.8,-,Tubgcp2,protein_coding,2.91960944415591,4.87106595743858,4.27437606366872
chr3,107508619,107509120,0.2927224128548052,chr3,107465543,107520018,ENSMUSG00000027894.10,-,Slc6a17,protein_coding,2.92583462420742,3.35092325701677,3.58624121750534
chr12,73110350,73110851,0.8276831715970753,chr12,73097609,73115456,ENSMUSG00000034460.9,-,Six4,protein_coding,1.10808204916792,1.68537560264157,1.97177100150662
chr6,125122717,125123218,0.5005732576087842,chr6,125119724,125123859,ENSMUSG00000088208.1,+,Gm23751,snoRNA,2.28464107890239,2.73625686075926,3.23555711321054
chr6,125122717,125123218,0.5005732576087842,chr6,125093981,125132591,ENSMUSG00000063870.8,+,Chd4,protein_coding,2.28464107890239,2.73625686075926,3.23555711321054
chr8,84550055,84550556,0.7974958212291634,chr8,84386440,84642246,ENSMUSG00000034656.12,+,Cacna1a,protein_coding,1.00225398829233,2.26699541845513,1.7468038402609
chr1,178739592,178740093,0.5941314146994234,chr1,178527125,178941200,ENSMUSG00000026494.8,+,Kif26b,protein_coding,1.01470434839534,1.34830048211326,1.5350700414414
chr3,85309408,85309909,0.4891142581797491,chr3,84494426,85889516,ENSMUSG00000102805.1,-,RP24-559D1.1,protein_coding,2.01073315663616,2.52475874591796,2.82532287799775
chr13,64251129,64251630,0.5595657189784494,chr13,64246700,64270148,ENSMUSG00000097101.2,+,1810034E14Rik,antisense,1.15165830952845,1.48048680388907,1.70048707176914
chr13,64251129,64251630,0.5595657189784494,chr13,64190545,64276973,ENSMUSG00000033102.10,-,Cdc14b,protein_coding,1.15165830952845,1.48048680388907,1.70048707176914
chr10,60034026,60034527,0.2623595362226715,chr10,60000805,60101990,ENSMUSG00000044475.9,+,Ascc1,protein_coding,3.42384902832783,3.61529590056839,4.10895903334099
chr13,119784165,119784666,0.3574594010880905,chr13,119763187,119792805,ENSMUSG00000094870.3,-,Zfp131,protein_coding,1.71814969421542,1.75146876352948,2.20335484396546
chr10,71025458,71025959,0.3269228931591165,chr10,70920832,71161700,ENSMUSG00000014329.10,-,Bicc1,protein_coding,2.61457562163216,2.43883763676369,3.2818738817023
chr8,48116621,48117122,0.3891529745243279,chr8,48097092,48155233,ENSMUSG00000031562.11,+,Dctd,protein_coding,1.06450578880738,1.73164081526311,1.3961197359661
chr4,148900663,148901164,0.6609089127129465,chr4,148802429,148956889,ENSMUSG00000028977.12,+,Casz1,protein_coding,2.59590008147765,3.54920273968049,4.10895903334099
chr16,96767346,96767847,0.960262086367119,chr16,96590079,97172752,ENSMUSG00000050272.9,-,Dscam,protein_coding,0.473113683914391,0.779899298477276,0.926335369835327
chr4,44881407,44881908,0.3167760815849146,chr4,44753877,44934215,ENSMUSG00000035649.13,+,Zcchc7,protein_coding,2.59590008147765,3.33770462483919,3.23555711321054
chr5,148542974,148543475,0.8751936709503626,chr5,148502631,148554789,ENSMUSG00000001687.11,-,Ubl3,protein_coding,2.13076259870967,1.0301627784432053,2.457107927270992
chr6,148615321,148615822,0.3895901879653251,chr6,148604786,148616309,ENSMUSG00000070995.6,-,Gm6313,lincRNA,3.09391448559806,4.42163246340083,4.05602558363611
chr9,68715664,68716165,0.8244628688294331,chr9,68651786,69390246,ENSMUSG00000032238.13,+,Rora,protein_coding,1.5283784573663495,2.268289152019752,2.732786364184168
chr16,96843665,96844166,0.2647780429534432,chr16,96590079,97172752,ENSMUSG00000050272.9,-,Dscam,protein_coding,2.56477418122012,3.06011334910999,3.08337344530902
chr4,129050388,129050889,0.3999512345412952,chr4,129048097,129059983,ENSMUSG00000085085.2,-,1700086P04Rik,lincRNA,3.41762384827633,4.52077220473269,4.51257658734067
chr8,14583518,14584019,0.3248156150179603,chr8,14093865,14849680,ENSMUSG00000047495.11,+,Dlgap2,protein_coding,4.86809080027703,5.86907268684594,6.10058007848694
chr11,65907979,65908480,0.2979408531317101,chr11,65829282,66170551,ENSMUSG00000056752.12,-,Dnah9,protein_coding,2.68927778225022,2.96097360777813,3.30834060655474
chr19,43386301,43386802,0.6214758466655781,chr19,42786947,43390311,ENSMUSG00000074852.3,-,Hpse2,protein_coding,2.38424395972647,2.86844318253507,3.67225807327576
chr5,146963534,146964035,0.3685656033272821,chr5,146949573,146965800,ENSMUSG00000016510.7,-,Mtif3,protein_coding,6.59246567454395,8.19555195010019,8.5156687212719
chr1,34700609,34701110,0.8800551947927502,chr1,34676188,34815309,ENSMUSG00000037509.14,+,Arhgef4,protein_coding,1.03960506860136,1.31525390166931,1.91883755180175
chr10,4102784,4103285,0.7482272830023475,chr10,4102313,4106469,ENSMUSG00000065792.1,+,Gm25515,snRNA,0.840399306953195,1.30203526949172,1.41596977960543
chr10,4102784,4103285,0.7482272830023475,chr10,3971118,4169081,ENSMUSG00000040675.13,+,Mthfd1l,protein_coding,0.840399306953195,1.30203526949172,1.41596977960543
chr16,48992734,48993235,0.2967022637673501,chr16,48922232,48996165,ENSMUSG00000064061.9,-,Dzip3,protein_coding,1.94848135612111,2.27360473454392,2.39523859914563
chr16,48992734,48993235,0.2967022637673501,chr16,48992185,49021709,ENSMUSG00000033031.9,+,C330027C09Rik,protein_coding,1.94848135612111,2.27360473454392,2.39523859914563
chrX,160914243,160914744,0.4182184880085951,chrX,160782308,160996702,ENSMUSG00000031292.10,-,Cdkl5,protein_coding,1.41934105174317,1.52014270042181,1.89898750816242
chr11,76490158,76490659,0.4068235743623091,chr11,76414734,76624314,ENSMUSG00000017631.14,-,Abr,protein_coding,2.75775476281678,3.15264377435306,3.65902471084954
chr10,45086551,45087052,0.679954311931307,chr10,45065206,45160997,ENSMUSG00000019849.10,+,Prep,protein_coding,1.7507464267060666,1.9482398842147248,2.3422756478220164
chr12,103999593,104000094,0.2586616288584729,chr12,103992743,104015755,ENSMUSG00000058260.2,-,Serpina9,protein_coding,5.62756276656065,6.37138070959402,6.73578147494545
chr1,76905256,76905757,0.5569825579644472,chr1,76888472,77029792,ENSMUSG00000100534.1,-,Gm816,lincRNA,1.36953961133113,1.61928244175367,2.01808776999839
chr4,124685403,124685904,0.5409758502461453,chr4,124676160,124695600,ENSMUSG00000028907.7,-,Utp11l,protein_coding,1.78040149473047,1.94974824619319,2.59373903553892
chr8,71507508,71508009,0.3858968340543484,chr8,71495754,71513769,ENSMUSG00000034845.5,-,Plvap,protein_coding,10.1532686640049,12.9079943214078,13.2730625134976
chr11,54130687,54131188,0.275158945091367,chr11,54098095,54133665,ENSMUSG00000018906.10,+,P4ha2,protein_coding,6.31233257222622,7.25041974940315,7.64226680114145
chr3,51377761,51378262,0.5919698575240149,chr3,51376024,51388324,ENSMUSG00000102544.1,+,RP23-403H2.2,lincRNA,1.3321885310221,1.85060850486133,2.01147108878528
chr5,142433926,142434427,0.3410426326119113,chr5,142399497,142464014,ENSMUSG00000056493.8,+,Foxk1,protein_coding,8.2234628480383,10.4030635237562,10.4212729106474
chr7,123298174,123298675,0.7822051813677262,chr7,123277150,123371915,ENSMUSG00000030766.11,-,Arhgap17,protein_coding,1.20145974994049,2.16785567712328,2.07102121970327
chr7,31117414,31117915,0.372812038911385,chr7,31114524,31128945,ENSMUSG00000019194.10,-,Scn1b,protein_coding,5.26027714352185,6.1797105430191,6.81518164950276
chr11,53345265,53345766,0.3854775596049445,chr11,53343290,53347677,ENSMUSG00000082263.1,-,Gm11188,processed_pseudogene,3.54835262935793,4.40180451513446,4.63829353038974
chr2,168767040,168767541,0.7187153663452555,chr2,168764143,168770108,ENSMUSG00000085322.1,+,Gm14261,processed_transcript,0.82172376679868,1.75807807961827,1.35641964868744
chr2,168767040,168767541,0.7187153663452555,chr2,168746332,168769943,ENSMUSG00000027547.13,-,Sall4,protein_coding,0.82172376679868,1.75807807961827,1.35641964868744
chr4,150581885,150582386,0.5584859247229236,chr4,150279646,150623966,ENSMUSG00000039852.12,+,Rere,protein_coding,2.31576697915991,3.27822078004008,3.41420750596449
chr14,61002786,61003287,0.8095895923479026,chr14,60961834,61048855,ENSMUSG00000060548.8,-,Tnfrsf19,protein_coding,2.6511244002930416,3.6436794670280106,3.8832117754542184
chr11,99585011,99585512,0.371290240663818,chr11,99581062,99585654,ENSMUSG00000075567.4,-,Krtap1-4,protein_coding,3.00053678482548,3.31126736048403,3.88399187209526
chr14,66820565,66821066,0.2935138670458299,chr14,66800864,66870688,ENSMUSG00000022048.8,-,Dpysl2,protein_coding,2.75152958276528,3.24517419959612,3.37450741868583
chr4,151103484,151103985,0.3501886309077476,chr4,150915322,151863876,ENSMUSG00000014592.15,-,Camta1,protein_coding,4.3576260360536,5.61130935938312,5.55801221901196
chr8,128494544,128495045,0.3811094582057096,chr8,128357073,128507462,ENSMUSG00000025810.8,+,Nrp1,protein_coding,1.97960725637864,2.02245072316989,2.5805056731127
chr2,152952006,152952507,1.2395003681082768,chr2,152938997,152953698,ENSMUSG00000042662.12,-,Dusp15,protein_coding,0.441987783656865,1.3218632177581,1.05205231288441
chr4,150977390,150977891,0.6741001337656385,chr4,150915322,151863876,ENSMUSG00000014592.15,-,Camta1,protein_coding,1.8177525750395,2.92131771124539,2.90472305255506
chr5,32539955,32540456,0.53971969427572,chr5,32505184,32653065,ENSMUSG00000085234.1,-,Gm15614,antisense,2.37801877967497,3.52276547532533,3.46052427445626
chr9,62373655,62374156,0.8152945535558377,chr9,62339293,62380812,ENSMUSG00000032249.10,+,Anp32a,protein_coding,1.36953961133113,1.77790602788464,2.41508864278496
chr1,84386693,84387194,0.2924492480572359,chr1,84367839,84698221,ENSMUSG00000036766.8,-,Dner,protein_coding,1.99205761648165,2.97419223995572,2.4415553676374
chr11,100897846,100898347,0.6357317421332829,chr11,100883098,100941540,ENSMUSG00000004040.12,-,Stat3,protein_coding,1.89245473565756,2.9874108721333,2.94442313983372
chr5,138820698,138821199,0.9202025292655864,chr5,138818080,138823619,ENSMUSG00000094504.1,+,Gm5294,protein_coding,0.8466244870047,1.19628621207108,1.6078535347856
chr7,139420513,139421014,0.5533228838562465,chr7,139387109,139581652,ENSMUSG00000025477.9,+,Inpp5a,protein_coding,1.90490509576058,2.68999164813772,2.79885615314531
chr8,88259510,88260011,0.6133246512970505,chr8,88197213,88261722,ENSMUSG00000036779.8,+,Papd5,protein_coding,1.02715470849835,1.33508184993568,1.57477012872006
chr6,129180922,129181423,0.3440621851674626,chr6,129178615,129188534,ENSMUSG00000030157.5,+,Clec2d,protein_coding,1.84887847529703,1.76468739570706,2.34892183065387
chr9,96771254,96771755,0.3586990013684191,chr9,96763562,96784477,ENSMUSG00000101581.2,+,C430002N11Rik,processed_transcript,2.55232382111711,2.86844318253507,3.27525720048919
chr12,111064209,111064710,0.4406070247988686,chr12,111037351,111117901,ENSMUSG00000037896.13,+,Rcor1,protein_coding,3.69775695059406,4.77192621610673,5.02206104075009
chr1,36321703,36322204,0.7767429237642023,chr1,36305733,36326029,ENSMUSG00000037447.12,+,Arid5a,protein_coding,1.29483745071307,1.67876628655278,2.22320488760479
chr2,18389570,18390071,0.3025972034333185,chr2,18193654,18394830,ENSMUSG00000026740.8,-,Dnajc1,protein_coding,2.3648995815398925,3.955224959436291,4.191660771350898
chr4,41678621,41679122,0.807974746040864,chr4,41655498,41699089,ENSMUSG00000028444.13,-,Cntfr,protein_coding,2.6376275511796843,3.525730864492481,4.924572673862328
chr7,99919096,99919597,0.3681855450608954,chr7,99918257,99982458,ENSMUSG00000058761.4,-,Rnf169,protein_coding,4.54438143759876,6.12022669821998,5.86899623602811
chr7,99919096,99919597,0.3681855450608954,chr7,99857218,99919824,ENSMUSG00000035211.8,+,Xrra1,protein_coding,4.54438143759876,6.12022669821998,5.86899623602811
chr14,18283990,18284491,0.6979948674915202,chr14,18269136,18285942,ENSMUSG00000021772.10,+,Nkiras1,protein_coding,1.155973734999607,1.6068064181390638,2.534842861388734
chr14,18283990,18284491,0.6979948674915202,chr14,18280722,18333859,ENSMUSG00000021774.8,-,Ube2e1,protein_coding,1.155973734999607,1.6068064181390638,2.534842861388734
chr4,145216955,145217456,0.7711937289697425,chr4,145211463,145248870,ENSMUSG00000028599.6,-,Tnfrsf1b,protein_coding,2.1568957329272274,2.431877463877558,4.7013308026357565
chr15,71694884,71695385,0.5212161950081455,chr15,71443678,71729838,ENSMUSG00000036800.7,-,Fam135b,protein_coding,1.30728781081608,1.85060850486133,1.87913746452309
chr11,53792912,53793413,0.5044071882748413,chr11,53781418,53861256,ENSMUSG00000081769.4,-,Gm12216,protein_coding,2.39046913977798,3.17908103870822,3.39435746232516
chr9,62366374,62366875,0.645593169531701,chr9,62339293,62380812,ENSMUSG00000032249.10,+,Anp32a,protein_coding,1.68079861390639,2.1546370449457,2.63343912281757
chr8,121723722,121724223,0.3727559203511623,chr8,119908841,124347722,ENSMUSG00000092329.1,+,Gm20388,protein_coding,4.80583899976197,4.90411253788253,6.22629702153602
chr4,138858421,138858922,0.4196937050044159,chr4,138797244,138865482,ENSMUSG00000041193.11,-,Pla2g5,protein_coding,4.17709581455995,4.87767527352737,5.59109562507751
chr16,91320140,91320641,1.1445282196996056,chr16,91318452,91330995,ENSMUSG00000085865.1,-,Gm15966,lincRNA,0.379735983141814,0.68736887323421,0.846935195278013
chr2,129596726,129597227,0.310371156054498,chr2,129590835,129634228,ENSMUSG00000037902.14,+,Sirpa,protein_coding,5.3225289440369,6.90673531278605,6.60344785068326
chr1,179705093,179705594,0.352857804526509,chr1,179693297,179747185,ENSMUSG00000087236.1,-,Gm1305,protein_coding,4.49457999718672,5.45268577325214,5.74327929297903
chr2,72800689,72801190,0.7061429016406714,chr2,72743846,72815717,ENSMUSG00000085427.3,-,6430710C18Rik,lincRNA,1.5749705530308,1.9431389301044,2.57388899189959
chr13,54987440,54987941,0.4213067135384215,chr13,54947411,55008018,ENSMUSG00000025876.11,+,Unc5a,protein_coding,4.05881739358136,5.45929508934093,5.43891195717599
chr16,14375881,14376382,1.0343859382036644,chr16,14359558,14477737,ENSMUSG00000023088.12,+,Abcc1,protein_coding,1.3305807371220426,1.2404284624758357,2.9611398417078805
chr8,118902384,118902885,1.1264914062790905,chr8,118281733,119326921,ENSMUSG00000031841.14,+,Cdh13,protein_coding,0.448212963708371,0.746852718033324,0.985885500753312
chr4,124923369,124923870,0.6149849339340396,chr4,124916465,124941311,ENSMUSG00000028873.12,-,Cdca8,protein_coding,2.27841589885088,3.07333198128757,3.49360768052181
chr11,119857982,119858483,0.3086430917219134,chr11,119600905,119901576,ENSMUSG00000025583.11,+,Rptor,protein_coding,5.14199872254325,7.86508614566067,6.37186400822443
chr11,73021084,73021585,0.4036813870157851,chr11,73017008,73044073,ENSMUSG00000020785.13,+,Camkk1,protein_coding,10.500151072671551,10.80861945923217,11.587364451851911
chr9,108017055,108017556,0.570546359159456,chr9,108008976,108018608,ENSMUSG00000102540.1,-,RP23-286E6.13,antisense,2.15391229782078,3.31126736048403,3.20247370714499
chr9,108017055,108017556,0.570546359159456,chr9,107994349,108047270,ENSMUSG00000093456.3,+,Gm20662,protein_coding,2.15391229782078,3.31126736048403,3.20247370714499
chr9,108017055,108017556,0.570546359159456,chr9,108000501,108050782,ENSMUSG00000032594.7,+,Ip6k1,protein_coding,2.15391229782078,3.31126736048403,3.20247370714499
chr15,98532193,98532694,0.414739169447057,chr15,98516821,98536244,ENSMUSG00000022992.12,-,Kansl2,protein_coding,1.68079861390639,2.44544695285248,2.24305493124411
chr5,136567098,136567599,0.3141099202419662,chr5,136246135,136569490,ENSMUSG00000029705.13,-,Cux1,protein_coding,5.15444908264626,6.11361738213119,6.41156409550309
chr2,178165892,178166393,0.334779335091398,chr2,178116975,178340492,ENSMUSG00000027525.13,+,Phactr3,protein_coding,4.38875193631113,6.78115830709903,5.53816217537263
chr2,180154775,180155276,0.9714734783237432,chr2,180117306,180164680,ENSMUSG00000039050.8,+,Osbpl2,protein_coding,0.678544625614061,1.61267312566488,1.33656960504811
chr15,78436832,78437333,0.3372173272161397,chr15,78426564,78440909,ENSMUSG00000033287.11,+,Kctd17,protein_coding,7.10915561881888,7.97083520308132,8.98545308740267
chr15,79201136,79201637,1.2011540564587937,chr15,79164041,79229524,ENSMUSG00000075555.7,+,Gm10863,antisense,0.373510803090309,0.647712976701467,0.866785238917342
chr4,101304038,101304539,0.2625839812213179,chr4,101290414,101323745,ENSMUSG00000085721.1,-,Gm12796,lincRNA,1.92358063591509,2.45866558503006,2.30922174337521
chr9,63553606,63554107,0.2579655617609481,chr9,63396601,63570691,ENSMUSG00000086539.4,+,Gm16759,processed_transcript,3.66663105033653,4.46128835993357,4.38685964429158
chr9,63553606,63554107,0.2579655617609481,chr9,63419455,63604493,ENSMUSG00000037801.9,-,Iqch,protein_coding,3.66663105033653,4.46128835993357,4.38685964429158
chr1,182775490,182775991,0.5417195575029141,chr1,182761860,182898591,ENSMUSG00000038576.11,+,Susd4,protein_coding,1.40689069164016,1.98279482663714,2.05117117606394
chr11,80256092,80256593,0.4545547450402486,chr11,80207019,80269907,ENSMUSG00000017686.12,+,Rhot1,protein_coding,3.32424614750375,4.28944614162502,4.55889335583243
chr12,108606199,108606700,0.2639552459447722,chr12,108552720,108690513,ENSMUSG00000021262.10,+,Evl,protein_coding,4.1086188339934,4.97020569877044,4.93604418497967
chr6,121472199,121472700,0.375777631656132,chr6,121370933,121475678,ENSMUSG00000040797.12,-,Iqsec3,protein_coding,1.99205761648165,2.21412088974481,2.58712235432581
chr9,119571498,119571999,0.6175514342819932,chr9,119481408,119581016,ENSMUSG00000032511.13,-,Scn5a,protein_coding,1.49404321236124,1.387956378646,2.29598838094899
chr15,75781913,75782414,0.3721122110825333,chr15,75752432,75843915,ENSMUSG00000075600.2,-,Zc3h3,protein_coding,3.5047763689974,4.74548895175156,4.5390433121931
chr4,107163279,107163780,0.5341443804588926,chr4,107132155,107181116,ENSMUSG00000028619.11,-,Tceanc2,protein_coding,1.46914249215521,2.09515320014658,2.13057135062125
chr11,78134315,78134816,0.6117638436968291,chr11,78092660,78158700,ENSMUSG00000037750.12,+,Fam222b,protein_coding,1.65589789370037,2.95436429168934,2.53418890462093
chr10,116905162,116905663,0.4157917713346011,chr10,116903784,116952380,ENSMUSG00000064181.5,-,Rab3ip,protein_coding,2.52742310091109,2.28021405063271,3.37450741868583
chr4,58887589,58888090,0.5108982468766973,chr4,58796911,58914749,ENSMUSG00000050812.14,-,AI314180,protein_coding,0.9649268602896593,1.86500837346037,2.717055212951706
chr9,117095891,117096392,0.7046401811335326,chr9,116570746,117631913,ENSMUSG00000039607.11,-,Rbms3,protein_coding,0.82172376679868,1.25577005687019,1.34318628626122
chr4,111498705,111499206,0.2754869918675307,chr4,110395661,111666324,ENSMUSG00000061298.10,+,Agbl4,protein_coding,3.61682960992449,4.91072185397133,4.38024296307848
chr5,131698838,131699339,0.463006409755433,chr5,131435333,132545344,ENSMUSG00000029673.13,-,Auts2,protein_coding,2.2970914390054,2.59746122289466,3.16939030107944
chr19,57854607,57855108,0.5941652494076386,chr19,57609034,58135338,ENSMUSG00000054843.8,+,Atrnl1,protein_coding,1.13298276937394,1.65893833828641,1.71372043419536
chr9,45545944,45546445,0.56108078374564,chr9,45428293,45755164,ENSMUSG00000032087.9,+,Dscaml1,protein_coding,2.0605345970482,2.80235002164716,3.04367335803036
chr4,140701137,140701638,0.3139345268334498,chr4,140698541,140725220,ENSMUSG00000040945.9,+,Rcc2,protein_coding,10.7633363090524,13.1723669649594,13.3855460941205
chr11,100826107,100826608,0.5883955105959083,chr11,100778731,100852724,ENSMUSG00000020919.7,-,Stat5b,protein_coding,1.64344753359736,2.23394883801118,2.47463877370295
chr2,30676893,30677394,0.3453600120521035,chr2,30627655,30691210,ENSMUSG00000086405.1,+,9330198N18Rik,lincRNA,7.53246786232123,10.7864038569061,9.57433771536942
chr2,30676893,30677394,0.3453600120521035,chr2,30656468,30680011,ENSMUSG00000087268.1,-,Gm14486,lincRNA,7.53246786232123,10.7864038569061,9.57433771536942
chr6,52204379,52204880,0.7318383224633146,chr6,52199754,52206587,ENSMUSG00000038253.6,-,Hoxa5,protein_coding,2.037661769849336,2.3294488624660317,3.1293252033149885
chr6,52204379,52204880,0.7318383224633146,chr6,52204288,52210722,ENSMUSG00000043219.9,-,Hoxa6,protein_coding,2.037661769849336,2.3294488624660317,3.1293252033149885
chr6,52204379,52204880,0.7318383224633146,chr6,52167062,52215336,ENSMUSG00000079560.9,-,Hoxa3,protein_coding,2.037661769849336,2.3294488624660317,3.1293252033149885
chr6,52204379,52204880,0.7318383224633146,chr6,52173217,52217076,ENSMUSG00000085696.4,+,Hoxaas3,antisense,2.037661769849336,2.3294488624660317,3.1293252033149885
chr6,52204379,52204880,0.7318383224633146,chr6,52161359,52215339,ENSMUSG00000101298.1,-,Gm28308,protein_coding,2.037661769849336,2.3294488624660317,3.1293252033149885
chr16,96291842,96292343,0.3493496279598658,chr16,96233801,96321859,ENSMUSG00000074892.5,+,B3galt5,protein_coding,2.52742310091109,3.08655061346515,3.22232375078432
chr12,111289132,111289633,0.819369500640976,chr12,111282762,111295988,ENSMUSG00000097381.1,+,A230087F16Rik,lincRNA,1.40689069164016,2.18107430930086,2.48787213612916
chr17,73626888,73627389,0.2995947152717951,chr17,73491228,73712453,ENSMUSG00000024064.9,-,Galnt14,protein_coding,2.74530440271377,4.05151076242856,3.38112409989894
chr8,13021753,13022254,0.2745634089269328,chr8,13019941,13024210,ENSMUSG00000081951.1,+,Gm15352,processed_pseudogene,6.24385559165966,7.68002529517454,7.55624994537103
chr8,13021753,13022254,0.2745634089269328,chr8,12871806,13022905,ENSMUSG00000031442.16,+,Mcf2l,protein_coding,6.24385559165966,7.68002529517454,7.55624994537103
chr7,138396085,138396586,0.8641725786314041,chr7,138206974,138399730,ENSMUSG00000091002.2,-,Tcerg1l,protein_coding,0.796823046592659,1.16323963162712,1.45566986688409
chr5,66304227,66304728,0.3746777678287229,chr5,66296861,66620828,ENSMUSG00000029207.12,-,Apbb2,protein_coding,2.45272094029303,3.20551830306338,3.18262366350566
chr11,94550103,94550604,0.3035469569405664,chr11,94537798,94551255,ENSMUSG00000039096.6,-,Rsad1,protein_coding,4.65643467852585,6.33172481306128,5.74989597419214
chr2,127435080,127435581,1.1533852103196838,chr2,127423199,127438092,ENSMUSG00000046338.4,+,Gpat2,protein_coding,2.2576084703266504,3.0112808238484425,4.413986205578802
chr2,127435080,127435581,1.1533852103196838,chr2,127434215,127446565,ENSMUSG00000027371.6,-,Fahd2a,protein_coding,2.2576084703266504,3.0112808238484425,4.413986205578802
chr15,103342366,103342867,0.7280465371226974,chr15,103342289,103368763,ENSMUSG00000000555.6,-,Itga5,protein_coding,1.84265329524552,2.62389848724982,3.05690672045658
chr14,67236083,67236584,0.7566727792874681,chr14,67231292,67432918,ENSMUSG00000022053.9,+,Ebf2,protein_coding,1.7600901985834696,2.1642501311387843,3.3811460612062922
chr18,80359727,80360228,0.8040710799982549,chr18,80292546,80366254,ENSMUSG00000059852.7,-,Kcng2,protein_coding,3.2230532554809206,4.215610585526792,4.906350591701424
chr3,136823549,136824050,0.3192275605790109,chr3,136668124,136939727,ENSMUSG00000028161.13,+,Ppp3ca,protein_coding,1.63722235354585,1.58623586130971,2.04455449485083
chr4,141816895,141817396,0.3530284132359187,chr4,141791612,141817976,ENSMUSG00000028914.9,+,Casp9,protein_coding,5.38478074455195,6.49695771528104,6.88134846163386
chr4,141816895,141817396,0.3530284132359187,chr4,141812962,141828160,ENSMUSG00000058579.5,-,Cela2a,protein_coding,5.38478074455195,6.49695771528104,6.88134846163386
chr4,141816895,141817396,0.3530284132359187,chr4,141812962,141848359,ENSMUSG00000062478.12,-,Ctrc,protein_coding,5.38478074455195,6.49695771528104,6.88134846163386
chr1,176985636,176986137,0.2720393721777212,chr1,176812660,177022437,ENSMUSG00000026504.13,+,Sdccag8,protein_coding,3.05033822523752,3.36414188919435,3.68549143570198
chr6,120294314,120294815,0.2781079434347658,chr6,120292364,120297432,ENSMUSG00000097481.1,+,D330020A13Rik,protein_coding,9.38134633761826,9.53724311612466,11.3806916865483
chr6,120294314,120294815,0.2781079434347658,chr6,120201073,120296559,ENSMUSG00000041372.9,-,B4galnt3,protein_coding,9.38134633761826,9.53724311612466,11.3806916865483
chr10,44316218,44316719,0.6434599036618304,chr10,44266358,44366291,ENSMUSG00000038160.6,+,Atg5,protein_coding,0.827948946850185,1.33508184993568,1.29686951776946
chr12,26314927,26315428,0.8967417779220489,chr12,26304797,26417256,ENSMUSG00000020642.8,-,Rnf144a,protein_coding,0.672319445562556,0.760071350210905,1.2571694304908
chr13,94455115,94455616,0.4336729157972665,chr13,94356960,94568316,ENSMUSG00000021686.4,+,Ap3b1,protein_coding,2.56477418122012,2.93453634342297,3.46714095566937
chr9,42801879,42802380,0.3696405034447251,chr9,42516135,42946493,ENSMUSG00000032017.10,-,Grik4,protein_coding,3.88451235213921,4.89750322179374,5.02206104075009
chr12,80562742,80563243,1.2017544539209064,chr12,80516990,80605896,ENSMUSG00000021130.7,+,Galnt16,protein_coding,1.8339822934773153,2.6958279300354673,3.3533556099661332
chr4,148058962,148059463,0.2739531751988236,chr4,148037077,148061551,ENSMUSG00000029009.13,+,Mthfr,protein_coding,6.35590883258676,6.54983224399136,7.68858356963321
chr10,69884540,69885041,0.7841051312132918,chr10,69531772,70029438,ENSMUSG00000069601.9,+,Ank3,protein_coding,1.2277893131364606,1.8545460977002295,2.2446155061502893
chr11,24726357,24726858,0.4126396932884607,chr11,24719006,24732722,ENSMUSG00000073103.2,-,Gm10466,lincRNA,1.66834825380338,2.09515320014658,2.22320488760479
chr12,100050006,100050507,0.9098543600600776,chr12,99962499,100064682,ENSMUSG00000045404.11,+,Kcnk13,protein_coding,0.504239584171917,0.693978189323,0.952802094687765
chr15,102990291,102990792,1.0611859975473794,chr15,102965443,103019429,ENSMUSG00000022485.3,+,Hoxc5,protein_coding,0.510464764223422,0.786508614566067,1.07190235652374
chr15,102990291,102990792,1.0611859975473794,chr15,102988607,102996111,ENSMUSG00000001657.7,+,Hoxc8,protein_coding,0.510464764223422,0.786508614566067,1.07190235652374
chr15,79600096,79600597,0.2767062471705994,chr15,79559500,79607084,ENSMUSG00000022429.10,-,Dmc1,protein_coding,3.59192888971847,3.75409153843299,4.35377623822604
chr4,150339422,150339923,0.3175361100629292,chr4,150279646,150623966,ENSMUSG00000039852.12,+,Rere,protein_coding,2.83868210348635,3.25178351568492,3.53992444901357
chr11,113351598,113352099,0.9672030409455148,chr11,113242853,113652079,ENSMUSG00000041654.11,-,Slc39a11,protein_coding,0.61629282509901,1.03766262594011,1.21085266199903
chr2,125714432,125714933,0.5311039261388415,chr2,125625447,125726148,ENSMUSG00000035109.10,-,Shc4,protein_coding,0.771922326386638,0.991397413318572,1.1182191250155
chr10,115308517,115309018,0.6882963234350916,chr10,115287863,115317591,ENSMUSG00000020132.9,-,Rab21,protein_coding,0.933777007725772,1.17645826380471,1.50860331658896
chr5,32462649,32463150,0.3830656446454129,chr5,32456974,32519433,ENSMUSG00000014956.11,+,Ppp1cb,protein_coding,2.95073534441344,3.53598410750291,3.85090846602972
chr6,38668755,38669256,0.433521045168052,chr6,38661069,38682864,ENSMUSG00000079598.3,+,Clec2l,protein_coding,2.35934323952045,3.37736052137193,3.18924034471877
chr4,105098117,105098618,0.4754229283248291,chr4,105027874,105111890,ENSMUSG00000028518.8,-,Prkaa2,protein_coding,1.74927559447295,2.31326063107667,2.43493868642429
chr2,31164886,31165387,0.3768464353733742,chr2,31150316,31220775,ENSMUSG00000000194.9,+,Gpr107,protein_coding,5.17934980285228,6.53661361181378,6.72916479373234
chrX,150458360,150458861,0.4644112288268903,chrX,150395773,150461154,ENSMUSG00000041353.8,-,Tmem29,protein_coding,1.72437487426693,2.66355438378256,2.38200523671941
chr16,4914294,4914795,0.7972780395032024,chr16,4884100,4940296,ENSMUSG00000022517.12,+,Mgrn1,protein_coding,1.39444033153715,2.17446499321207,2.42832200521118
chr5,122595464,122595965,0.774974686010317,chr5,122548204,122616518,ENSMUSG00000029469.10,-,Ift81,protein_coding,1.06450578880738,1.52014270042181,1.82620401481822
chr10,4665931,4666432,0.7504622873856561,chr10,4609593,5007614,ENSMUSG00000019768.12,+,Esr1,protein_coding,0.815498586747174,1.17645826380471,1.37626969232677
chr11,3302347,3302848,0.3518743469884305,chr11,3286874,3311083,ENSMUSG00000020453.13,+,Patz1,protein_coding,4.45100373682618,5.76993294551409,5.68372916206104
chr13,51792514,51793015,0.5538816539422909,chr13,51699246,51795747,ENSMUSG00000021451.11,-,Sema4d,protein_coding,2.57099936127163,3.64834248101234,3.77812497268551
chr15,79658947,79659448,0.3388895677222269,chr15,79607576,79660956,ENSMUSG00000042564.8,-,Fam227a,protein_coding,9.80465858112061,12.5577005687019,12.4062772745803
chr15,79658947,79659448,0.3388895677222269,chr15,79657227,79669660,ENSMUSG00000022428.7,+,Cby1,protein_coding,9.80465858112061,12.5577005687019,12.4062772745803
chr5,27475632,27476133,0.3219625283002495,chr5,26815203,27729505,ENSMUSG00000061576.11,+,Dpp6,protein_coding,0.840399306953195,0.978178781140991,1.05205231288441
chr19,41480891,41481392,0.6526595326502513,chr19,41480645,41564246,ENSMUSG00000025019.11,+,Lcor,protein_coding,1.66834825380338,2.65033575160498,2.62682244160446
chr5,130685911,130686412,0.3819446331284821,chr5,130367476,130842645,ENSMUSG00000060371.8,+,Caln1,protein_coding,1.64344753359736,2.31986994716546,2.14380471304747
chr6,53584960,53585461,0.2643750367473059,chr6,53571384,53698007,ENSMUSG00000053007.6,+,Creb5,protein_coding,2.85735764364086,3.04689471693241,3.43405754960382
chr14,22494250,22494751,0.8519436052515397,chr14,22017712,23058085,ENSMUSG00000063458.8,+,1700112E06Rik,protein_coding,2.2513801717234703,3.560679021947636,5.607282188362229
chr7,4087987,4088488,0.5577811713481882,chr7,4072125,4122728,ENSMUSG00000086155.3,-,9430041J12Rik,processed_transcript,1.86755401545154,2.28021405063271,2.75253938465354
chr14,21993675,21994176,1.1500387407319397,chr14,21990436,21998100,ENSMUSG00000103160.1,+,RP24-428B12.3,TEC,1.6474350510005227,2.288637025151662,3.4959792410304207
chr4,117647693,117648194,0.6823752442494656,chr4,117548365,117676297,ENSMUSG00000033423.12,+,Eri3,protein_coding,3.072845887757109,3.6328745464126984,3.83143194706854
chr11,119198535,119199036,0.5138025005075079,chr11,119141045,119230499,ENSMUSG00000039976.3,-,Tbc1d16,protein_coding,5.15444908264626,6.83403283580935,7.36436619019085
chr2,120605978,120606479,0.2616503994107702,chr2,120602238,120611520,ENSMUSG00000027286.12,-,Lrrc57,protein_coding,3.29312024724622,3.89949649238638,3.95015868422636
chr11,118840936,118841437,0.5208466522190122,chr11,118487762,118913597,ENSMUSG00000025576.13,-,Rbfox3,protein_coding,2.55232382111711,2.9147083951566,3.66564139206265
chr8,3718482,3718983,1.3214544476325965,chr8,3705064,3722651,ENSMUSG00000074491.5,-,Clec4g,protein_coding,0.43576260360536,0.865820407631553,1.09836908137617
chr8,3718482,3718983,1.3214544476325965,chr8,3707804,3741044,ENSMUSG00000089956.1,+,Gm16553,antisense,0.43576260360536,0.865820407631553,1.09836908137617
chr14,70309416,70309917,0.6960145033632796,chr14,70301469,70353425,ENSMUSG00000022094.11,-,Slc39a14,protein_coding,1.00225398829233,1.2491607407814,1.62770357842493
chr10,128524875,128525376,0.7477888609988668,chr10,128508248,128527859,ENSMUSG00000025366.7,-,Esyt1,protein_coding,2.47139648044754,3.63512384883476,4.15527580183275
chr10,128524875,128525376,0.7477888609988668,chr10,128520263,128547359,ENSMUSG00000100548.1,+,Gm29585,antisense,2.47139648044754,3.63512384883476,4.15527580183275
chr2,29025255,29025756,0.3552502293995502,chr2,28924949,29057066,ENSMUSG00000079502.4,-,1700101E01Rik,protein_coding,5.06107138187368,6.10039874995361,6.47773090763418
chr12,111731894,111732395,0.6048210585090197,chr12,111728094,111733831,ENSMUSG00000090026.1,-,Gm15996,antisense,1.62477199344284,2.54458669418433,2.47463877370295
chr12,111731894,111732395,0.6048210585090197,chr12,111711261,111756980,ENSMUSG00000037787.9,+,Apopt1,protein_coding,1.62477199344284,2.54458669418433,2.47463877370295
chr9,60434398,60434899,0.4393215134234371,chr9,59964931,60524046,ENSMUSG00000032289.11,-,Thsd4,protein_coding,3.44252456848235,3.84001264758727,4.67137693645529
chr7,56122142,56122643,0.8948521967208306,chr7,56048155,56233794,ENSMUSG00000030451.11,+,Herc2,protein_coding,1.4370064088208472,2.2415046401604446,2.813143112464341
chr15,78711898,78712399,0.2615266744382754,chr15,78668022,78720113,ENSMUSG00000043460.6,-,Elfn2,protein_coding,8.00558154623562,9.26626115648425,9.60080444022185
chr2,28221752,28222253,0.4076208727038413,chr2,28190992,28232736,ENSMUSG00000026833.14,+,Olfm1,protein_coding,3.97789005291179,4.83801937699463,5.28011160806136
chr3,55664642,55665143,0.358548698070943,chr3,55623205,56185701,ENSMUSG00000027799.8,-,Nbea,protein_coding,2.04185905689369,2.47849353329643,2.62020576039135
chr8,122395090,122395591,0.8536513363569802,chr8,122374609,122419360,ENSMUSG00000017478.11,+,Zc3h18,protein_coding,0.8466244870047,1.39456569473479,1.5350700414414
chr8,122395090,122395591,0.8536513363569802,chr8,119908841,124347722,ENSMUSG00000092329.1,+,Gm20388,protein_coding,0.8466244870047,1.39456569473479,1.5350700414414
chr12,108505359,108505860,0.5626557663796414,chr12,108368957,108541617,ENSMUSG00000058070.10,+,Eml1,protein_coding,4.003683268191096,4.521750305941005,6.2203672869714675
chr7,31059022,31059523,0.7176890293773807,chr7,31057342,31072935,ENSMUSG00000036560.10,+,Lgi4,protein_coding,2.92583462420742,4.63313057824212,4.8169439231437
chr8,125084487,125084988,0.2983133446920549,chr8,125052195,125263858,ENSMUSG00000043051.13,+,Disc1,protein_coding,3.55457780940944,4.5141628886439,4.37362628186537
chr10,26243110,26243611,0.546928893300524,chr10,26227707,26274172,ENSMUSG00000051354.9,+,Samd3,protein_coding,1.5013799584078455,1.0383247769997268,1.8801886402442307
chr4,97885421,97885922,0.6641445071723792,chr4,97770734,98120874,ENSMUSG00000028565.14,+,Nfia,protein_coding,0.715895705923092,0.654322292790257,1.13806916865483
chr9,45534477,45534978,0.3127693277758616,chr9,45428293,45755164,ENSMUSG00000032087.9,+,Dscaml1,protein_coding,5.33497930413991,5.73027704898134,6.6299145755357
chr1,74926659,74927160,0.8603197907614019,chr1,74900071,74937599,ENSMUSG00000047021.10,-,Ccdc108,protein_coding,0.933777007725772,1.44744022344511,1.70048707176914
chr7,144325599,144326100,0.2794798060769224,chr7,143999928,144426494,ENSMUSG00000037541.15,+,Shank2,protein_coding,6.7729958960376,8.9556233003111,8.22453474789508
chr17,11336140,11336641,0.3081993676974742,chr17,10838384,12065361,ENSMUSG00000023826.10,+,Park2,protein_coding,4.55060661765026,5.02308022748076,5.63741239356928
chr9,105989497,105989998,0.2638200473036898,chr9,105987454,106098783,ENSMUSG00000032572.7,-,Col6a4,protein_coding,4.3514008560021,4.9305498022377,5.22717815835649
chr6,128346098,128346599,0.4307288827588114,chr6,128319140,128357851,ENSMUSG00000001521.8,-,Tulp3,protein_coding,1.50026839241274,1.71842218308552,2.0247044512115
chr1,36566884,36567385,0.3559350390263542,chr1,36555701,36567613,ENSMUSG00000087589.3,+,D430040D24Rik,processed_transcript,3.31179578740074,3.49632821097016,4.24129265760318
chr1,36566884,36567385,0.3559350390263542,chr1,36560692,36685183,ENSMUSG00000046337.13,-,Fam178b,protein_coding,3.31179578740074,3.49632821097016,4.24129265760318
chr1,80757257,80757758,0.4113868858838752,chr1,80499073,80760527,ENSMUSG00000038608.11,-,Dock10,protein_coding,1.82397775509101,2.16124636103449,2.42832200521118
chr11,101465964,101466465,0.8324006882540731,chr11,101456745,101468230,ENSMUSG00000034993.7,-,Vat1,protein_coding,0.896425927416741,1.60606380957609,1.60123685357249
chr11,101465964,101466465,0.8324006882540731,chr11,101462999,101473853,ENSMUSG00000001313.8,+,Rnd2,protein_coding,0.896425927416741,1.60606380957609,1.60123685357249
chr2,29647755,29648256,0.3135475625321674,chr2,29617720,29742978,ENSMUSG00000039844.15,+,Rapgef1,protein_coding,3.84716127183018,5.21475039405569,4.78386051707815
chr4,126576205,126576706,0.2534203455480427,chr4,126554935,126595903,ENSMUSG00000042489.11,+,Clspn,protein_coding,6.73564481572857,8.30130100752084,8.03265099271491
chr7,92264915,92265416,0.3274480673839792,chr7,91088706,92449003,ENSMUSG00000052572.11,+,Dlg2,protein_coding,3.91563825239674,5.24118765841085,4.91619414134034
chr7,140956249,140956750,0.5968253375475316,chr7,140952839,140957961,ENSMUSG00000060591.8,-,Ifitm2,protein_coding,3.08146412549505,4.28283682553623,4.66476025524218
chr7,126762299,126762800,0.4155514723474305,chr7,126757601,126767819,ENSMUSG00000063065.9,+,Mapk3,protein_coding,5.55286060594259,8.15589605356745,7.41068295868262
chr1,39685798,39686299,0.3584950588074376,chr1,39663301,39722997,ENSMUSG00000057173.8,-,Rfx8,protein_coding,3.36782240786428,3.72104495798904,4.32069283216049
chr4,40513177,40513678,0.4005001397711051,chr4,40480840,40527548,ENSMUSG00000086355.1,-,4933428C19Rik,lincRNA,2.528258223733502,2.914369938616267,3.229870383135097
chr6,90801987,90802488,0.3324412235141245,chr6,90657598,90812123,ENSMUSG00000034312.9,-,Iqsec1,protein_coding,3.32424614750375,3.83340333149848,4.1883592078983
chr19,37332649,37333150,0.6599145220652693,chr19,37266743,37339852,ENSMUSG00000056999.10,-,Ide,protein_coding,0.952452547880288,1.26237937295898,1.50860331658896
chr1,44142693,44143194,0.2819356344286731,chr1,44116957,44146770,ENSMUSG00000041684.7,+,Bivm,protein_coding,2.49629720065356,2.33969789543183,3.03705667681725
chr6,52211496,52211997,0.5245610802720695,chr6,52167062,52215336,ENSMUSG00000079560.9,-,Hoxa3,protein_coding,2.01695833668767,2.54458669418433,2.90472305255506
chr6,52211496,52211997,0.5245610802720695,chr6,52173217,52217076,ENSMUSG00000085696.4,+,Hoxaas3,antisense,2.01695833668767,2.54458669418433,2.90472305255506
chr6,52211496,52211997,0.5245610802720695,chr6,52161359,52215339,ENSMUSG00000101298.1,-,Gm28308,protein_coding,2.01695833668767,2.54458669418433,2.90472305255506
chr8,106999073,106999574,0.3599566932862891,chr8,106933750,107016192,ENSMUSG00000041308.5,+,Sntb2,protein_coding,3.31802096745224,4.57364673344301,4.2611427012425
chr4,114416240,114416741,0.3584585962686493,chr4,114404724,114617098,ENSMUSG00000070867.4,+,Trabd2b,protein_coding,3.76000875110911,5.61130935938312,4.82356060435681
chr11,100355862,100356363,0.5990299931729339,chr11,100345327,100358128,ENSMUSG00000006930.11,-,Hap1,protein_coding,4.13351955419942,6.85386078407573,6.26599710881468
chr7,115671154,115671655,0.5246531799267906,chr7,115469344,116040744,ENSMUSG00000051910.9,-,Sox6,protein_coding,1.10185686911641,1.79773397615101,1.58800349114628
chr9,57554181,57554682,0.54736455540285,chr9,57542256,57554763,ENSMUSG00000032306.10,-,Mpi,protein_coding,1.86755401545154,1.69859423481915,2.73268934101421
chr11,6557782,6558283,1.0277910285389589,chr11,6557023,6561503,ENSMUSG00000084231.1,-,Gm11975,processed_pseudogene,1.4174508065758589,1.812240598682396,2.6307989818131374
chr11,6557782,6558283,1.0277910285389589,chr11,6544887,6598744,ENSMUSG00000000378.11,+,Ccm2,protein_coding,1.4174508065758589,1.812240598682396,2.6307989818131374
chr17,44863195,44863696,0.3401943677277498,chr17,44775152,45121290,ENSMUSG00000038954.10,+,Supt3,protein_coding,4.64398431842284,5.47251372151852,5.88222959845433
chr16,77095378,77095879,0.3615561491831568,chr16,77012069,77118779,ENSMUSG00000022867.9,+,Usp25,protein_coding,1.48159285225823,1.65893833828641,1.90560418937553
chr10,109803587,109804088,0.5227126558797008,chr10,109680660,110458204,ENSMUSG00000020181.11,-,Nav3,protein_coding,1.31973817091909,1.69859423481915,1.89898750816242
chr5,131819249,131819750,0.4217036993290258,chr5,131435333,132545344,ENSMUSG00000029673.13,-,Auts2,protein_coding,1.4504669520007,2.28021405063271,1.94530427665419
chr9,66792627,66793128,0.3163159651591075,chr9,66773202,66797490,ENSMUSG00000032375.11,-,Aph1b,protein_coding,4.014238427023212,4.443806623032469,4.1071084321377995
chr7,130954297,130954798,0.289233458258601,chr7,130934111,130987660,ENSMUSG00000006205.9,+,Htra1,protein_coding,3.80981019152115,5.9021192672899,4.65814357402907
chr7,130954297,130954798,0.289233458258601,chr7,130160451,133125350,ENSMUSG00000030849.13,-,Fgfr2,protein_coding,3.80981019152115,5.9021192672899,4.65814357402907
chr8,70598286,70598787,0.4526633870733659,chr8,70592481,70599288,ENSMUSG00000019139.9,+,Isyna1,protein_coding,4.98636922125562,5.85585405466836,6.82841501192898
chr8,70598286,70598787,0.4526633870733659,chr8,70595491,70610314,ENSMUSG00000070003.6,-,Ssbp4,protein_coding,4.98636922125562,5.85585405466836,6.82841501192898
chr13,8538302,8538803,0.6300245090639861,chr13,8200866,8770747,ENSMUSG00000052551.11,+,Adarb2,protein_coding,0.566491384686968,0.700587505411791,0.880018601343561
chr7,19620792,19621293,0.2542287052588314,chr7,19604217,19631438,ENSMUSG00000002983.12,-,Relb,protein_coding,10.0038643427688,11.1433069257007,11.9364929084495
chr4,115480673,115481174,0.40149845377896,chr4,115478800,115483276,ENSMUSG00000086724.1,+,Gm12833,processed_pseudogene,1.811527394988,1.79773397615101,2.39523859914563
chr4,129672520,129673021,0.2565957535731136,chr4,129641980,129674767,ENSMUSG00000003731.9,-,Kpna6,protein_coding,9.65525425988448,12.0620018620426,11.5394920356629
chr4,138107683,138108184,0.5032875498740408,chr4,137991022,138210508,ENSMUSG00000028760.12,+,Eif4g3,protein_coding,2.97563606461946,3.52276547532533,4.22144261396385
chr7,96566196,96566697,0.3709045242642022,chr7,96169244,96913093,ENSMUSG00000048078.12,+,Tenm4,protein_coding,4.15219509435393,4.9966429631256,5.3727451450449
chr4,134518474,134518975,0.5411480853487161,chr4,134508999,134525927,ENSMUSG00000078521.2,+,Aunip,protein_coding,2.11656121751175,2.84200591817991,3.08337344530902
chr7,49288176,49288677,0.2695731108954354,chr7,48906716,49612090,ENSMUSG00000052512.11,+,Nav2,protein_coding,5.96372248934193,6.91995394496363,7.19233247865
chr16,38918073,38918574,0.2733907361779008,chr16,38899471,39029159,ENSMUSG00000022790.9,+,Igsf11,protein_coding,3.66040587028503,4.56042810126543,4.42655973157024
chr8,17501591,17502092,0.6180119913620065,chr8,15890537,17537586,ENSMUSG00000060924.10,-,Csmd1,protein_coding,1.2826462000192045,1.9309960596575708,1.8645915009542378
chr3,54736273,54736774,0.2631964605516332,chr3,54726678,54737393,ENSMUSG00000027752.11,-,Exosc8,protein_coding,2.92583462420742,3.45667231443742,3.51345772416113
chr3,54736273,54736774,0.2631964605516332,chr3,54733539,54753127,ENSMUSG00000036632.5,+,Alg5,protein_coding,2.92583462420742,3.45667231443742,3.51345772416113
chr5,121336006,121336507,0.8158239505555602,chr5,121218219,121370577,ENSMUSG00000042744.12,+,Gm15800,protein_coding,0.827948946850185,1.62589175784246,1.46228654809719
chr9,114805283,114805784,0.2770475461827569,chr9,114787345,114846152,ENSMUSG00000041012.3,-,Cmtm8,protein_coding,7.6196203830423,8.69125065675948,9.23688697350083
chr19,46804691,46805192,0.9166965857640508,chr19,46759596,46880795,ENSMUSG00000064105.8,+,Cnnm2,protein_coding,0.634968365253525,0.720415453678162,1.20423598078593
chr15,100116277,100116778,0.5590779759666402,chr15,100036664,100221473,ENSMUSG00000023026.11,+,Dip2b,protein_coding,2.13523675766627,2.24055815409997,3.14954025744011
chr17,26016969,26017470,0.3138732099181723,chr17,25987036,26071409,ENSMUSG00000037098.13,-,Rab11fip3,protein_coding,8.67790099179818,10.0659884032279,10.7918070585816
chr16,37617716,37618217,0.3106613970295157,chr16,37578153,37634020,ENSMUSG00000022821.9,+,Hgd,protein_coding,4.98014404120412,5.99464969253296,6.17998025304425
chr12,111791381,111791882,0.3019790796568342,chr12,111756849,111809844,ENSMUSG00000021288.14,+,Klc1,protein_coding,5.1980253430068,6.26563165217337,6.41156409550309
chr9,18508044,18508545,0.5342436336694087,chr9,18493455,18514885,ENSMUSG00000032134.6,-,Muc16,protein_coding,0.83417412690169,1.21611416033745,1.21085266199903
chr11,98770029,98770530,0.3283785382584701,chr11,98765932,98777333,ENSMUSG00000020889.11,-,Nr1d1,protein_coding,5.4408073650155,7.33634085855743,6.83503169314209
chr11,98770029,98770530,0.3283785382584701,chr11,98738638,98771006,ENSMUSG00000058756.9,+,Thra,protein_coding,5.4408073650155,7.33634085855743,6.83503169314209
chr2,59659599,59660100,0.6338921191248955,chr2,59610042,59848149,ENSMUSG00000035168.12,+,Tanc1,protein_coding,1.6294384728410762,2.653867932374844,2.56617375429043
chr2,151669911,151670412,0.8717685836077897,chr2,151643404,151670533,ENSMUSG00000074704.5,-,Rad21l,protein_coding,1.00225398829233,1.62589175784246,1.83943737724444
chr9,72865182,72865683,0.6963065173387508,chr9,72804874,72919291,ENSMUSG00000036030.9,+,Prtg,protein_coding,1.495670694315029,4.2798730946348575,3.7911879721277963
chr4,111897331,111897832,0.6553355975931736,chr4,111873375,111904918,ENSMUSG00000028544.10,-,Slc5a9,protein_coding,1.40066551158866,1.75807807961827,2.20997152517857
chr7,101373590,101374091,1.2963112894991338,chr7,101346067,101414586,ENSMUSG00000032812.12,+,Arap1,protein_coding,0.373510803090309,0.872429723720343,0.926335369835327
chr1,165896841,165897342,0.6135660863308143,chr1,165863154,166004678,ENSMUSG00000026565.14,-,Pou2f1,protein_coding,0.927551827674267,1.09053715465043,1.42258646081854
chr4,129048849,129049350,0.3571896446223247,chr4,129048097,129059983,ENSMUSG00000085085.2,-,1700086P04Rik,lincRNA,7.17140741933393,9.63638285745652,9.19057020500907
chr1,74449108,74449609,0.283613616242074,chr1,74433511,74546284,ENSMUSG00000033364.9,-,Usp37,protein_coding,2.9009339040014,3.27822078004008,3.53330776780046
chr2,174673192,174673693,0.4515508452232657,chr2,174641534,174712832,ENSMUSG00000050600.5,+,Zfp831,protein_coding,2.01073315663616,2.36613515978699,2.75253938465354
chr17,56896446,56896947,0.2626843915109524,chr17,56890612,56937388,ENSMUSG00000024212.8,-,Mllt1,protein_coding,5.10464764223422,6.97943778976274,6.12704680333938
chr5,97907429,97907930,0.2638595737366813,chr5,97880783,98032733,ENSMUSG00000029338.9,-,Antxr2,protein_coding,2.00450797658466,2.14141841276812,2.40847196157185
chr9,46229853,46230354,0.281096200601287,chr9,46226580,46232466,ENSMUSG00000032083.8,+,Apoa1,protein_coding,8.22968802808981,10.9251994947707,10.0044219942215
chr5,131277142,131277643,0.3202688417796737,chr5,130870082,131310078,ENSMUSG00000034040.12,-,Wbscr17,protein_coding,3.44252456848235,5.08256407227988,4.30084278852116
chr7,6419840,6420341,0.6067503057569961,chr7,6396715,6434093,ENSMUSG00000093536.3,+,Smim17,protein_coding,1.71814969421542,2.63050780333861,2.62020576039135
chr7,6419840,6420341,0.6067503057569961,chr7,6408277,6443691,ENSMUSG00000045929.8,+,Gm20715,protein_coding,1.71814969421542,2.63050780333861,2.62020576039135
chr7,35497524,35498025,0.511995103191137,chr7,35495455,35501717,ENSMUSG00000100068.1,-,Gm18558,processed_pseudogene,2.59590008147765,2.96097360777813,3.70534147934131
chr7,35497524,35498025,0.511995103191137,chr7,35467098,35539745,ENSMUSG00000030491.12,-,Tdrd12,protein_coding,2.59590008147765,2.96097360777813,3.70534147934131
chr17,86528251,86528752,0.8916779489256873,chr17,86165785,86659919,ENSMUSG00000045038.10,+,Prkce,protein_coding,0.803048226644164,1.03766262594011,1.49536995416274
chr14,61003570,61004071,0.2668793414605179,chr14,60961834,61048855,ENSMUSG00000060548.8,-,Tnfrsf19,protein_coding,3.9903404130148,4.84462869308342,4.80371056071748
chr13,24186048,24186549,0.6262367586237372,chr13,24010344,24282795,ENSMUSG00000021338.13,-,Lrrc16a,protein_coding,2.2345945999293986,1.9568614145952785,3.3935990864169336
chr11,80069721,80070222,0.5107087053877706,chr11,80044493,80082991,ENSMUSG00000017561.12,-,Crlf3,protein_coding,2.45894612034453,2.71642891249289,3.50684104294802
chr7,44670712,44671213,0.7504622873856559,chr7,44603803,44672843,ENSMUSG00000030739.13,-,Myh14,protein_coding,1.71192451416392,2.61067985507224,2.88487300891573
chr11,112701701,112702202,0.3970742664340507,chr11,112661927,112783976,ENSMUSG00000041674.12,-,BC006965,processed_transcript,1.89245473565756,2.56441464245071,2.49448881734227
chrX,20547958,20548459,0.8350127881703429,chrX,20547787,20564089,ENSMUSG00000023070.6,+,Rgn,protein_coding,0.672319445562556,1.14341168336075,1.20423598078593
chr11,32732546,32733047,0.3487294378630351,chr11,32640724,32748816,ENSMUSG00000020271.13,+,Fbxw11,protein_coding,1.65589789370037,2.28682336672151,2.11072130698192
chr17,7888358,7888859,0.8244628688294329,chr17,7879106,7948426,ENSMUSG00000090069.2,-,E430024P14Rik,antisense,0.778147506438143,1.26898868904777,1.38288637353988
chr17,29635432,29635933,0.5248531533656651,chr17,29547799,29676187,ENSMUSG00000099329.1,+,Gm28052,processed_transcript,2.78888066307431,3.51615615923653,4.01632549635745
chr17,29635432,29635933,0.5248531533656651,chr17,29612790,29643664,ENSMUSG00000090083.6,+,Rnf8,protein_coding,2.78888066307431,3.51615615923653,4.01632549635745
chr17,29635432,29635933,0.5248531533656651,chr17,29612876,29705359,ENSMUSG00000098374.1,+,Gm28043,protein_coding,2.78888066307431,3.51615615923653,4.01632549635745
chr14,11153146,11153647,0.2887043661090465,chr14,9548092,11164035,ENSMUSG00000060579.8,-,Fhit,protein_coding,1.82397775509101,1.5994544934873,2.22982156881789
chr12,113016923,113017424,0.2698916280677554,chr12,113012508,113076401,ENSMUSG00000021143.9,+,Pacs2,protein_coding,6.36835919268977,7.60071350210905,7.68196688842011
chr16,44124659,44125160,0.5042350629319097,chr16,44083402,44141705,ENSMUSG00000052459.9,-,Atp6v1a,protein_coding,2.78800610606066,4.281482036242228,3.7177787298213936
chr2,160774972,160775473,0.7273217104189011,chr2,160729300,160777760,ENSMUSG00000016933.13,+,Plcg1,protein_coding,2.1975622691080243,3.14486554639782,3.3541414856672764
chr2,160774972,160775473,0.7273217104189011,chr2,160746708,160874998,ENSMUSG00000035877.13,-,Zhx3,protein_coding,2.1975622691080243,3.14486554639782,3.3541414856672764
chr7,36697136,36697637,0.717065077505548,chr7,36693438,36698359,ENSMUSG00000104330.1,+,RP24-142E6.2,TEC,1.71192451416392,2.03566935534747,2.81870619678464
chr7,36697136,36697637,0.717065077505548,chr7,36696118,36775553,ENSMUSG00000021217.7,+,Tshz3,protein_coding,1.71192451416392,2.03566935534747,2.81870619678464
chr9,116803317,116803818,0.2711754311728691,chr9,116570746,117631913,ENSMUSG00000039607.11,-,Rbms3,protein_coding,2.88225836384688,3.70782632581146,3.48037431809559
chr2,44352909,44353410,0.6626119894280356,chr2,43746824,44397953,ENSMUSG00000049744.11,+,Arhgap15,protein_coding,1.2135991491005569,1.086379435010061,2.328379958451627
chr12,104744179,104744680,0.8727584258702138,chr12,104685742,104753952,ENSMUSG00000041415.9,-,Dicer1,protein_coding,2.63157030731856,2.978057252194829,4.613107400502035
chr8,107371373,107371874,0.8604283661173056,chr8,107291470,107381517,ENSMUSG00000003847.12,+,Nfat5,protein_coding,1.393225531378192,2.282315473118704,2.751792559604683
chr14,67409992,67410493,0.4346626610496119,chr14,67231292,67432918,ENSMUSG00000022053.9,+,Ebf2,protein_coding,1.6870237939579,1.61267312566488,2.28275501852277
chr4,123401175,123401676,0.2541471440726782,chr4,123347633,123686360,ENSMUSG00000028649.13,-,Macf1,protein_coding,5.78941744789979,7.16449864024888,6.9078151864863
chr11,76120433,76120934,0.4901413783603436,chr11,76044226,76181647,ENSMUSG00000017288.11,-,Vps53,protein_coding,3.9965655930663,5.24779697449964,5.61756234992995
chr11,76120433,76120934,0.4901413783603436,chr11,76118987,76245725,ENSMUSG00000017286.11,-,Glod4,protein_coding,3.9965655930663,5.24779697449964,5.61756234992995
chr14,32668987,32669488,0.3817586269343286,chr14,32657119,32687272,ENSMUSG00000071540.3,-,3425401B19Rik,protein_coding,2.22238927838734,2.39257242414215,2.89810637134195
chr5,31121090,31121591,0.4811611231495034,chr5,31114712,31139630,ENSMUSG00000062077.10,+,Trim54,protein_coding,3.16861664621612,3.9589803371855,4.42655973157024
chr17,36121831,36122332,1.0050351144712537,chr17,36113876,36123465,ENSMUSG00000079491.5,-,H2-T10,polymorphic_pseudogene,0.666094265511051,0.998006729407362,1.34318628626122
chr17,36121831,36122332,1.0050351144712537,chr17,36107719,36131425,ENSMUSG00000092243.4,-,Gm7030,protein_coding,0.666094265511051,0.998006729407362,1.34318628626122
chr17,36121831,36122332,1.0050351144712537,chr17,36119678,36131692,ENSMUSG00000092277.1,+,Gm19684,protein_coding,0.666094265511051,0.998006729407362,1.34318628626122
chr13,32851923,32852424,0.3467401013346462,chr13,32840092,32853185,ENSMUSG00000044734.11,-,Serpinb1a,protein_coding,2.36556841957196,2.53136806200675,3.01058995196481
chr9,65475909,65476410,0.8539066467219149,chr9,65458937,65490470,ENSMUSG00000032388.6,+,Spg21,protein_coding,0.597617284944494,1.13019305118317,1.08513571894995
chr6,146391584,146392085,0.8139322013372633,chr6,146106299,146504223,ENSMUSG00000030287.11,-,Itpr2,protein_coding,0.678544625614061,0.991397413318572,1.19761929957282
chr2,164168474,164168975,0.5020948608296854,chr2,164161619,164173113,ENSMUSG00000040164.3,-,Kcns1,protein_coding,5.09842246218272,7.21076385287041,7.22541588471555
chr17,24674233,24674734,0.3940046646678699,chr17,24667752,24684015,ENSMUSG00000041130.9,+,Zfp598,protein_coding,6.20027933129913,7.34955949073501,8.15175125455088
chr18,77950857,77951358,0.9383538353574172,chr18,77936467,78037027,ENSMUSG00000039840.7,+,Epg5,protein_coding,0.690994985717071,1.15663031553833,1.32995292383501
chr18,78003953,78004454,0.4419932320070196,chr18,77936467,78037027,ENSMUSG00000039840.7,+,Epg5,protein_coding,2.72040368250775,3.31126736048403,3.6987247981282
chr13,70734568,70735069,0.6724597753843828,chr13,70725802,70843811,ENSMUSG00000049538.10,-,Adamts16,protein_coding,0.678544625614061,1.03766262594011,1.08513571894995
chr15,83563307,83563808,1.2751242778389982,chr15,83561573,83576201,ENSMUSG00000041736.6,+,Tspo,protein_coding,0.554041024583958,1.25577005687019,1.34980296747433
chr6,87522170,87522671,0.6655403614445925,chr6,87456545,87535259,ENSMUSG00000030047.10,-,Arhgap25,protein_coding,1.29483745071307,1.75807807961827,2.05778785727705
chr9,22061330,22061831,0.4807503580499753,chr9,22053460,22073345,ENSMUSG00000038895.11,-,Zfp653,protein_coding,2.27841589885088,3.60207726839081,3.18262366350566
chr14,122921089,122921590,0.8191588369695058,chr14,122911030,122939469,ENSMUSG00000075463.3,+,4930594M22Rik,processed_transcript,0.672319445562556,1.17645826380471,1.19100261835971
chr14,122921089,122921590,0.8191588369695058,chr14,122916971,122986035,ENSMUSG00000041594.13,-,Tmtc4,protein_coding,0.672319445562556,1.17645826380471,1.19100261835971
chr6,85431734,85432235,0.4413237209759586,chr6,85429989,85448435,ENSMUSG00000033706.9,+,Smyd5,protein_coding,6.17537861109311,7.8452581973943,8.38995177822282
chr6,128460282,128460783,0.4809786305756232,chr6,128436757,128477617,ENSMUSG00000059659.5,+,Gm10069,lincRNA,2.19748855818132,2.47188421720764,3.0701400828828
chr19,45311924,45312425,0.4364095156574261,chr19,45309300,45314247,ENSMUSG00000099440.1,-,Gm29593,lincRNA,3.88451235213921,4.4414604116672,5.26026156442204
chr19,45311924,45312425,0.4364095156574261,chr19,45298454,45313011,ENSMUSG00000100618.1,-,Gm29595,lincRNA,3.88451235213921,4.4414604116672,5.26026156442204
chr5,131774734,131775235,0.5614284629956391,chr5,131435333,132545344,ENSMUSG00000029673.13,-,Auts2,protein_coding,2.34689287941744,2.6371171194274,3.46714095566937
chr7,46174949,46175450,0.8691516863894808,chr7,46102523,46182033,ENSMUSG00000040136.9,-,Abcc8,protein_coding,3.7340699512801483,5.028956619327416,5.720275334969252
chr11,58953313,58953814,0.528605752283645,chr11,58952048,58956512,ENSMUSG00000080712.3,-,Hist3h2bb-ps,processed_pseudogene,2.63947634183818,3.70121700972267,3.81120837875106
chr11,58953313,58953814,0.528605752283645,chr11,58952685,58958830,ENSMUSG00000078851.4,+,Hist3h2a,protein_coding,2.63947634183818,3.70121700972267,3.81120837875106
chr11,58953313,58953814,0.528605752283645,chr11,58952685,58975098,ENSMUSG00000036964.10,+,Trim17,protein_coding,2.63947634183818,3.70121700972267,3.81120837875106
chr12,83875021,83875522,0.9619663925793678,chr12,83792034,83923934,ENSMUSG00000021224.10,-,Numb,protein_coding,0.591392104892989,1.03105330985131,1.15791921229416
chr10,40416912,40417413,0.3881148633051768,chr10,40347308,40485818,ENSMUSG00000038481.8,+,Cdk19,protein_coding,2.11656121751175,2.65694506769377,2.77238942829287
chrX,7635072,7635573,0.4500673540479348,chrX,7605083,7637196,ENSMUSG00000031142.13,+,Cacna1f,protein_coding,2.3033166190569,3.38396983746072,3.14954025744011
chr17,29093478,29093979,0.7040022438952414,chr17,29088979,29102722,ENSMUSG00000023067.9,+,Cdkn1a,protein_coding,2.34066769936594,3.48971889488137,3.81782505996417
chr8,12635300,12635801,0.3210567869034041,chr8,12612277,12674248,ENSMUSG00000000759.10,-,Tubgcp3,protein_coding,2.96941088456796,4.17047845202679,3.71195816055442
chr18,37004923,37005424,0.7141289546854563,chr18,36928184,37189661,ENSMUSG00000103442.1,+,PCDHA9,protein_coding,1.12675758932243,1.36812843037963,1.85267073967065
chr18,37004923,37005424,0.7141289546854563,chr18,36937205,37189657,ENSMUSG00000104148.1,+,PCDHA9,protein_coding,1.12675758932243,1.36812843037963,1.85267073967065
chr18,37004923,37005424,0.7141289546854563,chr18,36944105,37189657,ENSMUSG00000102312.1,+,Pcdha3,protein_coding,1.12675758932243,1.36812843037963,1.85267073967065
chr18,37004923,37005424,0.7141289546854563,chr18,36950648,37189661,ENSMUSG00000104252.1,+,Pcdha4,protein_coding,1.12675758932243,1.36812843037963,1.85267073967065
chr18,37004923,37005424,0.7141289546854563,chr18,36958440,37189657,ENSMUSG00000103092.1,+,Pcdha5,protein_coding,1.12675758932243,1.36812843037963,1.85267073967065
chr18,37004923,37005424,0.7141289546854563,chr18,36965631,37189657,ENSMUSG00000103707.1,+,Pcdha6,protein_coding,1.12675758932243,1.36812843037963,1.85267073967065
chr18,37004923,37005424,0.7141289546854563,chr18,36971802,37189657,ENSMUSG00000104318.1,+,Pcdha7,protein_coding,1.12675758932243,1.36812843037963,1.85267073967065
chr18,37004923,37005424,0.7141289546854563,chr18,36990371,37189657,ENSMUSG00000103800.1,+,Pcdha8,protein_coding,1.12675758932243,1.36812843037963,1.85267073967065
chr18,37004923,37005424,0.7141289546854563,chr18,36995880,37189657,ENSMUSG00000103770.1,+,Pcdha9,protein_coding,1.12675758932243,1.36812843037963,1.85267073967065
chr18,37004923,37005424,0.7141289546854563,chr18,37003203,37189657,ENSMUSG00000007440.10,+,Pcdha10,protein_coding,1.12675758932243,1.36812843037963,1.85267073967065
chr18,37004923,37005424,0.7141289546854563,chr18,36950741,37842200,ENSMUSG00000103458.1,+,PCDHA4,protein_coding,1.12675758932243,1.36812843037963,1.85267073967065
chr18,37004923,37005424,0.7141289546854563,chr18,36967916,37835296,ENSMUSG00000102836.1,+,RP23-407E2.5,protein_coding,1.12675758932243,1.36812843037963,1.85267073967065
chr18,37004923,37005424,0.7141289546854563,chr18,36973941,37835296,ENSMUSG00000103125.1,+,RP23-407E2.6,protein_coding,1.12675758932243,1.36812843037963,1.85267073967065
chr4,120702009,120702510,0.7497249017110859,chr4,120694138,120750612,ENSMUSG00000028631.7,-,Kcnq4,protein_coding,1.27616191055856,2.36613515978699,2.15042139426058
chr8,115131172,115131673,0.5965109221510843,chr8,114437655,115354708,ENSMUSG00000004637.11,+,Wwox,protein_coding,1.77417631467897,2.02906003925868,2.68637257252245
chr4,122870025,122870526,0.3058572590078098,chr4,122857047,122888056,ENSMUSG00000028656.10,-,Cap1,protein_coding,3.49855118894589,3.82679401540969,4.3273095133736
chr8,22124109,22124610,0.9919196146809957,chr8,22071616,22127053,ENSMUSG00000037738.9,-,Nek5,protein_coding,0.722120885974597,1.41439364300116,1.44243650445787
chr11,118874696,118875197,0.7679557726127424,chr11,118487762,118913597,ENSMUSG00000025576.13,-,Rbfox3,protein_coding,0.933777007725772,1.31525390166931,1.59462017235938
chr15,81129907,81130408,0.4356762617423134,chr15,81010281,81192757,ENSMUSG00000042292.12,-,Mkl1,protein_coding,2.50252238070507,3.52276547532533,3.38774078111205
chr9,64221428,64221929,0.3991752728568318,chr9,64183770,64255631,ENSMUSG00000004936.8,-,Map2k1,protein_coding,2.80755620322882,3.43684436617105,3.70534147934131
chr5,121653828,121654329,0.6036814973989704,chr5,121619026,121662514,ENSMUSG00000029456.8,-,Acad10,protein_coding,2.22238927838734,3.29143941221766,3.38112409989894
chr16,30600996,30601497,0.5115235571693251,chr16,30597723,30604797,ENSMUSG00000046546.3,+,Fam43a,protein_coding,3.72888285085158,4.56703741735422,5.31981169534002
chr2,150770418,150770919,0.2955502567271544,chr2,150747042,150773675,ENSMUSG00000033068.12,+,Entpd6,protein_coding,4.84941526012251,5.26762492276601,5.95501309179853
chr2,152982658,152983159,1.2029744920831626,chr2,152960485,153010482,ENSMUSG00000074673.11,+,Ttll9,protein_coding,0.441987783656865,0.693978189323,1.02558558803197
chr16,17036873,17037374,0.4015201714652428,chr16,16981382,17049453,ENSMUSG00000063358.11,+,Mapk1,protein_coding,2.27219071879938,2.51154011374038,3.0039732707517
chr2,76469668,76470169,0.446128252513032,chr2,76404508,76602647,ENSMUSG00000042359.14,+,Osbpl6,protein_coding,2.02318351673917,2.40579105631973,2.75915606586665
chr11,68554856,68555357,0.8712396394988804,chr11,68554186,68560245,ENSMUSG00000048329.7,+,Mfsd6l,protein_coding,1.0894065090134,2.14141841276812,1.99823772635906
chr4,131849060,131849561,0.6591322437373903,chr4,131841470,131869786,ENSMUSG00000028910.8,+,Mecr,protein_coding,1.79907703488499,2.10176251623537,2.84517292163708
chr3,31245911,31246412,0.4848327722086116,chr3,31200858,31312378,ENSMUSG00000069072.5,-,Slc7a14,protein_coding,1.01470434839534,1.09714647073922,1.42258646081854
chr9,100917059,100917560,0.4172630801632734,chr9,100595798,100961375,ENSMUSG00000037286.11,+,Stag1,protein_coding,1.59364609318532,1.61267312566488,2.13057135062125
chr6,119061909,119062410,0.62161063388863,chr6,118585240,119198418,ENSMUSG00000051331.10,-,Cacna1c,protein_coding,0.952452547880288,1.28881663731414,1.4689032293103
chr6,52158155,52158656,1.2202524835149984,chr6,52153590,52160317,ENSMUSG00000029844.9,-,Hoxa1,protein_coding,0.510464764223422,1.00461604549615,1.19761929957282
chr6,52158155,52158656,1.2202524835149984,chr6,52154902,52164119,ENSMUSG00000087658.2,+,Hotairm1,antisense,0.510464764223422,1.00461604549615,1.19761929957282
chr6,52158155,52158656,1.2202524835149984,chr6,52156432,52160556,ENSMUSG00000098537.1,+,Gm27867,misc_RNA,0.510464764223422,1.00461604549615,1.19761929957282
chr7,25902570,25903071,0.828330686269146,chr7,25895620,25928624,ENSMUSG00000030483.10,+,Cyp2b10,protein_coding,0.921326647622762,1.02444399376252,1.64093694085115
chr16,90830559,90831060,0.6538993654776548,chr16,90824719,90907109,ENSMUSG00000039903.12,+,Eva1c,protein_coding,2.10411085740874,2.80895933773595,3.31495728776785
chr2,29486475,29486976,0.6503739629791465,chr2,29344819,29526793,ENSMUSG00000026799.11,+,Med27,protein_coding,2.31576697915991,2.9147083951566,3.63917466721021
chr14,54730263,54730764,0.4532318541999939,chr14,54720216,54783886,ENSMUSG00000022180.6,-,Slc7a8,protein_coding,1.5687453729793,2.93453634342297,2.15042139426058
chr11,62076661,62077162,0.5237289962111941,chr11,61954779,62225013,ENSMUSG00000042331.9,+,Specc1,protein_coding,2.93828498431043,4.03168281416219,4.22805929517696
chr1,153842295,153842796,0.6686074498887762,chr1,153777381,153846142,ENSMUSG00000042641.14,-,Rgsl1,protein_coding,0.771922326386638,1.09714647073922,1.23070270563836
chr19,32784782,32785283,0.3179811083532223,chr19,32755497,32828160,ENSMUSG00000013663.7,+,Pten,protein_coding,1.5749705530308,1.65893833828641,1.96515432029352
chr2,157794319,157794820,0.4033901276440959,chr2,157735401,157893614,ENSMUSG00000027649.11,+,Ctnnbl1,protein_coding,3.27444470709171,4.04490144633977,4.33392619458671
chr19,6522208,6522709,0.5103542784013699,chr19,6416731,6546169,ENSMUSG00000033768.12,+,Nrxn2,protein_coding,2.57099936127163,3.52276547532533,3.66564139206265
chr4,141501039,141501540,0.4588825083618951,chr4,141465890,141540597,ENSMUSG00000040761.12,-,Spen,protein_coding,3.49232600889439,4.49433494037753,4.80371056071748
chr5,19822406,19822907,0.4667340525142237,chr5,19225046,20706798,ENSMUSG00000040003.13,+,Magi2,protein_coding,0.946227367828782,1.1830675798935,1.31010288019568
chr16,91083206,91083707,0.340198450859664,chr16,91051935,91097122,ENSMUSG00000039851.7,-,4932438H23Rik,protein_coding,2.46517130039604,2.4322283206749,3.12307353258767
chr8,117660334,117660835,0.56440002952693,chr8,117659399,117675689,ENSMUSG00000034308.9,-,Sdr42e1,protein_coding,1.20145974994049,2.10837183232416,1.77988724632645
chr4,144903032,144903533,0.5769794665301544,chr4,144890827,144930209,ENSMUSG00000066026.10,+,Dhrs3,protein_coding,1.25748637040404,2.02906003925868,1.87913746452309
chr8,70816572,70817073,0.9333263445354668,chr8,70806449,70823424,ENSMUSG00000000791.8,+,Il12rb1,protein_coding,0.915101467571257,1.90348303357166,1.75342052147401
chr15,79932456,79932957,0.3559519562812734,chr15,79913807,79973119,ENSMUSG00000053411.12,-,Cbx7,protein_coding,9.9167118220477,12.9278222696742,12.6974112479571
chr6,28756684,28757185,0.2918557731694132,chr6,28473139,28937162,ENSMUSG00000001424.10,+,Snd1,protein_coding,2.57099936127163,2.96097360777813,3.14954025744011
chr6,28756684,28757185,0.2918557731694132,chr6,28659831,28833747,ENSMUSG00000049939.6,-,Lrrc4,protein_coding,2.57099936127163,2.96097360777813,3.14954025744011
chr15,78704660,78705161,0.3043898988522998,chr15,78668022,78720113,ENSMUSG00000043460.6,-,Elfn2,protein_coding,5.13577354249175,5.53860688240642,6.34539728337199
chr13,52916415,52916916,0.4150232448075191,chr13,52833119,52931681,ENSMUSG00000021460.12,-,Auh,protein_coding,2.87603318379538,2.82217796991353,3.8376751036035
chr10,41434571,41435072,0.6791235056653937,chr10,41301980,41436534,ENSMUSG00000091415.4,+,Ak9,protein_coding,0.890200747365236,0.945132200697038,1.42920314203165
chr5,110580743,110581244,0.3707019378212293,chr5,110542345,110623382,ENSMUSG00000033316.10,+,Galnt9,protein_coding,5.447032545067,6.86047010016452,7.0467654919616
chr12,67059188,67059689,1.2135051595753323,chr12,66467568,67224549,ENSMUSG00000034912.12,-,Mdga2,protein_coding,0.778147506438143,1.7382501313519,1.812970652392
chr4,148360779,148361280,0.3849563739566893,chr4,148354379,148361460,ENSMUSG00000086326.1,-,Gm13200,lincRNA,4.80583899976197,7.11162411153855,6.2792304712409
chr6,82402024,82402525,0.4793535515084174,chr6,82400475,82562103,ENSMUSG00000030043.9,+,Tacr1,protein_coding,1.84887847529703,2.74286617684805,2.5805056731127
chr15,89412220,89412721,0.4818811027237281,chr15,89388174,89412503,ENSMUSG00000078938.5,-,Syce3,protein_coding,1.85510365534853,2.33969789543183,2.59373903553892
chr17,36121272,36121773,0.4420300349825166,chr17,36113876,36123465,ENSMUSG00000079491.5,-,H2-T10,polymorphic_pseudogene,5.22292606321282,6.51678566354741,7.09969894166647
chr17,36121272,36121773,0.4420300349825166,chr17,36107719,36131425,ENSMUSG00000092243.4,-,Gm7030,protein_coding,5.22292606321282,6.51678566354741,7.09969894166647
chr17,36121272,36121773,0.4420300349825166,chr17,36119678,36131692,ENSMUSG00000092277.1,+,Gm19684,protein_coding,5.22292606321282,6.51678566354741,7.09969894166647
chr14,63193612,63194113,0.7459219373254038,chr14,63180443,63195541,ENSMUSG00000035121.5,-,Neil2,protein_coding,1.66212307375187,2.67016369987135,2.7922394719322
chr5,145073330,145073831,0.8187941187427408,chr5,144981519,145086030,ENSMUSG00000038770.13,-,Kpna7,protein_coding,2.4701136638542374,2.1091855602588008,4.101866293810085
chr7,97709661,97710162,0.5025347739420705,chr7,97694634,97720879,ENSMUSG00000025439.4,+,Clns1a,protein_coding,1.67457343385488,2.02245072316989,2.3753885555063
chr4,133299653,133300154,0.2983602105468478,chr4,133290459,133355481,ENSMUSG00000037622.10,-,Wdtc1,protein_coding,6.36213401263826,8.36078485231996,7.82753387510851
chr4,148871618,148872119,0.3799912809706847,chr4,148802429,148956889,ENSMUSG00000028977.12,+,Casz1,protein_coding,3.81603537157266,5.9682124281778,4.96912759104522
chr5,100900946,100901447,0.6321959051706556,chr5,100843713,100901102,ENSMUSG00000029314.10,+,Agpat9,protein_coding,0.672319445562556,1.36812843037963,1.0454356316713
chr3,144808118,144808619,0.3381479560411879,chr3,144794559,144821494,ENSMUSG00000028262.9,-,Clca2,protein_coding,2.4215950400355,2.41240037240852,3.06352340166969
chr6,92939997,92940498,0.932522614686886,chr6,92770699,92945492,ENSMUSG00000030022.10,-,Adamts9,protein_coding,0.666094265511051,1.09053715465043,1.27701947413013
chr6,92939997,92940498,0.932522614686886,chr6,92938369,93274889,ENSMUSG00000097462.3,+,9530026P05Rik,lincRNA,0.666094265511051,1.09053715465043,1.27701947413013
chr11,76548135,76548636,0.3926357115867371,chr11,76414734,76624314,ENSMUSG00000017631.14,-,Abr,protein_coding,4.51325553734123,5.93516584773385,5.92854636694609
chr19,5414592,5415093,0.3939539607881491,chr19,5413565,5417759,ENSMUSG00000051133.3,-,Gm6293,processed_pseudogene,3.72888285085158,4.48111630819994,4.90296077891412
chr19,5414592,5415093,0.3939539607881491,chr19,5404740,5424847,ENSMUSG00000086938.4,+,4930481A15Rik,protein_coding,3.72888285085158,4.48111630819994,4.90296077891412
chr15,79891354,79891855,1.2411204637764388,chr15,79889659,79917906,ENSMUSG00000009585.13,+,Apobec3,protein_coding,0.547815844532453,1.10375578682801,1.30348619898257
chr4,123896748,123897249,0.4290541762995216,chr4,123896633,123906842,ENSMUSG00000097337.1,-,Gm26606,lincRNA,2.72040368250775,3.06011334910999,3.66564139206265
chr7,82180829,82181330,0.5361655518233506,chr7,82171840,82309419,ENSMUSG00000030638.9,+,Sh3gl3,protein_coding,1.97338207632713,2.59746122289466,2.8650229652764
chr4,140957209,140957710,0.2984169115557261,chr4,140945666,140959902,ENSMUSG00000087698.1,-,Gm13031,antisense,6.28120667196869,6.15327327866394,7.72828365691187
chr11,68812101,68812602,0.3971369187570244,chr11,68689559,68818632,ENSMUSG00000020900.11,+,Myh10,protein_coding,4.54438143759876,5.04951749183593,5.98809649786408
chr14,51853454,51853955,0.7324023158406652,chr14,51851699,51856643,ENSMUSG00000062148.6,+,Ear6,protein_coding,0.678544625614061,0.627885028435095,1.13145248744172
chr4,150966451,150966952,0.5094987216918347,chr4,150962735,150966894,ENSMUSG00000064476.1,+,Gm23405,snRNA,2.88848354389839,3.72765427407783,4.1155757145541
chr4,150966451,150966952,0.5094987216918347,chr4,150915322,151863876,ENSMUSG00000014592.15,-,Camta1,protein_coding,2.88848354389839,3.72765427407783,4.1155757145541
chr5,125111822,125112323,0.4926068990124599,chr5,125015153,125181219,ENSMUSG00000029478.12,-,Ncor2,protein_coding,2.49007202060206,2.69660096422652,3.50684104294802
chr19,41104879,41105380,0.5605179580484791,chr19,41081981,41208774,ENSMUSG00000025013.10,-,Tll2,protein_coding,1.96715689627563,2.73625686075926,2.90472305255506
chr17,34952236,34952737,0.4750815612012649,chr17,34948238,34954471,ENSMUSG00000092203.3,-,1110038B12Rik,processed_transcript,4.70001093888639,6.97282847367395,6.53728103855217
chr17,34952236,34952737,0.4750815612012649,chr17,34948952,34953017,ENSMUSG00000093009.1,-,Snord52,snoRNA,4.70001093888639,6.97282847367395,6.53728103855217
chr17,34952236,34952737,0.4750815612012649,chr17,34950013,34954075,ENSMUSG00000092687.1,-,Gm25744,snoRNA,4.70001093888639,6.97282847367395,6.53728103855217
chr17,34952236,34952737,0.4750815612012649,chr17,34952328,34956712,ENSMUSG00000092557.1,-,Gm8696,processed_pseudogene,4.70001093888639,6.97282847367395,6.53728103855217
chr5,117977013,117977514,0.2625839812213179,chr5,117974454,117978560,ENSMUSG00000088085.1,-,Gm25343,snRNA,5.97617284944494,6.77454899101024,7.17248243501068
chr5,117977013,117977514,0.2625839812213179,chr5,117974770,118012191,ENSMUSG00000032898.6,+,Fbxo21,protein_coding,5.97617284944494,6.77454899101024,7.17248243501068
chr9,53594717,53595218,0.8454224874650789,chr9,53578522,53612382,ENSMUSG00000032047.5,-,Acat1,protein_coding,0.759471966283628,1.3218632177581,1.36965301111366
chr13,109559202,109559703,0.7854687372135694,chr13,108447948,109955461,ENSMUSG00000021699.13,+,Pde4d,protein_coding,0.554041024583958,0.8327738271876,0.959418775900874
chr1,127475685,127476186,0.4235951426867438,chr1,127203015,127490336,ENSMUSG00000036155.9,+,Mgat5,protein_coding,2.39046913977798,2.96097360777813,3.2090903883581
chr2,66081842,66082343,0.672459775384383,chr2,66080766,66126994,ENSMUSG00000026994.5,-,Galnt3,protein_coding,1.02715470849835,1.17645826380471,1.64093694085115
chr2,32112436,32112937,0.561176441850638,chr2,32093528,32112820,ENSMUSG00000051373.5,+,Ppapdc3,protein_coding,2.84490728353785,3.50293752705895,4.20159257032452
chr9,45434092,45434593,0.5529082964571899,chr9,45428293,45755164,ENSMUSG00000032087.9,+,Dscaml1,protein_coding,7.20441162657595,8.193821967956787,8.490684002935291
chr5,142061712,142062213,0.5601042820482571,chr5,141239490,142217586,ENSMUSG00000039683.12,+,Sdk1,protein_coding,2.70795332240474,4.17047845202679,3.99647545271813
chr19,31197003,31197504,0.4960214669833959,chr19,30565551,31767033,ENSMUSG00000052920.10,-,Prkg1,protein_coding,2.06675977709971,2.28682336672151,2.91795641498128
chr14,27654661,27655162,0.9328853287154184,chr14,27620442,28480537,ENSMUSG00000040640.9,+,Erc2,protein_coding,2.1077472604439405,3.2217730590683256,3.3188794668087227
chr2,132906722,132907223,0.7121802044106689,chr2,132902389,132947906,ENSMUSG00000027356.8,-,Fermt1,protein_coding,1.25748637040404,1.82417124050617,2.06440453849016
chr10,75798324,75798825,0.7300472669373266,chr10,75781813,75800584,ENSMUSG00000001663.6,-,Gstt1,protein_coding,1.36953961133113,2.28682336672151,2.27613833730966
chr5,144289731,144290232,0.2980139933587241,chr5,144242437,144448757,ENSMUSG00000047843.12,+,Bri3,protein_coding,6.61114121469847,8.02370973179164,8.13190121091155
chr5,144289731,144290232,0.2980139933587241,chr5,144262526,144360112,ENSMUSG00000038859.7,-,Baiap2l1,protein_coding,6.61114121469847,8.02370973179164,8.13190121091155
chr8,42045542,42046043,0.3505316804970209,chr8,41825267,42048202,ENSMUSG00000102046.1,+,2810404M03Rik,lincRNA,1.02092952844684,0.793117930654857,1.30348619898257
chr1,192443950,192444451,0.279364828986216,chr1,192188774,192512159,ENSMUSG00000058248.8,+,Kcnh1,protein_coding,2.88225836384688,3.45667231443742,3.50022436173491
chr9,47719172,47719673,0.5137620293653244,chr9,47528173,47859637,ENSMUSG00000032076.14,+,Cadm1,protein_coding,1.38821515148565,2.2934326828103,1.98500436393284
chrX,36889917,36890418,0.29151116668482,chrX,36885540,36904899,ENSMUSG00000044149.6,-,Nkrf,protein_coding,1.46914249215521,1.59284517739851,1.79973728996578
chr11,4497414,4497915,0.3395291864395489,chr11,4478868,4596863,ENSMUSG00000034354.13,-,Mtmr3,protein_coding,2.1788130180268,2.50493079765159,2.75915606586665
chr17,7207053,7207554,0.4181022569279999,chr17,7168115,7305313,ENSMUSG00000023809.9,+,Rps6ka2,protein_coding,2.67682742214721,3.36414188919435,3.57962453629223
chr5,19633855,19634356,0.5300155103641775,chr5,19225046,20706798,ENSMUSG00000040003.13,+,Magi2,protein_coding,0.722120885974597,1.00461604549615,1.0454356316713
chr5,116443549,116444050,0.4632547862802592,chr5,116436720,116467487,ENSMUSG00000086219.3,+,Srrm4os,antisense,3.00676196487699,3.69460769363388,4.14865912061964
chr5,116443549,116444050,0.4632547862802592,chr5,116437272,116593817,ENSMUSG00000063919.8,-,Srrm4,protein_coding,3.00676196487699,3.69460769363388,4.14865912061964
chr19,31232348,31232849,0.5428668679772887,chr19,30565551,31767033,ENSMUSG00000052920.10,-,Prkg1,protein_coding,1.20145974994049,1.34830048211326,1.75342052147401
chr19,43478820,43479321,0.4709275804732494,chr19,43438436,43499212,ENSMUSG00000025189.8,+,Cnnm1,protein_coding,2.93828498431043,3.1922996708858,4.07587562727544
chr4,144895077,144895578,0.5260702884028594,chr4,144890827,144930209,ENSMUSG00000066026.10,+,Dhrs3,protein_coding,1.88622955560606,2.58424259071708,2.719455978588
chr2,36213963,36214464,0.4615441650146131,chr2,36200314,36214903,ENSMUSG00000085141.1,+,Gm13429,processed_transcript,2.93828498431043,4.20352503247074,4.049408902423
chr11,54058696,54059197,0.4159076893490445,chr11,54052928,54071014,ENSMUSG00000020388.8,-,Pdlim4,protein_coding,4.69378575883488,7.48174581251082,6.26599710881468
chr15,98757601,98758102,0.5735845253015766,chr15,98735621,98765214,ENSMUSG00000051853.8,-,Arf3,protein_coding,1.9360309960181,2.42561900458611,2.88487300891573
chr4,151640946,151641447,0.4777668687931282,chr4,150915322,151863876,ENSMUSG00000014592.15,-,Camta1,protein_coding,2.91960944415591,3.9589803371855,4.06925894606233
chr13,60602944,60603445,0.3256570118579911,chr13,60599947,60765185,ENSMUSG00000021559.9,+,Dapk1,protein_coding,1.9360309960181,2.3595258436982,2.42832200521118
chr13,54926612,54927113,0.7538398871937574,chr13,54924763,54932256,ENSMUSG00000087335.2,-,4930526F13Rik,lincRNA,1.53139429267027,2.49171216547401,2.58712235432581
chr9,105274855,105275356,0.3173011509303867,chr9,105160156,105397524,ENSMUSG00000035032.7,-,Nek11,protein_coding,3.27444470709171,3.74087290625541,4.08249230848855
chr10,45446141,45446642,0.843392597364284,chr10,45374620,45472201,ENSMUSG00000063804.7,-,Lin28b,protein_coding,1.2191373017019855,1.8970813325303282,2.6642254526743634
chr7,141805312,141805813,0.4519594133891432,chr7,141786972,141821231,ENSMUSG00000037974.11,+,Muc5ac,protein_coding,3.15616628611311,4.48111630819994,4.32069283216049
chr11,97482448,97482949,1.0715557307942052,chr11,97413533,97504402,ENSMUSG00000049807.12,+,Arhgap23,protein_coding,0.560266204635463,0.998006729407362,1.1843859371466
chr2,4035979,4036480,0.2514148471409159,chr2,4015717,4616043,ENSMUSG00000026657.12,+,Frmd4a,protein_coding,3.82226055162416,4.11760392331647,4.55227667461932
chr18,75135229,75135730,0.3856534736464514,chr18,75016772,75288966,ENSMUSG00000035765.9,+,Dym,protein_coding,1.59364609318532,2.00923209099231,2.08425458212949
chr6,88199392,88199893,0.7104276255834032,chr6,88191891,88209030,ENSMUSG00000015053.10,+,Gata2,protein_coding,1.23881083024952,1.81095260832859,2.03132113242461
chr16,14135563,14136064,0.3821380433296483,chr16,14107166,14161274,ENSMUSG00000060657.7,-,Marf1,protein_coding,2.85113246358936,3.76731017061057,3.71857484176753
chr19,41738160,41738661,0.393553976907707,chr19,41598257,41745665,ENSMUSG00000025020.7,-,Slit1,protein_coding,2.83868210348635,4.46128835993357,3.73180820419375
chr16,32926652,32927153,0.3201580314535017,chr16,32912100,33017647,ENSMUSG00000022801.9,+,Lrch3,protein_coding,4.72491165909241,5.30728081929875,5.90207964209366
chr18,36945788,36946289,0.8996372592862077,chr18,36928184,37189661,ENSMUSG00000103442.1,+,PCDHA9,protein_coding,0.529140304377938,0.918694936341876,0.992502181966422
chr18,36945788,36946289,0.8996372592862077,chr18,36937205,37189657,ENSMUSG00000104148.1,+,PCDHA9,protein_coding,0.529140304377938,0.918694936341876,0.992502181966422
chr18,36945788,36946289,0.8996372592862077,chr18,36944105,37189657,ENSMUSG00000102312.1,+,Pcdha3,protein_coding,0.529140304377938,0.918694936341876,0.992502181966422
chr1,75217863,75218364,0.2630230909617002,chr1,75212228,75221865,ENSMUSG00000026202.9,-,Tuba4a,protein_coding,4.08371811378738,4.67278647477487,4.90296077891412
chr1,75217863,75218364,0.2630230909617002,chr1,75218095,75234102,ENSMUSG00000096094.2,-,A630095N17Rik,protein_coding,4.08371811378738,4.67278647477487,4.90296077891412
chr10,40726852,40727353,0.3562284106665445,chr10,40681282,40813083,ENSMUSG00000045555.3,+,Mettl24,protein_coding,2.09166049730573,2.37935379196457,2.67975589130934
chr16,5214112,5214613,0.4213764502969426,chr16,5213789,5217874,ENSMUSG00000098675.1,-,Mir6364,miRNA,3.43629938843084,4.69261442304124,4.6052101243242
chr16,5214112,5214613,0.4213764502969426,chr16,5209828,5224299,ENSMUSG00000051669.5,-,AU021092,protein_coding,3.43629938843084,4.69261442304124,4.6052101243242
chr11,44806586,44807087,0.2684895800083758,chr11,44615317,45010091,ENSMUSG00000057098.10,+,Ebf1,protein_coding,2.50874756075657,2.40579105631973,3.02382331439103
chr2,147178722,147179223,0.5227126558797011,chr2,147175546,147196243,ENSMUSG00000027434.11,-,Nkx2-2,protein_coding,2.20371373823282,2.49171216547401,3.16939030107944
chr11,119507740,119508241,0.4454161957189787,chr11,119489347,119513437,ENSMUSG00000039850.12,+,Endov,protein_coding,5.36610520439744,6.56966019225773,7.31143274048597
chr12,52121462,52121963,0.5379744431973625,chr12,52095737,52314744,ENSMUSG00000035142.14,+,Nubpl,protein_coding,1.18278420978598,1.57301722913213,1.72033711540846
chr19,42382592,42383093,0.750805827104124,chr19,42281037,42433783,ENSMUSG00000042401.6,-,Crtac1,protein_coding,4.784658089845243,4.787424249325446,5.732334006570294
chr5,31063729,31064230,0.3078873430885269,chr5,31052780,31080479,ENSMUSG00000013629.12,+,Cad,protein_coding,2.55854900116862,3.55581205576928,3.16939030107944
chr7,135545521,135546022,0.7490013302573764,chr7,135535824,135688294,ENSMUSG00000041836.9,+,Ptpre,protein_coding,1.28861227066157,1.61928244175367,2.17027143789991
chr10,61273755,61274256,0.43600102268637,chr10,61195112,61275438,ENSMUSG00000059901.8,-,Adamts14,protein_coding,2.20371373823282,2.95436429168934,2.98412322711237
chr2,25872867,25873368,0.8258696900436786,chr2,25861795,25920273,ENSMUSG00000058740.10,+,Kcnt1,protein_coding,1.26993673050705,2.35291652760941,2.25628829367033
chr4,117146140,117146641,0.8551004013674328,chr4,117143257,117150637,ENSMUSG00000033872.6,+,Best4-ps,unprocessed_pseudogene,1.26993673050705,2.00262277490351,2.3026050621621
chr4,122869426,122869927,0.5821020312603888,chr4,122857047,122888056,ENSMUSG00000028656.10,-,Cap1,protein_coding,1.80530221493649,2.7098195964041,2.70622261616178
chr8,123041189,123041690,0.4449472823891269,chr8,123040466,123046602,ENSMUSG00000099881.1,+,2810013P06Rik,sense_intronic,4.28914905548705,5.66418388809344,5.84252951117567
chr8,123041189,123041690,0.4449472823891269,chr8,119908841,124347722,ENSMUSG00000092329.1,+,Gm20388,protein_coding,4.28914905548705,5.66418388809344,5.84252951117567
chr9,123566429,123566930,0.3408815104633014,chr9,123527882,123594598,ENSMUSG00000025240.8,+,Sacm1l,protein_coding,1.55006983282478,2.24055815409997,1.96515432029352
chr11,117301549,117302050,0.4449987939160264,chr11,117197661,117364325,ENSMUSG00000059248.9,+,Sept9,protein_coding,4.33272531584758,5.22796902623327,5.90207964209366
chr4,139359029,139359530,0.5567099140931094,chr4,139350587,139380730,ENSMUSG00000078517.7,+,Emc1,protein_coding,1.82397775509101,2.2934326828103,2.68637257252245
chr4,139359029,139359530,0.5567099140931094,chr4,139350609,139491588,ENSMUSG00000066036.10,+,Ubr4,protein_coding,1.82397775509101,2.2934326828103,2.68637257252245
chr4,132862637,132863138,0.4780817302175316,chr4,132851501,132886509,ENSMUSG00000028879.4,-,Stx12,protein_coding,1.47536767220672,1.86382713703891,2.05778785727705
chr11,101037749,101038250,0.3429505015126182,chr11,101007452,101065719,ENSMUSG00000019302.12,+,Atp6v0a1,protein_coding,4.94279296089509,5.61130935938312,6.27261379002779
chr19,41247885,41248386,0.7947155254353809,chr19,41208842,41266004,ENSMUSG00000025016.10,-,Tm9sf3,protein_coding,0.908876287519752,1.2491607407814,1.58138680993317
chr6,97416935,97417436,0.7567760613178582,chr6,97284867,97619541,ENSMUSG00000030064.12,-,Frmd4b,protein_coding,0.890200747365236,1.30203526949172,1.50860331658896
chr2,31715930,31716431,0.4517716602601838,chr2,31686376,31806227,ENSMUSG00000026842.12,+,Abl1,protein_coding,3.5047763689974,4.97020569877044,4.79709387950437
chr13,51132801,51133302,0.317473391917725,chr13,51098880,51154546,ENSMUSG00000021395.10,+,Spin1,protein_coding,3.19974254647365,3.59546795230202,3.98985877150502
chr1,52182909,52183410,0.2550972231592954,chr1,52161448,52235232,ENSMUSG00000026103.10,-,Gls,protein_coding,0.852849667056205,1.30864458558051,1.01896890681886
chr3,101097024,101097525,0.5185470919307014,chr3,101038232,101112278,ENSMUSG00000027864.8,-,Ptgfrn,protein_coding,0.690994985717071,1.07070920638406,0.992502181966422
chr6,146501996,146502497,0.4658425067004768,chr6,146106299,146504223,ENSMUSG00000030287.11,-,Itpr2,protein_coding,4.14596991430243,5.04951749183593,5.73004593055281
chr19,26716154,26716655,0.4371322987204309,chr19,26603115,26780321,ENSMUSG00000024921.12,+,Smarca2,protein_coding,2.24106481854185,3.56242137185807,3.03705667681725
chr1,121435967,121436468,0.5609514601673926,chr1,121429049,121508460,ENSMUSG00000026339.14,+,Ccdc93,protein_coding,2.2366698668626492,2.3007092694798392,2.1335822565113
chr11,121509204,121509705,0.7937660716065165,chr11,121508978,121521333,ENSMUSG00000039238.6,-,Zfp750,protein_coding,0.940002187777277,1.31525390166931,1.63432025963804
chr11,121509204,121509705,0.7937660716065165,chr11,121449949,121619164,ENSMUSG00000039230.10,+,Tbcd,protein_coding,0.940002187777277,1.31525390166931,1.63432025963804
chr2,164081951,164082452,0.2777753380617062,chr2,164068322,164157524,ENSMUSG00000018209.11,+,Stk4,protein_coding,3.79113465136663,4.00524554980703,4.59859344311109
chr6,5024863,5025364,0.2610965969150761,chr6,4900917,5167661,ENSMUSG00000032827.11,+,Ppp1r9a,protein_coding,1.89245473565756,2.1546370449457,2.26952165609655
chr1,83164351,83164852,0.3235646328967509,chr1,83157752,83212574,ENSMUSG00000053161.12,+,Daw1,protein_coding,2.79510584312581,2.86183386644628,3.50022436173491
chr1,162693727,162694228,0.2746672225394714,chr1,162668725,162742556,ENSMUSG00000040225.11,-,Prrc2c,protein_coding,1.43179141184618,1.77129671179585,1.73357047783468
chr10,76416762,76417263,0.4575039428897165,chr10,76349254,76444912,ENSMUSG00000001151.9,-,Pcnt,protein_coding,1.86755401545154,1.9431389301044,2.56727231068648
chr5,143053044,143053545,0.5779729085290931,chr5,142988893,143115020,ENSMUSG00000045078.8,-,Rnf216,protein_coding,1.00847916834383,1.5267520165106,1.50860331658896
chr4,115811746,115812247,0.4977337876782493,chr4,115782812,115820828,ENSMUSG00000028710.12,+,Atpaf1,protein_coding,1.86755401545154,2.04227867143626,2.64005580403068
chr4,110920924,110921425,0.3856948521222563,chr4,110395661,111666324,ENSMUSG00000061298.10,+,Agbl4,protein_coding,2.0543094169967,1.70520355090794,2.68637257252245
chr5,113309488,113309989,0.7707308848916434,chr5,113241220,113312786,ENSMUSG00000042216.9,-,Sgsm1,protein_coding,5.8859439705184355,7.582234739543435,8.524240392886712
chr18,15657692,15658193,0.3723783827952691,chr18,15449924,15762157,ENSMUSG00000047161.8,-,Chst9,protein_coding,1.76172595457596,1.55979859695455,2.28275501852277
chr6,39488239,39488740,0.3556026700444425,chr6,39460378,39559867,ENSMUSG00000038456.5,-,Dennd2a,protein_coding,3.52967708920342,4.163869135938,4.51919326855377
chrX,75757998,75758499,1.2029744920831626,chrX,75704932,75766699,ENSMUSG00000087396.3,-,4933407K13Rik,processed_transcript,0.62874318520202,1.05749057420648,1.45566986688409
chr7,99015285,99015786,0.3951332819815548,chr7,98884743,99143144,ENSMUSG00000035354.8,-,Uvrag,protein_coding,5.67736420697269,7.37599675509017,7.4702330896006
chr16,10784931,10785432,0.4524658500964515,chr16,10781808,10787536,ENSMUSG00000038037.4,-,Socs1,protein_coding,3.73510803090309,5.73688636507014,5.11469457773363
chr7,126004122,126004623,1.4144785972768743,chr7,125876419,126084411,ENSMUSG00000046182.7,-,Gsg1l,protein_coding,2.058082963892086,2.1685049633779925,2.986440816087399
chr2,179468780,179469281,0.5214981779146655,chr2,179440431,179901373,ENSMUSG00000000305.8,+,Cdh4,protein_coding,2.22861445843884,2.14802772885691,3.20247370714499
chr11,119477823,119478324,0.682045824213581,chr11,119391100,119489418,ENSMUSG00000070327.9,+,Rnf213,protein_coding,1.23881083024952,2.55119601027312,1.99162104514595
chr19,5048604,5049105,0.3019346815266578,chr19,5048808,5059071,ENSMUSG00000024883.6,+,Rin1,protein_coding,7.91842902551455,10.1849560928261,9.76622147054959
chr19,5048604,5049105,0.3019346815266578,chr19,5039404,5051917,ENSMUSG00000080268.3,+,Brms1,protein_coding,7.91842902551455,10.1849560928261,9.76622147054959
chr13,54505869,54506370,0.3757689719960432,chr13,54501779,54553290,ENSMUSG00000043183.14,+,Simc1,protein_coding,2.63947634183818,3.13942514217548,3.42744086839071
chr4,151118797,151119298,0.4679775519057019,chr4,150915322,151863876,ENSMUSG00000014592.15,-,Camta1,protein_coding,3.1499411060616,4.75870758392914,4.36039291943915
chr9,50959921,50960422,0.2560421028051284,chr9,50890801,51011073,ENSMUSG00000037112.12,-,Sik2,protein_coding,3.61060442987299,3.57564000403565,4.31407615094738
chr10,88776163,88776664,0.3160682709287989,chr10,88744607,88828814,ENSMUSG00000004356.7,-,Utp20,protein_coding,1.44424177194919,2.33308857934304,1.79973728996578
chr12,107910742,107911243,0.9841195348179184,chr12,107908403,108005602,ENSMUSG00000048251.11,-,Bcl11b,protein_coding,1.8017946241382592,2.822516667390774,3.1951320437852018
chr7,57410148,57410649,0.5569825579644467,chr7,57385272,57411941,ENSMUSG00000055048.7,+,Gm9962,antisense,1.6932489740094,2.5710239585395,2.49448881734227
chr7,57410148,57410649,0.5569825579644467,chr7,57405690,57512009,ENSMUSG00000055078.6,-,Gabra5,protein_coding,1.6932489740094,2.5710239585395,2.49448881734227
chr12,110485479,110485980,0.364061550970643,chr12,110483739,110585061,ENSMUSG00000017843.9,+,Ppp2r5c,protein_coding,6.71074409552255,9.08120030599812,8.64138566432098
chr4,99161274,99161775,0.359750210526399,chr4,99144914,99163642,ENSMUSG00000086498.1,-,Gm12681,lincRNA,2.4215950400355,2.16785567712328,3.10984017016146
chr10,5499638,5500139,0.2891311358328771,chr10,5018203,5552692,ENSMUSG00000096054.2,-,Syne1,protein_coding,1.86132883540004,2.35291652760941,2.27613833730966
chr5,136410696,136411197,0.6530944505174516,chr5,136246135,136569490,ENSMUSG00000029705.13,-,Cux1,protein_coding,1.39444033153715,1.63250107393125,2.19673816275235
chr5,136410696,136411197,0.6530944505174516,chr5,136272996,136419894,ENSMUSG00000086220.1,+,Gm16599,antisense,1.39444033153715,1.63250107393125,2.19673816275235
chr2,178461728,178462229,0.8163691867830963,chr2,178428531,178489366,ENSMUSG00000039155.11,+,Cdh26,protein_coding,0.883975567313731,1.32847253384689,1.56153676629384
chr5,147054623,147055124,0.4245322619407973,chr5,147014655,147078586,ENSMUSG00000016520.7,-,Lnx2,protein_coding,3.06901376539204,3.99863623371824,4.12219239576721
chr7,81531395,81531896,0.5624995629320126,chr7,81527855,81531981,ENSMUSG00000093107.1,+,Mir1839,snoRNA,2.34066769936594,2.95436429168934,3.46052427445626
chr7,81531395,81531896,0.5624995629320126,chr7,81528309,81534521,ENSMUSG00000104453.1,-,WI1-1616M8.3,TEC,2.34066769936594,2.95436429168934,3.46052427445626
chr7,81531395,81531896,0.5624995629320126,chr7,81531308,81568944,ENSMUSG00000038663.7,-,Fsd2,protein_coding,2.34066769936594,2.95436429168934,3.46052427445626
chr7,81531395,81531896,0.5624995629320126,chr7,81521550,81533498,ENSMUSG00000097277.3,+,2900076A07Rik,lincRNA,2.34066769936594,2.95436429168934,3.46052427445626
chr10,116534217,116534718,0.8395697612196411,chr10,116483161,116583511,ENSMUSG00000020166.10,-,Cnot2,protein_coding,0.585166924841484,0.819555195010019,1.05205231288441
chr17,86235112,86235613,0.5806967967004182,chr17,86165785,86659919,ENSMUSG00000045038.10,+,Prkce,protein_coding,4.515044159993916,4.332064873682048,5.606227392208076
chr17,36981548,36982049,0.6433443891780998,chr17,36975701,36983237,ENSMUSG00000064308.6,-,2410137M14Rik,protein_coding,1.96715689627563,2.74947549293684,3.07675676409591
chr2,119112549,119113050,0.3531636814674763,chr2,119110793,119149445,ENSMUSG00000027323.6,+,Rad51,protein_coding,6.24385559165966,7.85847682957188,7.97971754301003
chr2,163443986,163444487,0.6551125318204861,chr2,163436476,163457324,ENSMUSG00000017943.11,+,Gdap1l1,protein_coding,1.55629501287629,2.16785567712328,2.45478873006362
chr6,146281388,146281889,0.2822350688026905,chr6,146106299,146504223,ENSMUSG00000030287.11,-,Itpr2,protein_coding,4.81828935986498,5.38659261236424,5.862379554815
chr9,73049799,73050300,0.6267676846915138,chr9,73042854,73099629,ENSMUSG00000032202.7,+,Rab27a,protein_coding,0.85907484710771,1.03105330985131,1.32995292383501
chr17,71693355,71693856,0.3736976650760631,chr17,71671261,71731669,ENSMUSG00000045761.11,+,Fam179a,protein_coding,3.45497492858536,5.32710876756513,4.47949318127512
chr13,101713090,101713591,0.3224832628451159,chr13,101678563,101770217,ENSMUSG00000041417.11,-,Pik3r1,protein_coding,1.71814969421542,1.93652961401561,2.15042139426058
chr4,144918450,144918951,0.3875598002316071,chr4,144890827,144930209,ENSMUSG00000066026.10,+,Dhrs3,protein_coding,2.22861445843884,3.95237102109671,2.91795641498128
chr2,4975648,4976149,0.3509297202404447,chr2,4974122,4987748,ENSMUSG00000026668.6,+,Ucma,protein_coding,3.7537835710576,4.56042810126543,4.79047719829126
chr3,121762605,121763106,0.2605272320423029,chr3,121756910,121817215,ENSMUSG00000028127.6,-,Abcd3,protein_coding,2.24106481854185,2.76269412511442,2.68637257252245
chr4,134600079,134600580,0.6824025786319613,chr4,134559690,134706290,ENSMUSG00000037306.9,-,Man1c1,protein_coding,1.49404321236124,2.26699541845513,2.40185528035874
chr7,130669204,130669705,0.3242579862879119,chr7,130575484,130766784,ENSMUSG00000030852.11,+,Tacc2,protein_coding,2.92583462420742,3.65495179710113,3.66564139206265
chr7,130669204,130669705,0.3242579862879119,chr7,130160451,133125350,ENSMUSG00000030849.13,-,Fgfr2,protein_coding,2.92583462420742,3.65495179710113,3.66564139206265
chr7,3299884,3300385,0.4956389839023561,chr7,3287038,3301345,ENSMUSG00000068566.8,+,Myadm,protein_coding,2.27841589885088,3.48310957879258,3.21570706957121
chr4,150543672,150544173,0.4537392701072266,chr4,150279646,150623966,ENSMUSG00000039852.12,+,Rere,protein_coding,2.70795332240474,3.21873693524096,3.71195816055442
chr11,37062800,37063301,0.3975652143405278,chr11,36004656,37237964,ENSMUSG00000049336.12,-,Tenm2,protein_coding,1.3430396968019223,1.8639722079811933,2.4863402236721472
chr11,69876002,69876503,0.3333274955337584,chr11,69874684,69880018,ENSMUSG00000094845.1,-,Tmem95,protein_coding,5.85789442846634,8.02370973179164,7.38421623383018
chr11,69876002,69876503,0.3333274955337584,chr11,69876261,69883406,ENSMUSG00000046731.4,-,Kctd11,protein_coding,5.85789442846634,8.02370973179164,7.38421623383018
chr6,114924769,114925270,0.3322308637540768,chr6,114858628,114971994,ENSMUSG00000030315.11,-,Vgll4,protein_coding,3.419290870963456,3.9510859981506408,5.554449329357185
chr6,128094156,128094657,0.265834515921739,chr6,128092917,128097026,ENSMUSG00000076327.1,-,Gm26338,miRNA,2.83245692343484,3.29143941221766,3.40759082475138
chr6,128094156,128094657,0.265834515921739,chr6,127959396,128145594,ENSMUSG00000030352.10,-,Tspan9,protein_coding,2.83245692343484,3.29143941221766,3.40759082475138
chr11,88520906,88521407,0.8544001529835367,chr11,88337382,88720513,ENSMUSG00000069769.9,-,Msi2,protein_coding,0.765697146335133,1.20950484424866,1.38950305475299
chr5,37300934,37301435,0.2574222761055389,chr5,37287098,37338894,ENSMUSG00000029122.7,-,Evc,protein_coding,3.18106700631913,3.24517419959612,3.80459169753795
chr6,134648840,134649341,0.3343549363404028,chr6,134637627,134713184,ENSMUSG00000042992.11,+,Loh12cr1,protein_coding,1.76172595457596,2.18768362538965,2.22320488760479
chr2,24749980,24750481,0.7171288247181113,chr2,24601887,24765152,ENSMUSG00000004113.14,-,Cacna1b,protein_coding,2.4401765497858654,3.531592895884714,3.317174359471974
chr4,143183084,143183585,0.2735796648331725,chr4,143105391,143214995,ENSMUSG00000057637.9,-,Prdm2,protein_coding,4.1086188339934,4.74548895175156,4.96912759104522
chr8,120415372,120415873,0.5690820355390744,chr8,120228536,120583390,ENSMUSG00000031822.14,+,Gse1,protein_coding,4.649156610408943,7.666045322151717,8.542992662288947
chr8,120415372,120415873,0.5690820355390744,chr8,119908841,124347722,ENSMUSG00000092329.1,+,Gm20388,protein_coding,4.649156610408943,7.666045322151717,8.542992662288947
chr5,104470985,104471486,0.7332138064634792,chr5,104457450,104507819,ENSMUSG00000034462.9,+,Pkd2,protein_coding,0.765697146335133,1.24255142469261,1.27701947413013
chr11,52115422,52115923,0.4285341924982936,chr11,52096681,52129778,ENSMUSG00000020349.4,+,Ppp2ca,protein_coding,1.86132883540004,2.24055815409997,2.50772217976849
chr11,52115422,52115923,0.4285341924982936,chr11,51947882,52271514,ENSMUSG00000097219.1,-,Gm26551,lincRNA,1.86132883540004,2.24055815409997,2.50772217976849
chr2,157562964,157563465,0.5920863589203627,chr2,157558078,157564522,ENSMUSG00000067786.12,+,Nnat,protein_coding,3.633526903902461,4.460014687802739,4.219190208259933
chr2,157562964,157563465,0.5920863589203627,chr2,157560361,157564447,ENSMUSG00000077990.1,-,Gm23134,miRNA,3.633526903902461,4.460014687802739,4.219190208259933
chr2,157562964,157563465,0.5920863589203627,chr2,157554362,157573274,ENSMUSG00000067787.6,-,Blcap,protein_coding,3.633526903902461,4.460014687802739,4.219190208259933
chr8,70513377,70513878,0.7743393894035966,chr8,70506272,70529956,ENSMUSG00000055553.12,-,Kxd1,protein_coding,2.292911973304139,3.716793845989509,3.5592933652881613
chr9,99305793,99306294,0.3129996240004194,chr9,99305583,99312451,ENSMUSG00000103857.1,+,RP23-114N1.5,TEC,4.1148440140449,4.77853553219552,5.11469457773363
chr9,99305793,99306294,0.3129996240004194,chr9,99297007,99306675,ENSMUSG00000100281.1,-,4930422M22Rik,antisense,4.1148440140449,4.77853553219552,5.11469457773363
chr12,81186098,81186599,0.8050975439625018,chr12,81024808,81188414,ENSMUSG00000021136.9,+,Smoc1,protein_coding,0.83417412690169,1.17645826380471,1.46228654809719
chr11,72349053,72349554,0.3883205103610785,chr11,72342722,72364442,ENSMUSG00000020799.12,-,Tekt1,protein_coding,4.88054116038004,6.5233949796362,6.39171405186376
chr2,122312649,122313150,0.7600940497097135,chr2,122300191,122315730,ENSMUSG00000027224.10,-,Duoxa1,protein_coding,1.02092952844684,1.19628621207108,1.73357047783468
chr13,105031822,105032323,0.2562517323976013,chr13,104945153,105056930,ENSMUSG00000021719.8,-,Rgs7bp,protein_coding,1.69947415406091,2.02245072316989,2.03132113242461
chr5,144842364,144842865,0.6819325280046651,chr5,144766092,144861778,ENSMUSG00000045482.11,+,Trrap,protein_coding,1.5687453729793,2.20751157365602,2.52095554219471
chr11,102227471,102227972,0.3926754936874558,chr11,102192432,102232166,ENSMUSG00000008855.13,-,Hdac5,protein_coding,5.27895268367637,7.16449864024888,6.93428191133873
chr15,89296470,89296971,1.0253407986006573,chr15,89286236,89317311,ENSMUSG00000036529.13,-,Sbf1,protein_coding,1.8538821666778442,2.9182784164737083,2.60602346794334
chr2,32155130,32155631,0.6245252983206809,chr2,32149082,32236537,ENSMUSG00000039262.12,+,Prrc2b,protein_coding,1.58119573308231,2.67016369987135,2.4415553676374
chr17,30469595,30470096,0.4593432433639313,chr17,30213524,30578287,ENSMUSG00000062202.9,-,Btbd9,protein_coding,3.31802096745224,4.41502314731204,4.56551003704554
chr2,161570566,161571067,0.3047279908838958,chr2,161519990,162663147,ENSMUSG00000053141.12,-,Ptprt,protein_coding,1.98583243643014,2.34630721152062,2.45478873006362
chr14,7851711,7852212,0.2546427594475866,chr14,7815957,7953588,ENSMUSG00000025278.8,+,Flnb,protein_coding,3.94676415265426,3.23195556741854,4.71107702373395
chr9,45644924,45645425,0.3655615553041125,chr9,45428293,45755164,ENSMUSG00000032087.9,+,Dscaml1,protein_coding,4.65020949847435,5.30067150320996,5.99471317907719
chr14,77403063,77403564,0.4547062488514553,chr14,77154763,77723760,ENSMUSG00000022012.8,+,Enox1,protein_coding,2.14146193771777,2.74947549293684,2.93780645862061
chr16,30314201,30314702,0.70739356549377,chr16,30310423,30390837,ENSMUSG00000022533.9,-,Atp13a3,protein_coding,0.840399306953195,1.08392783856164,1.37626969232677
chr19,58451448,58451949,0.7717743293025725,chr19,58233604,58457909,ENSMUSG00000025089.11,-,Gfra1,protein_coding,0.896425927416741,1.59284517739851,1.5350700414414
chr8,20122012,20122513,0.2587995507121809,chr8,20120365,20128624,ENSMUSG00000094614.1,+,Gm21769,pseudogene,15.2018896857756,18.1954471924402,18.1958733360511
chr1,187662194,187662695,0.6388004640331516,chr1,187660869,187665361,ENSMUSG00000103401.1,-,RP24-177B16.1,TEC,0.983578448137813,1.21611416033745,1.5350700414414
chr1,187662194,187662695,0.6388004640331516,chr1,187606791,188216885,ENSMUSG00000026610.9,+,Esrrg,protein_coding,0.983578448137813,1.21611416033745,1.5350700414414
chr12,40432923,40433424,0.5220429328312843,chr12,40313046,40447790,ENSMUSG00000055917.10,-,Zfp277,protein_coding,1.25126119035253,1.36812843037963,1.79973728996578
chr12,107930854,107931355,0.3259020139883055,chr12,107908403,108005602,ENSMUSG00000048251.11,-,Bcl11b,protein_coding,3.97789005291179,4.81819142872826,4.98897763468455
chr13,110231211,110231712,0.2640675897475514,chr13,110052187,110282206,ENSMUSG00000021700.9,-,Rab3c,protein_coding,2.24106481854185,2.16785567712328,2.69298925373556
chr4,141385223,141385724,0.995182524679547,chr4,141366220,141386175,ENSMUSG00000006218.4,+,Fam131c,protein_coding,0.747021606180618,1.27559800513656,1.49536995416274
chr4,141385223,141385724,0.995182524679547,chr4,141382610,141400724,ENSMUSG00000033770.9,-,Clcnka,protein_coding,0.747021606180618,1.27559800513656,1.49536995416274
chr4,149721133,149721634,0.7789800990354245,chr4,149713375,149740044,ENSMUSG00000044700.11,-,Tmem201,protein_coding,3.312174866775315,4.627513492416717,4.645617424608942
chr8,120264822,120265323,0.2609487873723117,chr8,120228536,120583390,ENSMUSG00000031822.14,+,Gse1,protein_coding,5.64623830671517,7.22398248504799,6.768864881011
chr8,120264822,120265323,0.2609487873723117,chr8,119908841,124347722,ENSMUSG00000092329.1,+,Gm20388,protein_coding,5.64623830671517,7.22398248504799,6.768864881011
chr2,35835550,35836051,0.4906756900737538,chr2,35749241,35981913,ENSMUSG00000026885.9,-,Ttll11,protein_coding,2.46517130039604,2.61728917116103,3.46714095566937
chr5,108347766,108348267,0.954859506085108,chr5,108310609,108351355,ENSMUSG00000029263.11,+,Pigg,protein_coding,0.915101467571257,1.387956378646,1.77988724632645
chr16,35154024,35154525,0.3783984739299644,chr16,35152877,35307737,ENSMUSG00000022840.8,+,Adcy5,protein_coding,3.5047763689974,4.54720946908785,4.55889335583243
chr11,120080263,120080764,0.4079599605460902,chr11,120062430,120088827,ENSMUSG00000039781.10,-,Cep131,protein_coding,4.89921670053455,6.27885028435095,6.50419763248662
chr6,142891263,142891764,0.297344442680561,chr6,142819545,142966452,ENSMUSG00000030283.5,-,St8sia1,protein_coding,2.45894612034453,1.76468739570706,3.02382331439103
chr5,123862943,123863444,0.916128856351246,chr5,123861570,123867516,ENSMUSG00000045502.5,-,Hcar2,protein_coding,0.771922326386638,1.53997064868818,1.46228654809719
chr18,36974163,36974664,0.8580154285404593,chr18,36928184,37189661,ENSMUSG00000103442.1,+,PCDHA9,protein_coding,0.522915124326432,0.885648355897924,0.952802094687765
chr18,36974163,36974664,0.8580154285404593,chr18,36937205,37189657,ENSMUSG00000104148.1,+,PCDHA9,protein_coding,0.522915124326432,0.885648355897924,0.952802094687765
chr18,36974163,36974664,0.8580154285404593,chr18,36944105,37189657,ENSMUSG00000102312.1,+,Pcdha3,protein_coding,0.522915124326432,0.885648355897924,0.952802094687765
chr18,36974163,36974664,0.8580154285404593,chr18,36950648,37189661,ENSMUSG00000104252.1,+,Pcdha4,protein_coding,0.522915124326432,0.885648355897924,0.952802094687765
chr18,36974163,36974664,0.8580154285404593,chr18,36958440,37189657,ENSMUSG00000103092.1,+,Pcdha5,protein_coding,0.522915124326432,0.885648355897924,0.952802094687765
chr18,36974163,36974664,0.8580154285404593,chr18,36965631,37189657,ENSMUSG00000103707.1,+,Pcdha6,protein_coding,0.522915124326432,0.885648355897924,0.952802094687765
chr18,36974163,36974664,0.8580154285404593,chr18,36971802,37189657,ENSMUSG00000104318.1,+,Pcdha7,protein_coding,0.522915124326432,0.885648355897924,0.952802094687765
chr18,36974163,36974664,0.8580154285404593,chr18,36950741,37842200,ENSMUSG00000103458.1,+,PCDHA4,protein_coding,0.522915124326432,0.885648355897924,0.952802094687765
chr18,36974163,36974664,0.8580154285404593,chr18,36967916,37835296,ENSMUSG00000102836.1,+,RP23-407E2.5,protein_coding,0.522915124326432,0.885648355897924,0.952802094687765
chr18,36974163,36974664,0.8580154285404593,chr18,36973941,37835296,ENSMUSG00000103125.1,+,RP23-407E2.6,protein_coding,0.522915124326432,0.885648355897924,0.952802094687765
chr6,131290367,131290868,0.4666151996871276,chr6,131282388,131295244,ENSMUSG00000030188.8,-,Magohb,protein_coding,1.13298276937394,1.50692406824423,1.56815344750695
chr1,190698433,190698934,0.5212957020507322,chr1,190698202,190913770,ENSMUSG00000089872.6,-,Rps6kc1,protein_coding,1.4295652913238237,2.3553147603889664,4.319602118518776
chr7,46244117,46244618,1.074673234305643,chr7,46238987,46313434,ENSMUSG00000009487.9,+,Otog,protein_coding,0.697220165768577,0.991397413318572,1.47551991052341
chr11,51493327,51493828,0.5199837446982875,chr11,51287920,51585918,ENSMUSG00000063564.9,+,Col23a1,protein_coding,2.80755620322882,3.66817042927872,4.02955885878367
chr12,69877697,69878198,0.4711218213106092,chr12,69801750,69895200,ENSMUSG00000034761.11,-,Map4k5,protein_coding,2.01695833668767,2.79574070555837,2.79885615314531
chr9,29578189,29578690,0.2977612052418528,chr9,28992750,29965141,ENSMUSG00000059974.6,-,Ntm,protein_coding,3.28689506719472,4.19030640029316,4.04279222120989
chr9,42646736,42647237,0.2514622195986975,chr9,42516135,42946493,ENSMUSG00000032017.10,-,Grik4,protein_coding,6.87259877686168,7.94439793872615,8.18483466061643
chr10,18095023,18095524,0.3394156483028467,chr10,18053861,18127155,ENSMUSG00000019854.12,+,Reps1,protein_coding,1.88622955560606,1.77790602788464,2.38862191793252
chr6,134847515,134848016,0.8180365996699999,chr6,134828154,134860931,ENSMUSG00000032652.9,+,Crebl2,protein_coding,0.83417412690169,1.16323963162712,1.47551991052341
chr12,100781627,100782128,0.3007413137854893,chr12,100777057,100898981,ENSMUSG00000021185.11,+,9030617O03Rik,protein_coding,4.91789224068907,6.19953849128547,6.06087999120828
chr12,80384474,80384975,0.7879369928043188,chr12,80333847,80438601,ENSMUSG00000049106.6,-,Dcaf5,protein_coding,2.6753506484383833,3.782667461745515,4.143157996103435
chr15,81891386,81891887,0.6049968076056438,chr15,81870309,81917133,ENSMUSG00000022477.8,+,Aco2,protein_coding,1.22013529009501,1.53997064868818,1.85928742088376
chr2,129627814,129628315,0.3730938351491121,chr2,129590835,129634228,ENSMUSG00000037902.14,+,Sirpa,protein_coding,3.54835262935793,5.26762492276601,4.59859344311109
chr10,76909496,76909997,0.4064476697506933,chr10,76759857,76963887,ENSMUSG00000001120.11,-,Pcbp3,protein_coding,1.80530221493649,2.12159046450174,2.39523859914563
chr7,82174538,82175039,0.4198447718290794,chr7,82171840,82309419,ENSMUSG00000030638.9,+,Sh3gl3,protein_coding,4.63153395831983,6.65558130141201,6.19983029668358
chr10,94818938,94819439,0.7452161178196972,chr10,94788866,94946578,ENSMUSG00000074785.4,-,Plxnc1,protein_coding,0.715895705923092,1.1830675798935,1.20423598078593
chr13,107816839,107817340,0.4031844295764439,chr13,107722618,107892064,ENSMUSG00000032846.9,-,Zswim6,protein_coding,1.5005156691678745,2.098376503009758,2.1216541355003615
chr6,141374420,141374921,0.3527359514237504,chr6,141247269,141507940,ENSMUSG00000041741.9,+,Pde3a,protein_coding,1.35086407117662,1.41439364300116,1.72695379662157
chr7,5051440,5051941,0.3189950365973828,chr7,5048730,5059111,ENSMUSG00000086604.1,-,Gm15510,processed_transcript,7.71922326386638,9.41827542652643,9.6338878462874
chr7,5051440,5051941,0.3189950365973828,chr7,5049532,5055722,ENSMUSG00000055633.5,+,Zfp580,protein_coding,7.71922326386638,9.41827542652643,9.6338878462874
chr16,13986890,13987391,0.3267483467413615,chr16,13979702,13988855,ENSMUSG00000065968.7,-,Ifitm7,protein_coding,3.92808861249975,4.39519519904567,4.92942750376656
chr16,13986890,13987391,0.3267483467413615,chr16,13984604,14103500,ENSMUSG00000044117.8,+,2900011O08Rik,protein_coding,3.92808861249975,4.39519519904567,4.92942750376656
chr9,102846290,102846791,0.4008448384717613,chr9,102832917,102910305,ENSMUSG00000032547.8,+,Ryk,protein_coding,2.3033166190569,2.96097360777813,3.04367335803036
chr2,156632695,156633196,0.8182106595170937,chr2,156611705,156766363,ENSMUSG00000061689.11,+,Dlgap4,protein_coding,1.14543312947695,2.17446499321207,2.0247044512115
chr2,156632695,156633196,0.8182106595170937,chr2,156630825,156635468,ENSMUSG00000083498.1,-,Gm14172,processed_pseudogene,1.14543312947695,2.17446499321207,2.0247044512115
chr15,95955786,95956287,0.2882794020439609,chr15,95788843,95977464,ENSMUSG00000064210.6,+,Ano6,protein_coding,1.36953961133113,1.69859423481915,1.6740203469167
chr9,115915619,115916120,0.3285053741670216,chr9,115907455,116078176,ENSMUSG00000056880.8,+,Gadl1,protein_coding,3.82848573167567,4.24318092900349,4.81032724193059
chr1,75504617,75505118,0.2750378190225103,chr1,75505077,75512366,ENSMUSG00000032968.4,+,Inha,protein_coding,5.06107138187368,6.02108695688813,6.12704680333938
chr1,75504617,75505118,0.2750378190225103,chr1,75477310,75508452,ENSMUSG00000026211.13,-,Obsl1,protein_coding,5.06107138187368,6.02108695688813,6.12704680333938
chr5,72755875,72756376,0.3063922517634477,chr5,72753718,72870483,ENSMUSG00000029217.12,-,Tec,protein_coding,2.19748855818132,2.88166181471265,2.719455978588
chr12,80508770,80509271,0.3391788756814738,chr12,80507951,80520916,ENSMUSG00000097801.1,-,Gm26777,lincRNA,2.50874756075657,3.14603445826427,3.17600698229255
chr8,68117418,68117919,0.9542307437997626,chr8,68097492,68123527,ENSMUSG00000095306.2,-,Gm21807,lincRNA,0.62874318520202,0.819555195010019,1.22408602442525
chr4,59818335,59818836,0.3274097950426924,chr4,59803840,59906737,ENSMUSG00000028385.10,+,Snx30,protein_coding,3.77868429126362,4.45467904384478,4.7441604297995
chr10,62128501,62129002,0.2598238434097768,chr10,62105655,62145920,ENSMUSG00000020083.9,-,2010107G23Rik,protein_coding,5.39100592460346,6.86047010016452,6.45788086399485
chr9,41050589,41051090,0.2592333628426421,chr9,41009098,41163697,ENSMUSG00000032020.11,-,Ubash3b,protein_coding,6.050875010063,7.12484274371614,7.24526592835488
chr16,22872330,22872831,0.299359028507505,chr16,22855845,22881634,ENSMUSG00000004460.12,+,Dnajb11,protein_coding,3.41762384827633,3.93254307283033,4.20820925153763
chr4,116719345,116719846,0.5722956134589511,chr4,116706509,116753206,ENSMUSG00000028689.10,+,Ccdc163,protein_coding,2.03563387684218,2.71642891249289,3.03043999560414
chr4,116719345,116719846,0.5722956134589511,chr4,116718948,116807956,ENSMUSG00000033985.13,+,Tesk2,protein_coding,2.03563387684218,2.71642891249289,3.03043999560414
chr4,152125786,152126287,0.5284134057676759,chr4,152118331,152154371,ENSMUSG00000028943.13,-,Espn,protein_coding,4.12106919409641,5.74349568115893,5.94839641058542
chr7,135083996,135084497,0.4451215314431329,chr7,134668687,135175639,ENSMUSG00000058325.5,+,Dock1,protein_coding,3.0254375050315,3.73426359016662,4.12219239576721
chr9,60152918,60153419,0.7106939938718584,chr9,59964931,60524046,ENSMUSG00000032289.11,-,Thsd4,protein_coding,1.30728781081608,1.51353338433302,2.14380471304747
chr3,146853348,146853849,0.5403194364015409,chr3,146850367,146986009,ENSMUSG00000036745.11,+,Ttll7,protein_coding,2.7746820959026466,3.462616583544337,4.057689503043473
chr7,123146426,123146927,0.4087197226590993,chr7,123121885,123197288,ENSMUSG00000052707.7,+,Tnrc6a,protein_coding,2.5398734610141,3.71443564190025,3.37450741868583
chr11,54694843,54695344,0.5128031093958976,chr11,54520847,54701285,ENSMUSG00000037533.13,+,Rapgef6,protein_coding,1.0831813289619,1.25577005687019,1.54830340386762
chr6,93699546,93700047,0.2578788974231314,chr6,93673455,94285322,ENSMUSG00000045095.12,-,Magi1,protein_coding,2.1788130180268,3.17908103870822,2.60697239796513
chr11,80487840,80488341,0.5282096959539349,chr11,80480126,80782025,ENSMUSG00000035441.10,-,Myo1d,protein_coding,3.37404758791579,4.46789767602236,4.86987737284858
chr11,88372505,88373006,0.3566839074786156,chr11,88337382,88720513,ENSMUSG00000069769.9,-,Msi2,protein_coding,2.1788130180268,2.59746122289466,2.7922394719322
chr3,156739461,156739962,0.6818584733866324,chr3,156559794,157318445,ENSMUSG00000040037.9,+,Negr1,protein_coding,0.62874318520202,0.931913568519457,1.01235222560575
chr12,102702985,102703486,0.5143119417184241,chr12,102671017,102729333,ENSMUSG00000096751.3,-,Gm21971,processed_transcript,2.27219071879938,2.86844318253507,3.24879047563675
chr12,102702985,102703486,0.5143119417184241,chr12,102566582,102706930,ENSMUSG00000057963.5,-,Itpk1,protein_coding,2.27219071879938,2.86844318253507,3.24879047563675
chr7,82282463,82282964,0.2832340639986219,chr7,82171840,82309419,ENSMUSG00000030638.9,+,Sh3gl3,protein_coding,5.43458218496399,6.69523719794475,6.61668121310948
chr9,3334599,3335100,0.5025347739420705,chr9,3333478,3389050,ENSMUSG00000025899.9,+,Alkbh8,protein_coding,0.871525207210721,1.09714647073922,1.23731938685147
chr2,32029577,32030078,0.4343262178392293,chr2,31972436,32055975,ENSMUSG00000001855.11,+,Nup214,protein_coding,2.92583462420742,4.36214861860172,3.95677536543947
chr2,16387753,16388254,0.4130731465657335,chr2,16354304,16757839,ENSMUSG00000026748.9,+,Plxdc2,protein_coding,0.977353268086308,1.14341168336075,1.30348619898257
chr4,111720242,111720743,0.5110391061772347,chr4,111717984,111831184,ENSMUSG00000034401.12,+,Spata6,protein_coding,1.83642811519402,2.37935379196457,2.62020576039135
chr15,31571883,31572384,0.3358101747902548,chr15,31566791,31592119,ENSMUSG00000022235.10,+,Cmbl,protein_coding,2.44649576024152,3.37075120528314,3.08999012652213
chr15,66907206,66907707,0.4631605356079261,chr15,66889320,66925201,ENSMUSG00000005124.5,+,Wisp1,protein_coding,1.207684929992,1.46726817171149,1.66740366570359
chr18,61885722,61886223,0.8708733337863912,chr18,61797395,61913852,ENSMUSG00000032735.10,-,Ablim3,protein_coding,0.64119354530503,1.15663031553833,1.17776925593349
chr4,150563162,150563663,0.3859745101646352,chr4,150279646,150623966,ENSMUSG00000039852.12,+,Rere,protein_coding,3.623054789976,3.77391948669936,4.73754374858639
chr15,86188190,86188691,0.469163315942728,chr15,86183728,86189152,ENSMUSG00000086424.1,+,Gm15569,antisense,6.698067291054183,8.028289908182597,10.929565522961036
chr16,31128665,31129166,0.3362511753710279,chr16,31090413,31203238,ENSMUSG00000049076.9,-,Acap2,protein_coding,3.9965655930663,3.66156111318992,5.04852776560253
chr6,125363399,125363900,0.8651048533267787,chr6,125347362,125364484,ENSMUSG00000030341.13,+,Tnfrsf1a,protein_coding,1.7514364336303132,3.5893040702728456,3.519441873965387
chr6,125363399,125363900,0.8651048533267787,chr6,125360660,125382793,ENSMUSG00000038167.6,-,Plekhg6,protein_coding,1.7514364336303132,3.5893040702728456,3.519441873965387
chr6,72518790,72519291,0.5869083312691696,chr6,72511644,72523634,ENSMUSG00000052631.10,-,Sh2d6,protein_coding,4.0557704048004455,4.851343431872522,5.406713821692857
chr11,50258257,50258758,0.3538444145378563,chr11,50235009,50290839,ENSMUSG00000097887.1,+,Gm26542,lincRNA,4.50703035728973,4.66617715868608,5.76312933661836
chr11,50258257,50258758,0.3538444145378563,chr11,50253634,50294311,ENSMUSG00000050567.12,-,Maml1,protein_coding,4.50703035728973,4.66617715868608,5.76312933661836
chr1,73771850,73772351,0.2523081444088969,chr1,73616088,73866466,ENSMUSG00000100301.2,-,6030407O03Rik,lincRNA,0.971128088034803,0.898866988075505,1.15791921229416
chr1,73771850,73772351,0.2523081444088969,chr1,73748321,73843917,ENSMUSG00000101344.1,-,Gm29183,lincRNA,0.971128088034803,0.898866988075505,1.15791921229416
chr8,91126734,91127235,0.2689613803386361,chr8,91110041,91136465,ENSMUSG00000031667.11,-,Aktip,protein_coding,4.73113683914391,5.35354603192029,5.70357920570037
chr11,76160033,76160534,0.2821140558520983,chr11,76044226,76181647,ENSMUSG00000017288.11,-,Vps53,protein_coding,5.6835893870242,6.58948814052411,6.91443186769941
chr11,76160033,76160534,0.2821140558520983,chr11,76118987,76245725,ENSMUSG00000017286.11,-,Glod4,protein_coding,5.6835893870242,6.58948814052411,6.91443186769941
chr13,13368067,13368568,0.3732192752049154,chr13,13355623,13395624,ENSMUSG00000021306.10,-,Gpr137b,protein_coding,2.15391229782078,2.83539660209111,2.7922394719322
chr18,84241306,84241807,0.4330551159354886,chr18,84126027,84591725,ENSMUSG00000048410.12,-,Zfp407,protein_coding,1.35086407117662,1.77790602788464,1.82620401481822
chr10,10888465,10888966,0.4774437929792401,chr10,10684059,11084356,ENSMUSG00000019828.9,-,Grm1,protein_coding,1.07695614891039,1.64571970610883,1.50198663537585
chr13,46192751,46193252,0.5041440268037274,chr13,46173428,46193048,ENSMUSG00000062282.3,-,Gm10113,protein_coding,1.38821515148565,1.5994544934873,1.97177100150662
chr2,53098686,53099187,0.4431562268631386,chr2,52855860,53136202,ENSMUSG00000036053.12,+,Fmnl2,protein_coding,1.15165830952845,1.55979859695455,1.56815344750695
chr12,83716732,83717233,0.4257380246861941,chr12,83686203,83737199,ENSMUSG00000019969.9,+,Psen1,protein_coding,1.85510365534853,2.62389848724982,2.49448881734227
chr5,140091664,140092165,0.3983237789539366,chr5,140006689,140323552,ENSMUSG00000029554.11,-,Mad1l1,protein_coding,3.56702816951245,5.01647091139197,4.70446034252084
chr5,116475919,116476420,0.7513553205561633,chr5,116437272,116593817,ENSMUSG00000063919.8,-,Srrm4,protein_coding,1.58119573308231,2.17446499321207,2.66652252888312
chr17,31457181,31457682,0.3766445208161517,chr17,31384234,31478310,ENSMUSG00000041119.7,+,Pde9a,protein_coding,4.53815625754725,5.93516584773385,5.89546296088055
chr7,132763231,132763732,0.3609268518593991,chr7,132710082,132815886,ENSMUSG00000030956.11,-,Fam53b,protein_coding,3.00676196487699,3.98541760154066,3.86414182845594
chr7,132763231,132763732,0.3609268518593991,chr7,130160451,133125350,ENSMUSG00000030849.13,-,Fgfr2,protein_coding,3.00676196487699,3.98541760154066,3.86414182845594
chr1,91540846,91541347,0.6561051625340808,chr1,91538544,91561589,ENSMUSG00000026311.12,+,Asb1,protein_coding,1.28238709061006,1.9431389301044,2.0247044512115
chr19,16176180,16176681,0.6644224563189647,chr19,16130831,16389463,ENSMUSG00000024639.5,+,Gnaq,protein_coding,1.48781803230973,2.40579105631973,2.36215519308008
chr15,89310143,89310644,0.3003726327316663,chr15,89286236,89317311,ENSMUSG00000036529.13,-,Sbf1,protein_coding,5.94504694918742,6.3845993417716,7.32466610291219
chr6,112781876,112782377,0.368910209811875,chr6,112715971,112949266,ENSMUSG00000030257.12,-,Srgap3,protein_coding,1.61232163333983,2.06871593579142,2.08425458212949
chr9,66258431,66258932,0.2789888424770971,chr9,66156223,66274242,ENSMUSG00000032380.4,+,Dapk2,protein_coding,4.86186562022552,5.71044910071497,5.90207964209366
chr15,103457820,103458321,0.5610608505485261,chr15,103451825,103500800,ENSMUSG00000022488.8,+,Nckap1l,protein_coding,0.971128088034803,1.28220732122535,1.43581982324476
chr2,31785030,31785531,0.6247630333530866,chr2,31686376,31806227,ENSMUSG00000026842.12,+,Abl1,protein_coding,2.03563387684218,2.79574070555837,3.142923576227
chr10,70505809,70506310,0.3329942348713576,chr10,70438668,70560731,ENSMUSG00000043259.10,+,Fam13c,protein_coding,2.91338426410441,4.22335298073712,3.67225807327576
chr12,25590709,25591210,0.5574802964689145,chr12,25560369,25607335,ENSMUSG00000102431.1,-,RP24-559A16.1,TEC,2.099614291847823,2.4847620632834064,3.9730068074015086
chr19,6933484,6933985,0.4029348535455668,chr19,6923710,6936515,ENSMUSG00000024957.8,-,Kcnk4,protein_coding,4.98636922125562,6.78115830709903,6.59683116947015
chr19,43623873,43624374,0.725389227321183,chr19,43620446,43624560,ENSMUSG00000092871.1,+,Gm22646,miRNA,1.38198997143414,1.98940414272593,2.28937169973588
chr17,11172667,11173168,0.3230817022119991,chr17,10838384,12065361,ENSMUSG00000023826.10,+,Park2,protein_coding,2.80133102317732,3.02706676866604,3.50684104294802
chr5,123257383,123257884,0.4277442002787479,chr5,123250102,123329484,ENSMUSG00000029442.14,+,Wdr66,protein_coding,4.18332099461146,5.94177516382264,5.63079571235617
chr5,123257383,123257884,0.4277442002787479,chr5,123253481,123257813,ENSMUSG00000094664.1,-,Rpl35a-ps6,processed_pseudogene,4.18332099461146,5.94177516382264,5.63079571235617
chr11,34098384,34098885,0.9619663925793678,chr11,33971961,34100554,ENSMUSG00000085684.1,-,4930469K13Rik,processed_transcript,0.62874318520202,0.812945878921229,1.23070270563836
chr2,166024569,166025070,0.4046243832867678,chr2,165990636,166075242,ENSMUSG00000027678.13,+,Ncoa3,protein_coding,3.74133321095459,5.07595475619109,4.955894228619
chr9,72493395,72493896,0.6104501131089581,chr9,72448394,72494212,ENSMUSG00000090626.5,-,Tex9,protein_coding,1.27616191055856,1.30864458558051,1.9519209578673
chr6,87578214,87578715,0.9202025292655864,chr6,87576593,87592701,ENSMUSG00000049409.7,-,Prokr1,protein_coding,0.8466244870047,1.3218632177581,1.6078535347856
chr16,34405926,34406427,0.3975652143405278,chr16,33972258,34575532,ENSMUSG00000061751.11,-,Kalrn,protein_coding,2.12278639756326,2.96758292386692,2.79885615314531
chr4,111886530,111887031,0.5071396136028157,chr4,111873375,111904918,ENSMUSG00000028544.10,-,Slc5a9,protein_coding,2.42782022008701,3.04689471693241,3.45390759324315
chr14,54203171,54203672,0.4856609553776745,chr14,54199775,54203837,ENSMUSG00000076912.1,+,Traj17,IG_J_gene,1.59987127323682,2.30004199889909,2.24305493124411
chr14,54203171,54203672,0.4856609553776745,chr14,54201134,54205194,ENSMUSG00000076913.1,+,Traj16,IG_J_gene,1.59987127323682,2.30004199889909,2.24305493124411
chr14,54203171,54203672,0.4856609553776745,chr14,54202422,54206481,ENSMUSG00000076914.1,+,Traj15,IG_J_gene,1.59987127323682,2.30004199889909,2.24305493124411
chr14,54203171,54203672,0.4856609553776745,chr14,54203111,54207143,ENSMUSG00000076915.2,+,Traj14,IG_J_gene,1.59987127323682,2.30004199889909,2.24305493124411
chr11,96872956,96873457,0.6187277914465933,chr11,96868195,96873001,ENSMUSG00000083651.1,+,Gm11524,processed_pseudogene,2.88848354389839,3.65495179710113,4.43979309399646
chr11,96872956,96873457,0.6187277914465933,chr11,96860997,96875954,ENSMUSG00000087117.4,-,Gm11523,processed_transcript,2.88848354389839,3.65495179710113,4.43979309399646
chr6,118520641,118521142,0.6222740182161659,chr6,118499308,118564226,ENSMUSG00000007827.10,-,Ankrd26,protein_coding,0.964902907983298,1.36812843037963,1.48875327294963
chr11,76945443,76945944,0.4968882108009285,chr11,76922809,76989379,ENSMUSG00000020840.6,+,Blmh,protein_coding,3.18106700631913,4.47450699211115,4.49272654370134
chr14,14032761,14033262,0.3776253413792955,chr14,14010491,14109296,ENSMUSG00000021738.4,+,Atxn7,protein_coding,2.1987732877274473,2.0664200768499317,3.683434292465865
chr17,56361489,56361990,0.3832596255385885,chr17,56324062,56404870,ENSMUSG00000024201.8,+,Kdm4b,protein_coding,3.24954398688569,3.93915238891912,4.24129265760318
chr5,124883834,124884335,0.2566941203131224,chr5,124860691,124904693,ENSMUSG00000079215.4,+,Zfp664,protein_coding,6.84769805665566,8.23520784663294,8.18483466061643
chr11,28534080,28534581,0.3631317172766539,chr11,28383685,28586324,ENSMUSG00000032878.12,-,Ccdc85a,protein_coding,1.17655902973447,1.29542595340293,1.51521999780207
chr2,166691534,166692035,0.4861589449882257,chr2,166564342,166715832,ENSMUSG00000039621.9,-,Prex1,protein_coding,2.75152958276528,3.15264377435306,3.85752514724283
chr8,122666852,122667353,0.3013276824962506,chr8,119908841,124347722,ENSMUSG00000092329.1,+,Gm20388,protein_coding,5.25405196347034,6.64897198532322,6.47773090763418
chr8,122666852,122667353,0.3013276824962506,chr8,122626739,122701109,ENSMUSG00000006362.11,-,Cbfa2t3,protein_coding,5.25405196347034,6.64897198532322,6.47773090763418
chr9,27998674,27999175,0.2872471391544795,chr9,27788775,28927410,ENSMUSG00000062257.8,+,Opcml,protein_coding,3.93431379255125,4.39519519904567,4.80371056071748
chr11,94630247,94630748,0.6287671853569852,chr11,94627767,94647216,ENSMUSG00000020869.8,+,Lrrc59,protein_coding,1.59364609318532,2.27360473454392,2.46802209248984
chr12,112597575,112598076,1.186061109146816,chr12,112586784,112617556,ENSMUSG00000037679.8,+,Inf2,protein_coding,2.4374070386448783,3.2847728481787644,4.312526490160091
chr11,84282836,84283337,0.6594036225589367,chr11,84127672,84403651,ENSMUSG00000020532.14,+,Acaca,protein_coding,0.915101467571257,1.09053715465043,1.44905318567098
chr11,100748588,100749089,0.5588029935888157,chr11,100738376,100761942,ENSMUSG00000035355.11,-,Kcnh4,protein_coding,3.55457780940944,5.08256407227988,5.24041152078271
chr17,83587623,83588124,0.2939481521306529,chr17,83583957,83633895,ENSMUSG00000045053.1,-,Kcng3,protein_coding,3.63550515007901,5.05612680792472,4.45964313763579
chr4,150956796,150957297,0.3755042087284829,chr4,150915322,151863876,ENSMUSG00000014592.15,-,Camta1,protein_coding,3.2619943469887,4.81158211263947,4.23467597639007
chr8,36661051,36661552,0.4826352165043657,chr8,36565751,36955143,ENSMUSG00000031523.12,-,Dlc1,protein_coding,0.902651107468246,1.44744022344511,1.26378611170391
chr2,156082589,156083090,0.6333599556954425,chr2,156082610,156088291,ENSMUSG00000103285.1,-,RP23-220D12.13,TEC,3.3601097356297536,3.7335785220483104,4.857192062332245
chr2,156082589,156083090,0.6333599556954425,chr2,156069842,156113965,ENSMUSG00000074643.8,-,Cpne1,protein_coding,3.3601097356297536,3.7335785220483104,4.857192062332245
chr2,156082589,156083090,0.6333599556954425,chr2,156069845,156129092,ENSMUSG00000098950.3,-,Gm28036,protein_coding,3.3601097356297536,3.7335785220483104,4.857192062332245
chr2,142828176,142828677,0.5111479042467786,chr2,142615474,142903531,ENSMUSG00000038844.8,-,Kif16b,protein_coding,1.03337988854985,1.1103651029168,1.47551991052341
chr5,121493235,121493736,0.3936004023889063,chr5,121449893,121526183,ENSMUSG00000029452.14,+,Tmem116,protein_coding,4.44477855677468,5.69723046853739,5.84252951117567
chr4,135685992,135686493,0.4926068990124599,chr4,135684287,135710181,ENSMUSG00000062157.6,+,Ifnlr1,protein_coding,2.49007202060206,2.8486152342687,3.50684104294802
chr5,144761413,144761914,0.3699583626999404,chr5,144733915,144763649,ENSMUSG00000043388.7,-,Tmem130,protein_coding,6.49908797377137,9.00849782902142,8.40318514064904
chr1,84427088,84427589,0.8017427923293493,chr1,84367839,84698221,ENSMUSG00000036766.8,-,Dner,protein_coding,0.790597866541154,1.07070920638406,1.38288637353988
chr8,21992162,21992663,0.4262138139669063,chr8,21990785,22062305,ENSMUSG00000006567.7,-,Atp7b,protein_coding,2.44027058019002,3.01384813648846,3.2818738817023
chr11,35598669,35599170,0.2608632901107395,chr11,35119224,35710507,ENSMUSG00000056427.6,+,Slit3,protein_coding,4.91789224068907,5.9021192672899,5.89546296088055
chr4,59380423,59380924,0.2783196169988045,chr4,59312683,59440633,ENSMUSG00000038578.11,-,Susd1,protein_coding,2.45894612034453,2.4983214815628,2.98412322711237
chr13,13758320,13758821,0.3006317281385784,chr13,13588409,13779440,ENSMUSG00000019726.10,+,Lyst,protein_coding,1.24503601030103,1.09053715465043,1.5350700414414
chr12,112027384,112027885,0.3540982955172128,chr12,111969559,112070854,ENSMUSG00000054003.9,+,Tdrd9,protein_coding,2.50874756075657,3.58885863621323,3.2090903883581
chr8,13077519,13078020,0.6874101168503545,chr8,13074077,13084740,ENSMUSG00000091443.1,+,Gm17023,antisense,1.18900938983748,1.387956378646,1.91883755180175
chr8,13077519,13078020,0.6874101168503545,chr8,13075189,13107459,ENSMUSG00000038542.10,-,Pcid2,protein_coding,1.18900938983748,1.387956378646,1.91883755180175
chr4,15634483,15634984,0.4334246888453653,chr4,15634169,15638492,ENSMUSG00000082673.1,+,Gm11857,processed_pseudogene,0.958677727931793,1.0442719420289,1.29686951776946
chr15,98582440,98582941,0.3837649836797799,chr15,98569004,98591588,ENSMUSG00000022993.6,+,4930415O20Rik,protein_coding,4.08994329383888,4.94376843441528,5.33966173897935
chr9,20822781,20823282,0.2600600893743426,chr9,20816504,20828163,ENSMUSG00000053773.4,+,Rdh8,protein_coding,5.28517786372787,6.80759557145419,6.33216392094577
chr8,124198413,124198914,0.766581952748933,chr8,119908841,124347722,ENSMUSG00000092329.1,+,Gm20388,protein_coding,1.10185686911641,1.5994544934873,1.87913746452309
chr13,49600178,49600679,0.366675722091252,chr13,49462027,49654746,ENSMUSG00000021391.9,-,Cenpp,protein_coding,3.40517348817332,3.55581205576928,4.39347632550469
chr8,121562909,121563410,0.8966749323276486,chr8,121547440,121580806,ENSMUSG00000052934.9,-,Fbxo31,protein_coding,2.41767897410783,3.6525315829141887,3.4160151895648707
chr8,121562909,121563410,0.8966749323276486,chr8,119908841,124347722,ENSMUSG00000092329.1,+,Gm20388,protein_coding,2.41767897410783,3.6525315829141887,3.4160151895648707
chr9,66980389,66980890,0.7623308057093197,chr9,66979088,66983185,ENSMUSG00000089450.1,-,Gm24225,snRNA,1.38198997143414,1.79112466006222,2.34892183065387
chr14,20447131,20447632,0.3700511312164448,chr14,20392190,20454226,ENSMUSG00000039543.11,-,Cfap70,protein_coding,2.58344972137464,3.35092325701677,3.34142401262029
chr8,77031291,77031792,0.5073040180899425,chr8,76897442,77247012,ENSMUSG00000031618.9,+,Nr3c2,protein_coding,2.0020140882975563,2.6145523716351704,2.636960685372115
chr6,110792638,110793139,0.4577209265913702,chr6,110643581,111569230,ENSMUSG00000056755.9,+,Grm7,protein_coding,1.16410866963146,1.53336133259939,1.60123685357249
chr6,39915852,39916353,0.5828225628997066,chr6,39871271,40257150,ENSMUSG00000057716.6,+,Tmem178b,protein_coding,2.5244521733053666,2.9779428450647227,4.132671331455132
chr4,156026026,156026527,0.6037818297113297,chr4,156020008,156033643,ENSMUSG00000087381.4,-,Gm16008,antisense,2.09166049730573,3.00062950431088,3.18262366350566
chr4,156026026,156026527,0.6037818297113297,chr4,156024164,156030895,ENSMUSG00000041954.14,+,Tnfrsf18,protein_coding,2.09166049730573,3.00062950431088,3.18262366350566
chr8,124404618,124405119,0.5280698660492082,chr8,124367049,124441658,ENSMUSG00000050751.10,-,Pgbd5,protein_coding,1.82397775509101,2.66355438378256,2.63343912281757
chr8,72377841,72378342,0.9393986356740928,chr8,72339001,72423474,ENSMUSG00000006276.9,-,Eps15l1,protein_coding,0.504239584171917,0.885648355897924,0.972652138327093
chr11,69419454,69419955,0.7091923264389872,chr11,69418809,69551110,ENSMUSG00000005237.9,-,Dnah2,protein_coding,2.16636265792379,3.32448599266161,3.54654113022668
chr16,10549522,10550023,0.2719885584797203,chr16,10543339,10746878,ENSMUSG00000068663.9,+,Clec16a,protein_coding,5.37855556450045,6.82742351972056,6.49758095127351
chr15,77759929,77760430,0.2850881752104245,chr15,77758587,77844175,ENSMUSG00000022443.12,-,Myh9,protein_coding,7.92465420556605,9.7883971274987,9.66035457113984
chr9,72456297,72456798,0.6078297167816697,chr9,72436011,72461199,ENSMUSG00000032221.10,+,Mns1,protein_coding,1.0831813289619,0.9715694650522,1.65417030327737
chr9,72456297,72456798,0.6078297167816697,chr9,72448394,72494212,ENSMUSG00000090626.5,-,Tex9,protein_coding,1.0831813289619,0.9715694650522,1.65417030327737
chr16,93607604,93608105,0.4044014699610943,chr16,93605837,93612505,ENSMUSG00000051483.8,+,Cbr1,protein_coding,5.36610520439744,6.90673531278605,7.10631562287958
chr5,124445188,124445689,0.349272234724422,chr5,124437930,124464308,ENSMUSG00000049327.13,+,Setd8,protein_coding,10.6948593284858,13.0335713270948,13.6303632990055
chr11,95223455,95223956,1.237010816082579,chr11,95221290,95227632,ENSMUSG00000085992.1,-,Gm11515,lincRNA,0.535365484429443,0.793117930654857,1.27040279291702
chr19,53353800,53354301,0.6567170388386357,chr19,53308506,53377810,ENSMUSG00000025025.9,+,Mxi1,protein_coding,1.3321885310221,1.67215697046399,2.10410462576881
chr9,42647552,42648053,0.5477933865097864,chr9,42516135,42946493,ENSMUSG00000032017.10,-,Grik4,protein_coding,2.82623174338334,3.45667231443742,4.13542575819342
chr5,107441814,107442315,0.7482911883440289,chr5,107435997,107493628,ENSMUSG00000070632.3,+,Btbd8,protein_coding,1.30106263076458,2.10176251623537,2.19012148153924
chr6,51883698,51884199,0.4691761769956396,chr6,51857166,52014549,ENSMUSG00000059182.5,-,Skap2,protein_coding,1.0831813289619,1.56640791304334,1.50198663537585
chr9,60373045,60373546,0.2522015457904982,chr9,59964931,60524046,ENSMUSG00000032289.11,-,Thsd4,protein_coding,4.78093827955595,5.61130935938312,5.69696252448726
chr1,180510333,180510834,0.3354247881068121,chr1,180506778,180521727,ENSMUSG00000102608.1,-,RP23-453G13.2,lincRNA,2.7826554830228,3.35753257310556,3.51345772416113
chr10,106626161,106626662,0.3049506461881248,chr10,106468310,106935467,ENSMUSG00000053825.10,+,Ppfia2,protein_coding,1.29483745071307,1.51353338433302,1.60123685357249
chr4,126051585,126052086,0.3603459703239762,chr4,126044925,126057532,ENSMUSG00000028861.9,+,Mrps15,protein_coding,3.64173033013051,5.19492244578932,4.6779936176684
chr2,145880857,145881358,0.4693091504084153,chr2,145782734,145889616,ENSMUSG00000001768.11,+,Rin2,protein_coding,3.54835262935793,4.80497279655068,4.91619414134034
chr4,154085791,154086292,0.4895348873766844,chr4,154054253,154142208,ENSMUSG00000029026.12,-,Trp73,protein_coding,3.98411523296329,5.40642056063061,5.59771230629062
chr6,122458920,122459421,0.276399950919806,chr6,122454904,122459374,ENSMUSG00000055093.10,+,Gm8430,processed_pseudogene,1.19523456988899,1.36151911429084,1.44905318567098
chr6,122458920,122459421,0.276399950919806,chr6,122445296,122488313,ENSMUSG00000040649.11,-,Rimklb,protein_coding,1.19523456988899,1.36151911429084,1.44905318567098
chr13,99470336,99470837,0.3156762654528182,chr13,99419464,99518602,ENSMUSG00000052727.5,-,Map1b,protein_coding,2.42782022008701,2.93453634342297,3.02382331439103
chr4,102940708,102941209,0.4040521974517371,chr4,102739297,102975628,ENSMUSG00000028524.17,+,Sgip1,protein_coding,1.66834825380338,1.63250107393125,2.20997152517857
chr5,147966557,147967058,1.1578866025546246,chr5,147955320,148318065,ENSMUSG00000029651.12,+,Mtus2,protein_coding,2.2018867859583415,2.362097661652251,2.8645285479798765
chr7,120190018,120190519,0.3777797429341238,chr7,120184380,120204111,ENSMUSG00000030905.5,-,Crym,protein_coding,3.1499411060616,4.36875793469051,4.09572567091477
chr6,48860054,48860555,0.5426122133174056,chr6,48858356,48866297,ENSMUSG00000073090.3,+,Gm7932,protein_coding,1.31973817091909,1.7382501313519,1.92545423301486
chr19,46329891,46330392,0.4031972591773874,chr19,46326184,46332446,ENSMUSG00000025226.7,+,Fbxl15,protein_coding,4.04014185342684,5.22796902623327,5.34627842019246
chr19,46329891,46330392,0.4031972591773874,chr19,46327812,46340660,ENSMUSG00000036748.11,-,Cuedc2,protein_coding,4.04014185342684,5.22796902623327,5.34627842019246
chr4,119917459,119917960,0.845073148504719,chr4,119731784,120140045,ENSMUSG00000028634.12,+,Hivep3,protein_coding,0.85907484710771,1.22272347642624,1.54830340386762
chr5,129173369,129173870,0.8566133924331392,chr5,129094750,129206599,ENSMUSG00000044017.12,+,Gpr133,protein_coding,2.6878130923726125,2.9934630175074655,4.191135212332902
chr1,59170255,59170756,0.5729241018334683,chr1,59149047,59171320,ENSMUSG00000101586.1,+,Gm29017,antisense,1.70569933411241,2.25377678627755,2.54080558583404
chr1,59170255,59170756,0.5729241018334683,chr1,59160926,59239231,ENSMUSG00000026024.10,-,Als2,protein_coding,1.70569933411241,2.25377678627755,2.54080558583404
chr16,41034692,41035193,0.2865973747429219,chr16,39982361,42183679,ENSMUSG00000061080.7,+,Lsamp,protein_coding,4.15842027440544,4.07794802678372,5.07499449045497
chr2,85021373,85021874,0.5099067625984228,chr2,84996583,85039462,ENSMUSG00000027071.10,-,P2rx3,protein_coding,1.51271875251575,1.48048680388907,2.15703807547369
chr15,99619708,99620209,0.524614307412989,chr15,99618496,99653656,ENSMUSG00000023015.9,-,Racgap1,protein_coding,1.91113027581208,2.36613515978699,2.75253938465354
chr5,113086391,113086892,0.5052238614697108,chr5,113084323,113165351,ENSMUSG00000051339.8,-,2900026A02Rik,protein_coding,3.33047132755525,4.97020569877044,4.73092706737328
chr2,25288806,25289307,0.3914195814962727,chr2,25286145,25291189,ENSMUSG00000026963.4,+,Tmem210,protein_coding,9.52154873849865,10.700193361369912,10.508119632621963
chr2,25288806,25289307,0.3914195814962727,chr2,25287915,25293180,ENSMUSG00000026961.6,+,Lrrc26,protein_coding,9.52154873849865,10.700193361369912,10.508119632621963
chr2,25288806,25289307,0.3914195814962727,chr2,25289181,25321187,ENSMUSG00000026959.9,-,Grin1,protein_coding,9.52154873849865,10.700193361369912,10.508119632621963
chr2,25288806,25289307,0.3914195814962727,chr2,25289220,25300925,ENSMUSG00000085830.1,+,Grin1os,antisense,9.52154873849865,10.700193361369912,10.508119632621963
chr1,36528207,36528708,0.5807172067568073,chr1,36525534,36530237,ENSMUSG00000102845.1,-,RP23-294I17.6,antisense,1.30728781081608,1.88365508530529,1.95853763908041
chr1,36528207,36528708,0.5807172067568073,chr1,36509867,36530237,ENSMUSG00000001138.9,+,Cnnm3,protein_coding,1.30728781081608,1.88365508530529,1.95853763908041
chr1,36528207,36528708,0.5807172067568073,chr1,36528188,36538883,ENSMUSG00000067653.7,-,Ankrd23,protein_coding,1.30728781081608,1.88365508530529,1.95853763908041
chr1,36528207,36528708,0.5807172067568073,chr1,36528193,36541429,ENSMUSG00000103661.1,-,ANKRD23,protein_coding,1.30728781081608,1.88365508530529,1.95853763908041
chr5,117938150,117938651,0.7498018639175477,chr5,117933725,117941518,ENSMUSG00000098072.1,-,Gm26995,antisense,1.42556623179468,2.33969789543183,2.40185528035874
chr5,117938150,117938651,0.7498018639175477,chr5,117779032,117960840,ENSMUSG00000029361.14,+,Nos1,protein_coding,1.42556623179468,2.33969789543183,2.40185528035874
chr7,107594843,107595344,0.7482911883440289,chr7,107593051,107750582,ENSMUSG00000036528.10,+,Ppfibp2,protein_coding,1.30106263076458,1.78451534397343,2.19012148153924
chr7,131776323,131776824,0.3373944660032909,chr7,130160451,133125350,ENSMUSG00000030849.13,-,Fgfr2,protein_coding,5.02994548161616,6.78115830709903,6.35863064579821
chr12,69939715,69940216,0.2555527733936426,chr12,69891105,69966085,ENSMUSG00000021066.8,+,Atl1,protein_coding,2.6643770620442,2.40579105631973,3.18262366350566
chr2,127034891,127035392,0.3149077707662993,chr2,127006717,127069909,ENSMUSG00000001998.11,+,Ap4e1,protein_coding,2.54609864106561,2.94114565951176,3.16939030107944
chr5,109598803,109599304,-0.5659449639406959,chr5,109597079,109601163,ENSMUSG00000098393.1,+,Gm28000,misc_RNA,3.7537835710576,4.08455734287252,2.53418890462093
chrX,169986790,169987291,-0.2787981677288368,chrX,169977047,169987232,ENSMUSG00000087263.1,-,Gm15726,antisense,13.0977788283668,12.7097148387441,10.7984237397947
chrX,169986790,169987291,-0.2787981677288368,chrX,169983801,169988939,ENSMUSG00000086695.1,-,Gm15247,antisense,13.0977788283668,12.7097148387441,10.7984237397947
chrX,169986790,169987291,-0.2787981677288368,chrX,169683199,170007736,ENSMUSG00000035299.12,+,Mid1,protein_coding,13.0977788283668,12.7097148387441,10.7984237397947
chr7,51627004,51627505,-1.13371695547594,chr7,51619830,51673125,ENSMUSG00000030500.5,+,Slc17a6,protein_coding,2.5336482809626,1.30203526949172,1.15130253108105
chr14,6286895,6287396,-1.0550661228955178,chr14,6257747,6289250,ENSMUSG00000079396.4,-,Gm3411,protein_coding,2.83868210348635,2.02245072316989,1.36303632990055
chr3,142242688,142243189,-1.379122674943604,chr3,142237586,142397696,ENSMUSG00000028273.11,-,Pdlim5,protein_coding,3.12504038585558,1.63250107393125,1.19761929957282
chr3,126596022,126596523,-0.71322455506193,chr3,126594302,126846913,ENSMUSG00000053819.12,+,Camk2d,protein_coding,9.44982331818481,6.43086455439314,5.76312933661836
chr6,8509067,8509568,-0.6681593668925596,chr6,8486795,8512430,ENSMUSG00000087305.4,-,A430035B10Rik,processed_transcript,38.683268840053,26.7280742630687,24.3493868642429
chr6,8509067,8509568,-0.6681593668925596,chr6,8507600,8599548,ENSMUSG00000029638.13,+,Glcci1,protein_coding,38.683268840053,26.7280742630687,24.3493868642429
chr6,8509067,8509568,-0.6681593668925596,chr6,8257288,8599480,ENSMUSG00000089862.4,+,Gm16039,protein_coding,38.683268840053,26.7280742630687,24.3493868642429
chr6,110645241,110645742,-0.6964415777662369,chr6,110637753,110647916,ENSMUSG00000092448.1,-,Gm20387,processed_transcript,27.0048310634293,17.9641211293325,16.6674199758228
chr6,110645241,110645742,-0.6964415777662369,chr6,110643581,111569230,ENSMUSG00000056755.9,+,Grm7,protein_coding,27.0048310634293,17.9641211293325,16.6674199758228
chr3,142169025,142169526,-0.8267728513108896,chr3,141835136,142171425,ENSMUSG00000052430.11,-,Bmpr1b,protein_coding,5.78941744789979,4.14404118767163,3.26202383806297
chr8,41041680,41042181,-1.029859675974932,chr8,41037756,41044053,ENSMUSG00000086773.1,+,Gm16192,antisense,3.18106700631913,1.79112466006222,1.55492008508073
chr8,41041680,41042181,-1.029859675974932,chr8,40988914,41135726,ENSMUSG00000045636.12,-,Mtus1,protein_coding,3.18106700631913,1.79112466006222,1.55492008508073
chr18,47368694,47369195,-0.6863483852041262,chr18,47233598,47370870,ENSMUSG00000019647.12,-,Sema6a,protein_coding,7.14650669912791,4.40180451513446,4.43979309399646
chr5,50058764,50059265,-0.7148220574970789,chr5,49957951,50060996,ENSMUSG00000029090.8,-,Gpr125,protein_coding,3.55457780940944,2.28021405063271,2.1636547566868
chr18,33891143,33891644,-1.0435263759626938,chr18,33794327,34009206,ENSMUSG00000024376.6,-,Epb4.1l4a,protein_coding,1.9298058159666,1.20289552815987,0.932952051048437
chrY,90806986,90807487,-0.2731856951772161,chrY,90782738,90818464,ENSMUSG00000096768.3,+,Erdr1,protein_coding,4.74981237929843,4.97681501485923,3.93030864058703
chr4,47352862,47353363,-0.5837390001999214,chr4,47351222,47416931,ENSMUSG00000007613.11,+,Tgfbr1,protein_coding,7.07180453850985,5.37998329627545,4.71769370494706
chr3,126596683,126597184,-0.7009986201430616,chr3,126594302,126846913,ENSMUSG00000053819.12,+,Camk2d,protein_coding,9.10121323530053,6.58287882443532,5.59771230629062
chr9,94538090,94538591,-0.5973407623865423,chr9,94515864,94540081,ENSMUSG00000045414.7,-,1190002N15Rik,protein_coding,50.0193217138439,33.9851033285606,33.0701727031212
chr4,74013333,74013834,-0.7578227065435905,chr4,74011442,74204214,ENSMUSG00000049122.13,+,Frmd3,protein_coding,10.7197600486919,7.93778862263736,6.33878060215888
chr5,17574375,17574876,-0.8020634424073747,chr5,17572281,17732268,ENSMUSG00000028780.9,+,Sema3c,protein_coding,6.17537861109311,4.01185486589582,3.53992444901357
chr18,34006347,34006848,-0.6342015628496689,chr18,33794327,34009206,ENSMUSG00000024376.6,-,Epb4.1l4a,protein_coding,4.08994329383888,2.59085190680587,2.63343912281757
chr17,3493709,3494210,-0.8762065961137835,chr17,3324573,3521397,ENSMUSG00000023800.10,+,Tiam2,protein_coding,1.94848135612111,1.48709611997786,1.05866899409752
chr6,28981142,28981643,-0.578489254392557,chr6,28979634,29024165,ENSMUSG00000092090.1,+,Gm3294,lincRNA,19.0864020379148,13.6680656716187,12.7834281037275
chr12,36241148,36241649,-1.1735065959431965,chr12,36206345,36255398,ENSMUSG00000020545.7,-,Lrrc72,protein_coding,3.52967708920342,1.94974824619319,1.56153676629384
chr18,21300226,21300727,-0.6708567087430433,chr18,21300198,21304307,ENSMUSG00000077588.1,+,Gm24372,misc_RNA,60.6270285216086,40.1582045554909,38.0922337438713
chr18,21300226,21300727,-0.6708567087430433,chr18,21125201,21302138,ENSMUSG00000042680.7,-,Garem,protein_coding,60.6270285216086,40.1582045554909,38.0922337438713
chrX,170004197,170004698,-0.5397368788461765,chrX,169683199,170007736,ENSMUSG00000035299.12,+,Mid1,protein_coding,2.04185905689369,2.10837183232416,1.40273641717921
chr2,132607232,132607733,-0.7608968496918341,chr2,132596195,132655068,ENSMUSG00000074783.6,+,AU019990,lincRNA,9.03896143478547,6.80759557145419,5.33304505776624
chr4,63267105,63267606,-1.2729049680387712,chr4,63212004,63336991,ENSMUSG00000045672.11,+,Col27a1,protein_coding,2.95073534441344,1.83078055659496,1.21746934321214
chr2,109693255,109693756,-0.6187169945364293,chr2,109672700,109729007,ENSMUSG00000048482.10,+,Bdnf,protein_coding,17.3309012633903,11.3151491440093,11.2880581495648
chr9,123461806,123462307,-0.7485469114259176,chr9,123364940,123464664,ENSMUSG00000035202.7,+,Lars2,protein_coding,108.044224973923,64.7118138253476,64.3273747538503
chr11,46682749,46683250,-0.8351693668915082,chr11,46666960,46709061,ENSMUSG00000040413.11,-,Timd2,protein_coding,5.64623830671517,3.52276547532533,3.16277361986633
chr1,165460314,165460815,-0.540674312316808,chr1,165458637,165483214,ENSMUSG00000026568.6,+,Mpc2,protein_coding,40.7126775368437,29.3321448020521,27.9951782126662
chr1,165460314,165460815,-0.540674312316808,chr1,165326698,165462475,ENSMUSG00000026571.8,-,Dcaf6,protein_coding,40.7126775368437,29.3321448020521,27.9951782126662
chr2,43783683,43784184,-0.78939218301441,chr2,43746824,44397953,ENSMUSG00000049744.11,+,Arhgap15,protein_coding,4.32650013579608,2.775912757292,2.50110549855538
chr8,44934947,44935448,-0.6875289206770481,chr8,44933447,45054257,ENSMUSG00000070047.8,+,Fat1,protein_coding,6.44928653335933,4.21013434855953,4.00309213393123
chr7,105762423,105762924,-0.4625314359485421,chr7,105750989,105789654,ENSMUSG00000036862.10,-,Dchs1,protein_coding,1.89867991570907,1.30864458558051,1.37626969232677
chr7,105762423,105762924,-0.4625314359485421,chr7,105760321,105865650,ENSMUSG00000086414.2,+,Gm15645,transcribed_processed_pseudogene,1.89867991570907,1.30864458558051,1.37626969232677
chr1,53647839,53648340,-1.3979295525070152,chr1,53395006,53708784,ENSMUSG00000096141.2,-,Dnah7a,protein_coding,2.08543531725422,0.839383143276391,0.787385064360028
chr1,18307345,18307846,-1.2916045286113698,chr1,18305824,18315906,ENSMUSG00000101738.1,+,Gm29006,lincRNA,3.03788786513451,1.79773397615101,1.23731938685147
chr5,48076797,48077298,-1.2763149012604438,chr5,47981155,48308282,ENSMUSG00000031558.11,+,Slit2,protein_coding,2.0605345970482,1.20950484424866,0.846935195278013
chr18,33908125,33908626,-0.669143682823521,chr18,33794327,34009206,ENSMUSG00000024376.6,-,Epb4.1l4a,protein_coding,3.51722672910041,2.21412088974481,2.20997152517857
chr10,77902325,77902826,-0.4794399694420558,chr10,77895575,77904536,ENSMUSG00000051652.4,-,Lrrc3,protein_coding,3.21219290657666,2.97419223995572,2.3026050621621
chr12,50597407,50597908,-0.8514205509797566,chr12,50339231,50651223,ENSMUSG00000002688.7,-,Prkd1,protein_coding,7.04690381830383,4.28283682553623,3.90384191573459
chr14,86864912,86865413,-1.1291984165036977,chr14,86653367,87143224,ENSMUSG00000022021.9,-,Diap3,protein_coding,3.144315493083048,1.6595748541597835,2.235174988082307
chrY,90761213,90761714,-0.364359085022013,chrY,90751057,90765485,ENSMUSG00000095134.2,+,Gm21857,unprocessed_pseudogene,5.75829154764226,5.96160311208901,4.47287650006201
chr13,15571143,15571644,-0.8986969258117428,chr13,15461235,15732026,ENSMUSG00000021318.11,+,Gli3,protein_coding,2.58344972137464,1.34830048211326,1.38288637353988
chr4,25799643,25800144,-0.6556391595069179,chr4,25607332,25802244,ENSMUSG00000055373.8,-,Fut9,protein_coding,19.926801344868,14.4810115505399,12.6510944794653
chr18,25724364,25724865,-0.6372881957108227,chr18,25475632,25755983,ENSMUSG00000024268.11,-,Celf4,protein_coding,9.29419381689719,6.20614780737426,5.97486313543786
chr15,68928113,68928614,-0.4920304500066623,chr15,68926420,69095512,ENSMUSG00000022332.7,+,Khdrbs3,protein_coding,18.9618984368847,14.038187372591,13.4847963123171
chr14,69028777,69029278,-0.6396121237579653,chr14,69027289,69043401,ENSMUSG00000014813.8,+,Stc1,protein_coding,4.8369649000195,3.56903068794686,3.10322348894835
chr10,69212808,69213309,-0.4683672937959877,chr10,69207762,69215098,ENSMUSG00000090622.1,-,A930033H14Rik,protein_coding,12.9795004073882,9.62977354136773,9.38245396018924
chr10,69212808,69213309,-0.4683672937959877,chr10,69149434,69293791,ENSMUSG00000019944.10,+,Rhobtb1,protein_coding,12.9795004073882,9.62977354136773,9.38245396018924
chr1,7397752,7398253,-0.6349777768354854,chr1,7347406,7399869,ENSMUSG00000097797.2,-,Gm26901,lincRNA,49.7391886115261,32.4781792603164,32.0379704338761
chr1,103421505,103422006,-0.9749153325053384,chr1,103361986,103425658,ENSMUSG00000099469.1,+,Gm29141,unprocessed_pseudogene,6.1691534310416,4.00524554980703,3.13630689501389
chr10,123469579,123470080,-0.9202147446832294,chr10,123262076,123743204,ENSMUSG00000044071.7,+,Fam19a2,protein_coding,8.16743622757475,4.91733117006012,4.31407615094738
chr3,129071757,129072258,-1.117484463124402,chr3,129065805,129072544,ENSMUSG00000099640.1,-,Gm28543,lincRNA,1.87377919550305,1.31525390166931,0.860168557704232
chr15,60824693,60825194,-0.7026903642495079,chr15,60820271,60833793,ENSMUSG00000097493.3,+,9930014A18Rik,processed_transcript,16.895138659785,10.1651281445598,10.3815728233688
chr15,60824693,60825194,-0.7026903642495079,chr15,60816994,60855778,ENSMUSG00000072568.4,-,Fam84b,protein_coding,16.895138659785,10.1651281445598,10.3815728233688
chr3,131564486,131564987,-0.5483293087037716,chr3,131562768,131645670,ENSMUSG00000028032.9,+,Papss1,protein_coding,48.5128281413796,34.3948809260656,33.182656283744
chr5,30711569,30712070,-0.440546797305281,chr5,30709564,30801375,ENSMUSG00000029168.10,+,Dpysl5,protein_coding,9.27551827674267,7.40243401944534,6.83503169314209
chr13,15545420,15545921,-0.9102950813851216,chr13,15461235,15732026,ENSMUSG00000021318.11,+,Gli3,protein_coding,8.12385996721422,4.73227031957398,4.32069283216049
chr13,78203925,78204426,-0.6657611511633308,chr13,78196017,78281391,ENSMUSG00000087143.5,+,A830082K12Rik,antisense,7.56981894263026,5.26101560667722,4.77062715465193
chr15,43476902,43477403,-0.6132431615698117,chr15,43428943,43479036,ENSMUSG00000072592.2,-,Gm10373,lincRNA,29.8621887070702,18.770457692165,19.5258262598861
chr15,43476902,43477403,-0.6132431615698117,chr15,43475229,43529777,ENSMUSG00000022337.6,+,Emc2,protein_coding,29.8621887070702,18.770457692165,19.5258262598861
chr10,77902846,77903347,-0.7579427946413825,chr10,77895575,77904536,ENSMUSG00000051652.4,-,Lrrc3,protein_coding,2.80133102317732,2.28021405063271,1.65417030327737
chr10,57794445,57794946,-0.4947761385302892,chr10,57792335,57813830,ENSMUSG00000019872.9,+,Smpdl3a,protein_coding,3.33047132755525,2.47849353329643,2.36215519308008
chr7,105761795,105762296,-0.4759320645082882,chr7,105750989,105789654,ENSMUSG00000036862.10,-,Dchs1,protein_coding,1.64967271364886,1.48048680388907,1.1843859371466
chr7,105761795,105762296,-0.4759320645082882,chr7,105760321,105865650,ENSMUSG00000086414.2,+,Gm15645,transcribed_processed_pseudogene,1.64967271364886,1.48048680388907,1.1843859371466
chr2,43787205,43787706,-0.8150685744311468,chr2,43746824,44397953,ENSMUSG00000049744.11,+,Arhgap15,protein_coding,5.69603974712721,3.14603445826427,3.23555711321054
chr2,27174178,27174679,-0.4886490787746591,chr2,27163233,27185200,ENSMUSG00000000889.8,+,Dbh,protein_coding,3.54835262935793,3.39718846963831,2.52757222340782
chr2,43978596,43979097,-0.8780143489514827,chr2,43746824,44397953,ENSMUSG00000049744.11,+,Arhgap15,protein_coding,3.08146412549505,1.89026440139408,1.6740203469167
chrX,112600481,112600982,-0.8151102955387679,chrX,112598526,112637070,ENSMUSG00000025529.10,+,Zfp711,protein_coding,12.2947306017227,8.53262707062851,6.98721536104361
chr1,149862122,149862623,-0.8673905257082122,chr1,149827618,149963290,ENSMUSG00000056220.10,-,Pla2g4a,protein_coding,5.67736420697269,3.60207726839081,3.10984017016146
chrX,16619446,16619947,-0.7909134815840455,chrX,16617698,16689818,ENSMUSG00000025037.6,+,Maoa,protein_coding,13.3032097700665,9.08120030599812,7.68858356963321
chr11,46755664,46756165,-1.1159448529318616,chr11,46733080,46781578,ENSMUSG00000040405.9,+,Havcr1,protein_coding,2.97563606461946,1.63911039002004,1.36965301111366
chr7,35683682,35684183,-0.6445381308830659,chr7,35683165,35756454,ENSMUSG00000043671.10,-,Dpy19l3,protein_coding,4.843190080071,4.11760392331647,3.09660680773524
chr1,146494670,146495171,-0.7533041304875195,chr1,146417436,146497060,ENSMUSG00000099964.2,-,Gm29514,antisense,5.96994766939344,4.48772562428873,3.53992444901357
chr1,146494670,146495171,-0.7533041304875195,chr1,146492760,146904472,ENSMUSG00000035131.10,+,Brinp3,protein_coding,5.96994766939344,4.48772562428873,3.53992444901357
chr10,83094221,83094722,-0.5964752318890951,chr10,82983498,83197900,ENSMUSG00000034612.7,+,Chst11,protein_coding,3.04411304518602,2.69660096422652,2.01147108878528
chr18,21250037,21250538,-0.791559112748566,chr18,21125201,21302138,ENSMUSG00000042680.7,-,Garem,protein_coding,7.18385777943694,4.20352503247074,4.14865912061964
chr1,9943903,9944404,-0.6407806302260635,chr1,9940463,9944549,ENSMUSG00000093178.1,-,Snord87,snoRNA,21.9811107618647,16.2324803140694,14.1001476651363
chr1,9943903,9944404,-0.6407806302260635,chr1,9906638,9944085,ENSMUSG00000046101.12,+,Mcmdc2,protein_coding,21.9811107618647,16.2324803140694,14.1001476651363
chr1,9943903,9944404,-0.6407806302260635,chr1,9939959,9946118,ENSMUSG00000098234.3,-,Snhg6,lincRNA,21.9811107618647,16.2324803140694,14.1001476651363
chr5,50058136,50058637,-0.6388546454781275,chr5,49957951,50060996,ENSMUSG00000029090.8,-,Gpr125,protein_coding,1.96093171622412,1.86382713703891,1.2571694304908
chr2,43977306,43977807,-0.7966467980994929,chr2,43746824,44397953,ENSMUSG00000049744.11,+,Arhgap15,protein_coding,7.28968584031253,5.08917338836867,4.19497588911141
chr15,58823337,58823838,-0.5293519976061848,chr15,58780269,58825530,ENSMUSG00000062373.7,-,Tmem65,protein_coding,37.0149205862496,27.7326903085648,25.6528730632254
chr6,105677424,105677925,-0.7170160174804299,chr6,105672755,105679581,ENSMUSG00000085067.1,-,Gm15631,processed_transcript,7.88730312525702,4.81819142872826,4.79709387950437
chr6,105677424,105677925,-0.7170160174804299,chr6,105675660,106701310,ENSMUSG00000064293.10,+,Cntn4,protein_coding,7.88730312525702,4.81819142872826,4.79709387950437
chr1,21609477,21609978,-0.8878406711025042,chr1,21396403,21963942,ENSMUSG00000028033.12,-,Kcnq5,protein_coding,3.60437924982148,2.18768362538965,1.94530427665419
chr7,44364167,44364668,-0.3105337993099273,chr7,44358043,44387820,ENSMUSG00000008028.11,-,1700008O03Rik,protein_coding,6.2541955369199345,4.672694362804085,4.075649177718781
chr4,19441301,19441802,-0.9613755031160272,chr4,19278850,19512623,ENSMUSG00000056494.7,+,Cngb3,protein_coding,8.40399306953195,5.30728081929875,4.31407615094738
chr13,90935861,90936362,-0.8798365364164511,chr13,90933349,91225987,ENSMUSG00000021619.5,-,Atg10,protein_coding,4.07126775368437,2.55119601027312,2.20997152517857
chr12,49383590,49384091,-0.6794683844695821,chr12,49380693,49388867,ENSMUSG00000020950.9,+,Foxg1,protein_coding,49.602234650393,31.6916706457503,30.9793014397786
chr12,49383590,49384091,-0.6794683844695821,chr12,49383174,49409346,ENSMUSG00000089922.1,+,3110039M20Rik,protein_coding,49.602234650393,31.6916706457503,30.9793014397786
chr3,114031733,114032234,-0.8425510419325442,chr3,114028540,114222718,ENSMUSG00000027966.15,+,Col11a1,protein_coding,4.88054116038004,2.76269412511442,2.719455978588
chr13,28720602,28721103,-0.9176644304525524,chr13,28458034,28887620,ENSMUSG00000085936.3,-,2610307P16Rik,processed_transcript,3.47987564879138,2.00923209099231,1.83943737724444
chr3,133330489,133330990,-0.976991451788487,chr3,133308110,133380235,ENSMUSG00000028013.12,+,Ppa2,protein_coding,4.55060661765026,2.70321028031531,2.30922174337521
chr5,4757836,4758337,-0.6468782020372719,chr5,4751873,4760035,ENSMUSG00000044674.5,-,Fzd1,protein_coding,13.851025614599,9.6496014896341,8.84650278192737
chr6,85187200,85187701,-0.407948308332006,chr6,85185438,85206462,ENSMUSG00000033726.8,+,Emx1,protein_coding,7.19008295948845,6.16649191084152,5.41906191353666
chr18,7868884,7869385,-0.5203821634494817,chr18,7866832,7975547,ENSMUSG00000024283.10,+,Wac,protein_coding,28.2374167136274,20.3566935534747,19.6912432902138
chr1,14304462,14304963,-0.9339398959990652,chr1,14166954,14312235,ENSMUSG00000025932.10,-,Eya1,protein_coding,2.10411085740874,1.20289552815987,1.09836908137617
chr18,78351114,78351615,-0.935403127446852,chr18,78347754,78352701,ENSMUSG00000090451.1,+,Gm6133,protein_coding,3.15616628611311,1.98940414272593,1.64755362206426
chr18,24750835,24751336,-0.7424246284371211,chr18,24707445,25135500,ENSMUSG00000034295.9,+,Fhod3,protein_coding,6.51153833387438,4.73227031957398,3.89060855330837
chr14,61556657,61557158,-0.4657538500510405,chr14,61529993,61558886,ENSMUSG00000021930.10,-,Spryd7,protein_coding,38.7890969009286,28.8364460953929,28.0944284308628
chr10,25359532,25360033,-0.5305629142341604,chr10,25357798,25525519,ENSMUSG00000019978.11,+,Epb4.1l2,protein_coding,9.05141179488849,6.41764592221555,6.26599710881468
chr5,148171775,148172276,-0.9349867394881524,chr5,147955320,148318065,ENSMUSG00000029651.12,+,Mtus2,protein_coding,2.40914467993249,1.65232902219762,1.2571694304908
chr1,72226255,72226756,-0.7581865610145957,chr1,72224240,72228430,ENSMUSG00000094655.1,+,Gm25360,snRNA,10.856714009825,7.31651291029106,6.41818077671619
chr1,131527353,131527854,-0.5578172242402097,chr1,131525903,131541872,ENSMUSG00000055184.4,+,Fam72a,protein_coding,55.8336398819497,41.195867181431,37.9400500759698
chr1,131527353,131527854,-0.5578172242402097,chr1,131283251,131529352,ENSMUSG00000026425.11,-,Srgap2,protein_coding,55.8336398819497,41.195867181431,37.9400500759698
chr2,115955433,115955934,-1.2016212604740342,chr2,115861064,116067839,ENSMUSG00000027210.16,-,Meis2,protein_coding,2.56477418122012,1.5267520165106,1.11160244380239
chr18,38600586,38601087,-0.5022031450645924,chr18,38584268,38603268,ENSMUSG00000024427.6,-,Spry4,protein_coding,5.6898145670757,3.82679401540969,4.01632549635745
chr18,38600586,38601087,-0.5022031450645924,chr18,38599534,39378284,ENSMUSG00000036452.13,+,Arhgap26,protein_coding,5.6898145670757,3.82679401540969,4.01632549635745
chr3,144205304,144205805,-0.5819685264736363,chr3,144186530,144207220,ENSMUSG00000028266.13,-,Lmo4,protein_coding,24.3404540013851,18.2218844567953,16.2638024218231
chr2,121866621,121867122,-0.382840890810249,chr2,121863781,121868717,ENSMUSG00000086913.1,-,Gm14019,antisense,15.3886450873207,13.6350190911748,11.8041592841873
chr2,121866621,121867122,-0.382840890810249,chr2,121864970,121938220,ENSMUSG00000060227.11,+,Casc4,protein_coding,15.3886450873207,13.6350190911748,11.8041592841873
chr6,46255646,46256147,-1.23647574620916,chr6,45058061,47303369,ENSMUSG00000039419.12,+,Cntnap2,protein_coding,2.19126337812981,1.36151911429084,0.926335369835327
chr4,136810643,136811144,-0.5739543685289591,chr4,136645539,136837988,ENSMUSG00000028664.10,-,Ephb2,protein_coding,2.46517130039604,1.91009234966045,1.65417030327737
chr10,25360092,25360593,-0.672010888154068,chr10,25357798,25525519,ENSMUSG00000019978.11,+,Epb4.1l2,protein_coding,2.67060224209571,1.70520355090794,1.6740203469167
chr18,64516361,64516862,-0.429100733644022,chr18,64497665,64518557,ENSMUSG00000024587.9,-,Nars,protein_coding,22.1865417035643,17.5873901122715,16.4821529018557
chr14,93890599,93891100,-0.6321948253132837,chr14,93011410,93892679,ENSMUSG00000055421.4,-,Pcdh9,protein_coding,47.5417000533448,30.9910831403386,30.6815507851887
chr14,76504182,76504683,-0.5114760849310259,chr14,76412961,76509765,ENSMUSG00000022010.15,+,Tsc22d1,protein_coding,32.8440499517412,24.7584980686091,23.0459006652603
chr6,47182125,47182626,-0.7448129946510818,chr6,45058061,47303369,ENSMUSG00000039419.12,+,Cntnap2,protein_coding,5.8018678080028,3.49632821097016,3.46052427445626
chr10,40698875,40699376,-0.7104589493921278,chr10,40681282,40813083,ENSMUSG00000045555.3,+,Mettl24,protein_coding,1.89867991570907,1.33508184993568,1.15791921229416
chr3,142140736,142141237,-1.1333088957812698,chr3,141835136,142171425,ENSMUSG00000052430.11,-,Bmpr1b,protein_coding,2.033164600412289,2.19023186051679,1.631122408988709
chr5,84417198,84417699,-0.6808057726623962,chr5,84055791,84419382,ENSMUSG00000029245.12,-,Epha5,protein_coding,29.5447045244434,18.3408521463936,18.434073859723
chr7,50162240,50162741,-0.5176149256793365,chr7,49972864,50867255,ENSMUSG00000055409.9,+,Nell1,protein_coding,4.48212963708371,3.86644991194243,3.12969021380078
chr10,119869856,119870357,-0.6794630598008169,chr10,119452034,120089261,ENSMUSG00000034813.12,+,Grip1,protein_coding,2.51497274080808,1.77790602788464,1.56815344750695
chr3,65868882,65869383,-0.6772441282423711,chr3,65827116,65874281,ENSMUSG00000103620.1,-,RP23-251B16.2,antisense,5.65246348676667,4.17708776811558,3.53330776780046
chr18,49755371,49755872,-0.5955194485056046,chr18,49694145,49757601,ENSMUSG00000024505.11,-,Dtwd2,protein_coding,49.1166706063756,34.6592535696173,32.51437148122
chr18,49755371,49755872,-0.5955194485056046,chr18,49753794,49759189,ENSMUSG00000087020.1,+,Gm16283,processed_transcript,49.1166706063756,34.6592535696173,32.51437148122
chr6,50327179,50327680,-0.6157851932466909,chr6,50291330,50458201,ENSMUSG00000029822.11,-,Osbpl3,protein_coding,5.513714469121601,3.411688757751754,4.892062393729082
chr18,42638793,42639294,-0.6471013049590633,chr18,42635432,43061471,ENSMUSG00000024500.14,-,Ppp2r2b,protein_coding,2.52119792085958,1.76468739570706,1.6078535347856
chr5,88764738,88765239,-0.5402960463058928,chr5,88762996,88785281,ENSMUSG00000029366.9,+,Dck,protein_coding,27.4468188470862,20.7400338866245,18.8773915010013
chr3,101419592,101420093,-0.8289793697744899,chr3,101375125,101465059,ENSMUSG00000042035.7,+,Igsf3,protein_coding,1.87377919550305,1.52014270042181,1.05205231288441
chr13,28586668,28587169,-1.0763275272426678,chr13,28458034,28887620,ENSMUSG00000085936.3,-,2610307P16Rik,processed_transcript,2.9906448558894936,1.6738278858675928,2.3785850782832223
chr16,7087521,7088022,-0.5645794219164664,chr16,6807222,7414479,ENSMUSG00000008658.11,+,Rbfox1,protein_coding,5.242372012185955,3.5796467253785886,2.5817734314771945
chr5,89135762,89136263,-0.6651013908696201,chr5,88884818,89241653,ENSMUSG00000060961.10,+,Slc4a4,protein_coding,8.08028370685368,6.02108695688813,5.0948445340943
chr6,45241093,45241594,-0.7855138390450532,chr6,45058061,47303369,ENSMUSG00000039419.12,+,Cntnap2,protein_coding,6.15047789088709,4.40180451513446,3.56639117386601
chr6,137252052,137252553,-0.5349886687041323,chr6,137250299,137466629,ENSMUSG00000030223.10,+,Ptpro,protein_coding,4.843190080071,3.13942514217548,3.34142401262029
chr10,7211992,7212493,-0.5179293286176451,chr10,7117063,7214237,ENSMUSG00000015202.9,-,Cnksr3,protein_coding,6.62359157480148,4.69261442304124,4.62506016796353
chr18,52909908,52910409,-0.8367201386751567,chr18,52765709,52917935,ENSMUSG00000024534.11,+,Sncaip,protein_coding,5.53418506578808,2.78913138946958,3.09660680773524
chr7,51624321,51624822,-0.8635931248558268,chr7,51619830,51673125,ENSMUSG00000030500.5,+,Slc17a6,protein_coding,1.97960725637864,0.978178781140991,1.08513571894995
chr3,126597582,126598083,-0.7586629734121061,chr3,126594302,126846913,ENSMUSG00000053819.12,+,Camk2d,protein_coding,2.92583462420742,1.89687371748287,1.72695379662157
chr6,6509321,6509822,-1.2537363430209267,chr6,6481022,6510616,ENSMUSG00000093380.1,+,Gm20685,lincRNA,3.03788786513451,1.22933279251503,1.27040279291702
chr12,34440926,34441427,-0.7403633028290186,chr12,34369503,34530889,ENSMUSG00000004698.9,-,Hdac9,protein_coding,5.39723110465496,3.04028540084362,3.22894043199743
chr2,79454081,79454582,-0.6100940811688351,chr2,79450521,79458751,ENSMUSG00000034701.9,-,Neurod1,protein_coding,7.86862758510251,5.73688636507014,5.15439466501228
chr2,79454081,79454582,-0.6100940811688351,chr2,79451985,79463107,ENSMUSG00000097843.1,+,Gm26755,lincRNA,7.86862758510251,5.73688636507014,5.15439466501228
chr2,79454081,79454582,-0.6100940811688351,chr2,79328543,79458785,ENSMUSG00000075256.5,-,Cerkl,protein_coding,7.86862758510251,5.73688636507014,5.15439466501228
chr2,124089726,124090227,-0.7198576473943774,chr2,124087969,124669770,ENSMUSG00000027200.13,+,Sema6d,protein_coding,3.13126556590709,2.06871593579142,1.89898750816242
chrY,90797733,90798234,-0.4252368985027505,chrY,90782738,90818464,ENSMUSG00000096768.3,+,Erdr1,protein_coding,6.238791848371129,5.005389760830207,4.157184489472898
chr18,67369595,67370096,-0.521694261856876,chr18,67341564,67369794,ENSMUSG00000024526.8,+,Cidea,protein_coding,8.2172376679868,7.15788932416009,5.7234292493397
chr13,9977031,9977532,-0.6048353235745808,chr13,9873486,10362844,ENSMUSG00000046159.11,-,Chrm3,protein_coding,4.55060661765026,3.31126736048403,2.99073990832548
chr18,31634746,31635247,-0.5522217551854107,chr18,31632371,31725061,ENSMUSG00000024260.9,+,Sap130,protein_coding,47.5479252333963,33.6876841045651,32.4349713066627
chr7,51621577,51622078,-0.6053805652248172,chr7,51619830,51673125,ENSMUSG00000030500.5,+,Slc17a6,protein_coding,2.06675977709971,1.30203526949172,1.35641964868744
chr10,63994226,63994727,-1.0790742916692757,chr10,63428098,65005667,ENSMUSG00000060843.7,+,Ctnna3,protein_coding,4.67511021868037,1.89687371748287,2.20997152517857
chr10,63994226,63994727,-1.0790742916692757,chr10,63926472,64092277,ENSMUSG00000042846.8,-,Lrrtm3,protein_coding,4.67511021868037,1.89687371748287,2.20997152517857
chr1,64121460,64121961,-0.5537711872491388,chr1,64027447,64124282,ENSMUSG00000025959.9,-,Klf7,protein_coding,45.2881848747,33.5422791506117,30.8602011779426
chr2,84733779,84734280,-0.5308161111299955,chr2,84732058,84740655,ENSMUSG00000034059.9,+,Ypel4,protein_coding,10.2092952844684,7.24381043331436,7.06661553560092
chr15,25802102,25802603,-0.8144177256545841,chr15,25620525,25815673,ENSMUSG00000022272.13,+,Myo10,protein_coding,4.94901814094659,3.2650021478625,2.81208951557153
chr10,98914103,98914604,-0.5387893273956166,chr10,98913152,99028143,ENSMUSG00000019943.9,+,Atp2b1,protein_coding,50.0379972539984,35.6506509829358,34.4530590766611
chr1,11268134,11268635,-0.9774581671775432,chr1,10991465,11305681,ENSMUSG00000048960.9,+,Prex2,protein_coding,3.95298933270577,2.47849353329643,2.00485440757217
chr3,126643570,126644071,-0.8511021806726301,chr3,126594302,126846913,ENSMUSG00000053819.12,+,Camk2d,protein_coding,3.1437159260101,1.92992029792682,1.74018715904779
chr3,109122966,109123467,-0.7162998279811883,chr3,109121149,109170457,ENSMUSG00000040322.6,+,Slc25a24,protein_coding,2.51497274080808,1.9431389301044,1.52845336022829
chr15,44618830,44619331,-0.5735634412662316,chr15,44617641,44643024,ENSMUSG00000022339.8,+,Ebag9,protein_coding,47.124612989894,33.6942934206539,31.6740529671551
chr12,27342527,27343028,-0.5319572190587035,chr12,27332264,27344574,ENSMUSG00000063632.6,-,Sox11,protein_coding,20.0201790456406,16.0672474118497,13.8487137790381
chr8,109247769,109248270,-0.6645752118931878,chr8,109073222,109275811,ENSMUSG00000097393.3,+,D030068K23Rik,lincRNA,4.97391886115261,3.91271512456396,3.13630689501389
chr2,45112950,45113451,-0.7275561450692751,chr2,45109138,45116087,ENSMUSG00000052248.11,+,Zeb2os,antisense,23.3880014535048,15.2278642685733,14.1266143899887
chr2,45112950,45113451,-0.7275561450692751,chr2,45109171,45113301,ENSMUSG00000098566.1,+,Gm27761,misc_RNA,23.3880014535048,15.2278642685733,14.1266143899887
chr2,45112950,45113451,-0.7275561450692751,chr2,45110488,45114548,ENSMUSG00000098654.1,+,Gm27676,misc_RNA,23.3880014535048,15.2278642685733,14.1266143899887
chr2,45112950,45113451,-0.7275561450692751,chr2,45111313,45115415,ENSMUSG00000099117.1,+,Gm27404,misc_RNA,23.3880014535048,15.2278642685733,14.1266143899887
chr2,45112950,45113451,-0.7275561450692751,chr2,45111908,45115984,ENSMUSG00000098367.1,+,Gm27645,misc_RNA,23.3880014535048,15.2278642685733,14.1266143899887
chr2,45112950,45113451,-0.7275561450692751,chr2,44981634,45119395,ENSMUSG00000026872.12,-,Zeb2,protein_coding,23.3880014535048,15.2278642685733,14.1266143899887
chr6,104629703,104630204,-1.365250030668857,chr6,104490790,104865406,ENSMUSG00000030092.10,+,Cntn6,protein_coding,1.754898420350994,1.74372498670262,1.9113909505203575
chr13,91460735,91461236,-0.6103198377004042,chr13,91458283,91705429,ENSMUSG00000003992.10,+,Ssbp2,protein_coding,55.590857859941,38.0167861427228,36.4248300781677
chr3,129204626,129205127,-0.6718845258509065,chr3,129197878,129221591,ENSMUSG00000028023.12,+,Pitx2,protein_coding,10.6263823479193,7.06535889891702,6.66961466281435
chr10,67038975,67039476,-0.5271698362270293,chr10,67007189,67098988,ENSMUSG00000019873.7,-,Reep3,protein_coding,19.6964696829623,13.4896141372214,13.6700633862842
chr5,130220085,130220586,-0.8315827299532061,chr5,130217744,130245765,ENSMUSG00000053094.11,+,Tmem248,protein_coding,5.736602248783835,4.976534947187838,2.9182756561005188
chr3,102734628,102735129,-0.4375937700805308,chr3,102718231,102737417,ENSMUSG00000086745.1,-,Tspan2os,antisense,3.29934542729773,3.32448599266161,2.43493868642429
chr3,102734628,102735129,-0.4375937700805308,chr3,102732529,102774292,ENSMUSG00000027858.9,+,Tspan2,protein_coding,3.29934542729773,3.32448599266161,2.43493868642429
chr6,144204388,144204889,-0.7423299871305846,chr6,143826425,144783977,ENSMUSG00000041540.12,-,Sox5,protein_coding,4.02146631327233,3.25178351568492,2.40185528035874
chr12,78350717,78351218,-0.778848321089903,chr12,78224655,78686767,ENSMUSG00000047454.7,+,Gphn,protein_coding,23.1452194314961,14.5404953953391,13.4914129935302
chr10,28155814,28156315,-0.5990729361503524,chr10,28072820,28599397,ENSMUSG00000019889.9,+,Ptprk,protein_coding,4.02146631327233,3.25839283177371,2.6532891664569
chr14,86936560,86937061,-0.714012824919725,chr14,86653367,87143224,ENSMUSG00000022021.9,-,Diap3,protein_coding,9.1945909360731,5.57165346285037,5.60432898750373
chr2,139857586,139858087,-0.8317909260775138,chr2,139831480,140068805,ENSMUSG00000039033.7,-,Tasp1,protein_coding,6.26875631186568,3.38396983746072,3.52007440537424
chr6,104493337,104493838,-0.8821290762932545,chr6,104490790,104865406,ENSMUSG00000030092.10,+,Cntn6,protein_coding,1.74927559447295,1.08392783856164,0.946185413474656
chr10,73315823,73316324,-1.0117123292646728,chr10,73199399,73329027,ENSMUSG00000085456.1,-,Gm15398,lincRNA,3.92808861249975,2.775912757292,1.94530427665419
chr10,73315823,73316324,-1.0117123292646728,chr10,73097342,74651737,ENSMUSG00000052613.12,+,Pcdh15,protein_coding,3.92808861249975,2.775912757292,1.94530427665419
chr2,141091234,141091735,-0.7674095768743964,chr2,140393309,142394966,ENSMUSG00000068205.10,+,Macrod2,protein_coding,7.28968584031253,4.47450699211115,4.28099274488183
chr5,35985593,35986094,-0.4609393500328156,chr5,35891319,36005923,ENSMUSG00000029094.7,+,Afap1,protein_coding,3.63550515007901,3.24517419959612,2.64005580403068
chr12,89471210,89471711,-0.6671628344757519,chr12,88720876,90336935,ENSMUSG00000066392.7,+,Nrxn3,protein_coding,4.93034260079208,2.83539660209111,3.10322348894835
chr14,115091972,115092473,-0.5540487544242968,chr14,115090215,116527179,ENSMUSG00000022112.10,+,Gpc5,protein_coding,17.4740804045749,11.7910199024022,11.903409502384
chr15,61984779,61985280,-0.6010060978528724,chr15,61983341,61992374,ENSMUSG00000022346.10,+,Myc,protein_coding,12.2636047014651,7.62054145037542,8.08558444241978
chr15,61984779,61985280,-0.6010060978528724,chr15,61977241,61985302,ENSMUSG00000103610.1,-,RP23-98D8.2,TEC,12.2636047014651,7.62054145037542,8.08558444241978
chr6,25688382,25688883,-0.6043804299744413,chr6,25666607,25692729,ENSMUSG00000039904.8,-,Gpr37,protein_coding,5.35365484429443,3.6813890614563,3.52007440537424
chr6,104492757,104493258,-0.8405391298168405,chr6,104490790,104865406,ENSMUSG00000030092.10,+,Cntn6,protein_coding,3.52345190915191,2.18107430930086,1.96515432029352
chr9,20673641,20674142,-0.5029822310254952,chr9,20665986,20730219,ENSMUSG00000032172.7,-,Olfm2,protein_coding,2.44027058019002,1.8043432922398,1.72033711540846
chr10,69178255,69178756,-0.891862959277737,chr10,69149434,69293791,ENSMUSG00000019944.10,+,Rhobtb1,protein_coding,2.15391229782078,1.22272347642624,1.15791921229416
chr12,65073753,65074254,-0.6199185920315553,chr12,65060436,65075944,ENSMUSG00000020949.8,-,Fkbp3,protein_coding,33.3856406162221,23.4829000634726,21.7291811038515
chr12,65073753,65074254,-0.6199185920315553,chr12,65073606,65134058,ENSMUSG00000055884.7,+,Fancm,protein_coding,33.3856406162221,23.4829000634726,21.7291811038515
chr10,68528390,68528891,-0.7925658597261374,chr10,68428953,68543896,ENSMUSG00000019945.5,-,1700040L02Rik,protein_coding,4.83120398892614,3.629193886549411,4.832157820284723
chr10,54075567,54076068,-0.6161994730956852,chr10,54073922,54083081,ENSMUSG00000097069.1,+,Gm16998,lincRNA,20.0077286855375,14.5669326596942,13.054712033465
chr10,54075567,54076068,-0.6161994730956852,chr10,53902788,54077796,ENSMUSG00000003746.11,-,Man1a,protein_coding,20.0077286855375,14.5669326596942,13.054712033465
chr3,159840160,159840661,-0.7073667032111803,chr3,159837737,159937833,ENSMUSG00000028173.6,+,Wls,protein_coding,5.00504476141014,3.68799837754509,3.06352340166969
chrX,23295895,23296396,-0.7414445096025235,chrX,23217271,23367082,ENSMUSG00000036782.9,-,Klhl13,protein_coding,4.39497711636263,3.09976924564273,2.62682244160446
chr2,78868818,78869319,-0.4539519625572396,chr2,78866124,78923293,ENSMUSG00000027011.10,+,Ube2e3,protein_coding,30.5905347730963,24.5800465342118,22.3379157754576
chr11,121222190,121222691,-0.2826859888313567,chr11,121202433,121224655,ENSMUSG00000039307.12,+,Hexdc,protein_coding,5.254139025054292,3.620342843308896,2.7389463816812176
chr11,121222190,121222691,-0.2826859888313567,chr11,121220588,121231322,ENSMUSG00000039294.10,-,BC017643,protein_coding,5.254139025054292,3.620342843308896,2.7389463816812176
chr18,3337180,3337681,-0.3583222315907637,chr18,3334416,3368863,ENSMUSG00000097746.1,+,Gm6225,lincRNA,31.3500067393799,26.2984687172973,24.4618704448657
chr18,3337180,3337681,-0.3583222315907637,chr18,3264048,3339748,ENSMUSG00000063889.12,-,Crem,protein_coding,31.3500067393799,26.2984687172973,24.4618704448657
chr8,94903405,94903906,-0.62007453450817,chr8,94900869,94920098,ENSMUSG00000063605.5,-,Ccdc102a,protein_coding,3.623054789976,2.03566935534747,2.35553851186697
chr12,15889813,15890314,-1.0923556017086962,chr12,15815003,15890155,ENSMUSG00000097580.1,+,Gm5432,lincRNA,2.49007202060206,1.64571970610883,1.16453589350727
chr1,167001042,167001543,-0.3717062318634064,chr1,166996295,167002841,ENSMUSG00000097823.2,-,Gm16701,lincRNA,9.83578448137813,8.30130100752084,7.60256671386279
chr1,167001042,167001543,-0.3717062318634064,chr1,166999417,167093302,ENSMUSG00000060568.10,+,Fam78b,protein_coding,9.83578448137813,8.30130100752084,7.60256671386279
chr1,167001042,167001543,-0.3717062318634064,chr1,166972023,167001728,ENSMUSG00000102548.1,-,RP24-192L21.1,lincRNA,9.83578448137813,8.30130100752084,7.60256671386279
chr2,57237461,57237962,-0.4858305255745264,chr2,57234227,57240508,ENSMUSG00000054181.7,-,A930012O16Rik,processed_transcript,7.68187218355735,5.59809072720553,5.48522872566776
chr2,57237461,57237962,-0.4858305255745264,chr2,57235635,57372719,ENSMUSG00000026827.8,+,Gpd2,protein_coding,7.68187218355735,5.59809072720553,5.48522872566776
chr4,9668914,9669415,-0.5947843958547564,chr4,9667279,9671350,ENSMUSG00000092724.1,+,Gm25677,miRNA,38.0233997545934,26.8734792170221,25.1830886970947
chr4,9668914,9669415,-0.5947843958547564,chr4,9446069,9671344,ENSMUSG00000028207.14,-,Asph,protein_coding,38.0233997545934,26.8734792170221,25.1830886970947
chrX,169923350,169923851,-0.672083168671838,chrX,169683199,170007736,ENSMUSG00000035299.12,+,Mid1,protein_coding,5.86411960851785,3.9589803371855,3.67887475448887
chr2,53191779,53192280,-0.4917416577638119,chr2,53132704,53193284,ENSMUSG00000061136.9,-,Prpf40a,protein_coding,25.0501245272567,18.5259129968797,17.8187225069038
chr2,53191779,53192280,-0.4917416577638119,chr2,53189726,53221220,ENSMUSG00000026960.6,+,Arl6ip6,protein_coding,25.0501245272567,18.5259129968797,17.8187225069038
chr11,51188465,51188966,-0.7483833455756665,chr11,51187833,51222418,ENSMUSG00000086646.3,-,5133400J02Rik,lincRNA,2.0605345970482,1.67215697046399,1.22408602442525
chr4,70402066,70402567,-0.5892996016073492,chr4,70214856,70412443,ENSMUSG00000039298.12,-,Cdk5rap2,protein_coding,14.0751320964531,10.2642678858916,9.3559872353368
chr12,27343155,27343656,-0.4701233772451607,chr12,27332264,27344574,ENSMUSG00000063632.6,-,Sox11,protein_coding,7.31458656051855,5.6906211524486,5.28011160806136
chr2,116913946,116914447,-0.5539524174044028,chr2,116898152,116914791,ENSMUSG00000085316.1,+,D330050G23Rik,lincRNA,14.9093062233548,12.0884391263978,10.1566056621231
chr4,68954752,68955253,-0.7345440583823637,chr4,68759514,68956397,ENSMUSG00000028351.5,-,Brinp1,protein_coding,12.1328759203835,8.18233331792261,7.29158269684665
chr2,58176927,58177428,-0.8041265642919816,chr2,58162001,58179063,ENSMUSG00000086862.1,+,Gm13546,antisense,5.26027714352185,3.7474822223442,3.01058995196481
chr2,58176927,58177428,-0.8041265642919816,chr2,58127137,58197532,ENSMUSG00000026832.8,-,Cytip,protein_coding,5.26027714352185,3.7474822223442,3.01058995196481
chr3,127634029,127634530,-0.4259036900655701,chr3,127631136,127637631,ENSMUSG00000027967.7,+,Neurog2,protein_coding,8.74637797236473,6.80759557145419,6.51081431369973
chr3,156562368,156562869,-0.5086057836631296,chr3,156544753,156563746,ENSMUSG00000085084.3,-,4930570G19Rik,processed_transcript,6.700662029479554,6.341347515464067,5.014892481520266
chr3,156562368,156562869,-0.5086057836631296,chr3,156559794,157318445,ENSMUSG00000040037.9,+,Negr1,protein_coding,6.700662029479554,6.341347515464067,5.014892481520266
chr3,67493104,67493605,-0.6323948061440379,chr3,67476972,67517523,ENSMUSG00000049404.7,-,Rarres1,protein_coding,8.7090268920557,7.00587505411791,5.61756234992995
chr2,118050219,118050720,-0.7542406414200408,chr2,117855291,118113202,ENSMUSG00000087203.3,-,Gm13986,processed_transcript,5.14822390259476,2.9874108721333,3.05029003924347
chr2,38340061,38340562,-0.6078892157515803,chr2,38337281,38371733,ENSMUSG00000000247.7,+,Lhx2,protein_coding,1.76795113462746,1.30864458558051,1.15791921229416
chr13,84055083,84055584,-0.8588017055035271,chr13,84023297,84066772,ENSMUSG00000098087.1,-,Gm17750,lincRNA,3.11259002575257,1.76468739570706,1.71372043419536
chr18,47366180,47366681,-0.798749011029268,chr18,47233598,47370870,ENSMUSG00000019647.12,-,Sema6a,protein_coding,2.80133102317732,1.81095260832859,1.6078535347856
chr4,104472902,104473403,-0.5574077665142118,chr4,103617359,104746844,ENSMUSG00000028519.12,+,Dab1,protein_coding,4.691726320042106,3.6262058274236746,2.221149157145304
chr1,150392927,150393428,-0.5566858344514171,chr1,150359305,150395080,ENSMUSG00000006010.10,-,BC003331,protein_coding,54.9434391345844,37.7458041830824,37.3643988104292
chr1,150392927,150393428,-0.5566858344514171,chr1,150390838,150451935,ENSMUSG00000006005.13,+,Tpr,protein_coding,54.9434391345844,37.7458041830824,37.3643988104292
chr1,9700223,9700724,-0.4774192838561714,chr1,9665415,9702209,ENSMUSG00000025912.12,-,Mybl1,protein_coding,22.6845561076848,16.9462864516588,16.2968858278886
chr17,49450924,49451425,-0.2902592085361575,chr17,49426362,49457435,ENSMUSG00000064120.9,+,Mocs1,protein_coding,4.528367724961149,2.314847658256333,3.091310573909097
chr3,19628488,19628989,-0.6269609200934098,chr3,19608368,19630677,ENSMUSG00000082766.1,-,1700064H15Rik,protein_coding,42.885265374819,30.4425099049689,27.7768277326336
chr4,49060050,49060551,-0.6398583253291574,chr4,49057273,49342259,ENSMUSG00000063446.4,+,Lppr1,protein_coding,2.47762166049905,1.53336133259939,1.58800349114628
chr10,69211957,69212458,-0.4908168500485637,chr10,69207762,69215098,ENSMUSG00000090622.1,-,A930033H14Rik,protein_coding,2.68927778225022,2.02245072316989,1.91222087058864
chr10,69211957,69212458,-0.4908168500485637,chr10,69149434,69293791,ENSMUSG00000019944.10,+,Rhobtb1,protein_coding,2.68927778225022,2.02245072316989,1.91222087058864
chr12,119945927,119946428,-0.5883396260661025,chr12,119943957,120021211,ENSMUSG00000048004.10,+,Tmem196,protein_coding,3.20596772652515,2.16124636103449,2.13057135062125
chr1,13372878,13373379,-0.4064065612312101,chr1,13137105,13376083,ENSMUSG00000005886.10,-,Ncoa2,protein_coding,12.3196313219287,9.18034004732997,9.29643710441882
chr8,99110492,99110993,-0.9999655665871128,chr8,99022471,99418471,ENSMUSG00000036510.13,-,Cdh8,protein_coding,1.8211783192114916,1.938467923752562,1.8409947973049567
chr11,67807185,67807686,-0.292873092726797,chr11,67796187,67818005,ENSMUSG00000033044.8,+,Dhrs7c,protein_coding,1.44424177194919,1.1103651029168,1.17776925593349
chr10,33540812,33541313,-0.9284442692057948,chr10,33510286,33626769,ENSMUSG00000019785.9,-,Clvs2,protein_coding,1.6932489740094,1.21611416033745,0.88663528255667
chr3,50677930,50678431,-0.6870556870622555,chr3,50677698,50685401,ENSMUSG00000104281.1,-,RP23-264F2.2,TEC,8.38531752937743,5.46590440542973,5.20732811471716
chr10,3863375,3863876,-0.6532107211887959,chr10,3738364,3969303,ENSMUSG00000040624.13,+,Plekhg1,protein_coding,2.39669431982948,1.63250107393125,1.52183667901518
chr1,70479922,70480423,-1.0133033661242654,chr1,69824970,70727132,ENSMUSG00000053153.10,+,Spag16,protein_coding,3.03788786513451,1.89026440139408,1.50198663537585
chr1,165459809,165460310,-0.3411099231596952,chr1,165458637,165483214,ENSMUSG00000026568.6,+,Mpc2,protein_coding,7.30836138046704,5.97482174426659,5.76974601783147
chr1,165459809,165460310,-0.3411099231596952,chr1,165326698,165462475,ENSMUSG00000026571.8,-,Dcaf6,protein_coding,7.30836138046704,5.97482174426659,5.76974601783147
chr18,45818032,45818533,-0.7814037350640302,chr18,45681487,45898509,ENSMUSG00000098284.3,-,A330093E20Rik,antisense,5.35988002434593,3.48971889488137,3.11645685137456
chr2,106649639,106650140,-0.8074567011775932,chr2,106640914,106652364,ENSMUSG00000085218.3,-,BB218582,processed_transcript,8.23591320814131,5.40642056063061,4.70446034252084
chr10,75211774,75212275,-0.3879886934888757,chr10,75210073,75314399,ENSMUSG00000033444.9,+,Specc1l,protein_coding,26.643770620442,21.8503989895413,20.366144773951
chr1,165460821,165461322,-0.5203889540645946,chr1,165458637,165483214,ENSMUSG00000026568.6,+,Mpc2,protein_coding,46.1970611622197,34.4609740869536,32.2166208266301
chr1,165460821,165461322,-0.5203889540645946,chr1,165326698,165462475,ENSMUSG00000026571.8,-,Dcaf6,protein_coding,46.1970611622197,34.4609740869536,32.2166208266301
chr1,165845284,165845785,-0.4471601442098638,chr1,165842047,165846608,ENSMUSG00000102363.1,-,RP23-36P10.11,TEC,1.92358063591509,1.85721782095012,1.40935309839232
chr1,165845284,165845785,-0.4471601442098638,chr1,165843087,165848085,ENSMUSG00000103768.1,-,RP23-36P10.10,TEC,1.92358063591509,1.85721782095012,1.40935309839232
chr1,165845284,165845785,-0.4471601442098638,chr1,165786681,165879277,ENSMUSG00000005763.11,+,Cd247,protein_coding,1.92358063591509,1.85721782095012,1.40935309839232
chr2,136387030,136387531,-0.5774335307613446,chr2,136079104,136389967,ENSMUSG00000039913.8,-,Pak7,protein_coding,7.6133952029908,6.35155276132765,5.10146121530741
chr3,69411150,69411651,-0.7782016336251822,chr3,69314861,69562802,ENSMUSG00000027784.10,+,Ppm1l,protein_coding,5.60888722640614,3.62851453274597,3.26864051927608
chr3,36571306,36571807,-0.3653835757602896,chr3,36571142,36615477,ENSMUSG00000037325.6,-,Bbs7,protein_coding,2.55854900116862,2.39918174023094,1.98500436393284
chr3,36571306,36571807,-0.3653835757602896,chr3,36562866,36574150,ENSMUSG00000027715.5,-,Ccna2,protein_coding,2.55854900116862,2.39918174023094,1.98500436393284
chr1,55405582,55406083,-0.5304922174812468,chr1,55403921,55756285,ENSMUSG00000038349.10,+,Plcl1,protein_coding,20.8979294329028,14.0910619013013,14.4706818130704
chr6,105827328,105827829,-0.9756965518239674,chr6,105675660,106701310,ENSMUSG00000064293.10,+,Cntn4,protein_coding,3.1796178529838364,2.706635107061344,2.7590026167814363
chrX,98937048,98937549,-0.5762025524826562,chrX,98934316,98951017,ENSMUSG00000047694.8,+,Yipf6,protein_coding,26.4819159391029,18.327633514216,17.765789057199
chr6,144203886,144204387,-0.7338771084819603,chr6,143826425,144783977,ENSMUSG00000041540.12,-,Sox5,protein_coding,4.33895049589909,3.62851453274597,2.60697239796513
chr11,9643470,9643971,-0.6909449554791387,chr11,9189942,9686259,ENSMUSG00000004668.10,+,Abca13,protein_coding,1.53139429267027,1.1103651029168,0.946185413474656
chr7,57288839,57289340,-0.5714658075017061,chr7,56714465,57389188,ENSMUSG00000055026.9,-,Gabrg3,protein_coding,2.04808423694519,1.85721782095012,1.37626969232677
chr14,59440170,59440671,-0.5834384491677822,chr14,59400009,59442884,ENSMUSG00000071350.8,-,Setdb2,protein_coding,3.00676196487699,2.4322283206749,2.00485440757217
chr14,59440170,59440671,-0.5834384491677822,chr14,59438981,59550903,ENSMUSG00000021981.9,+,Cab39l,protein_coding,3.00676196487699,2.4322283206749,2.00485440757217
chr3,146812750,146813251,-0.4154248336509699,chr3,146727579,146814960,ENSMUSG00000005034.11,-,Prkacb,protein_coding,19.5159394614686,15.0229754698208,14.6360988433982
chr17,86144969,86145470,-0.2969322386852211,chr17,85982665,86147175,ENSMUSG00000024135.9,-,Srbd1,protein_coding,9.57432691921492,8.61193886369399,7.79445046904297
chr15,13088581,13089082,-0.5626525454160337,chr15,13032200,13175639,ENSMUSG00000039385.4,-,Cdh6,protein_coding,5.98239802949645,4.19030640029316,4.049408902423
chr11,21571822,21572323,-0.5104565951100836,chr11,21554787,21574367,ENSMUSG00000020321.11,-,Mdh1,protein_coding,51.0340260622392,38.0828793036107,35.8359454502009
chr11,21571822,21572323,-0.5104565951100836,chr11,21570235,21900989,ENSMUSG00000020319.5,+,Wdpcp,protein_coding,51.0340260622392,38.0828793036107,35.8359454502009
chr1,171360602,171361103,-0.4176718728214788,chr1,171360862,171365197,ENSMUSG00000103727.1,+,RP23-191A19.2,processed_pseudogene,21.8877330610921,18.486257100347,16.3895193648722
chr1,171360602,171361103,-0.4176718728214788,chr1,171343670,171361254,ENSMUSG00000006412.6,+,Pfdn2,protein_coding,21.8877330610921,18.486257100347,16.3895193648722
chr1,171360602,171361103,-0.4176718728214788,chr1,171356446,171362798,ENSMUSG00000045259.4,-,Klhdc9,protein_coding,21.8877330610921,18.486257100347,16.3895193648722
chr4,94602975,94603476,-0.4814968311100605,chr4,94565514,94605244,ENSMUSG00000028577.9,-,Plaa,protein_coding,25.7224439728193,20.1782420190773,18.4274571785099
chr4,20343359,20343860,-0.3292631396521209,chr4,20341706,20349818,ENSMUSG00000086017.1,+,Gm11872,antisense,24.3342288213336,19.0943141805157,19.3736425919846
chr4,20343359,20343860,-0.3292631396521209,chr4,20116874,20780866,ENSMUSG00000055761.10,-,Nkain3,protein_coding,24.3342288213336,19.0943141805157,19.3736425919846
chr2,113828849,113829350,-0.483630005092495,chr2,113774362,113831121,ENSMUSG00000023236.7,-,Scg5,protein_coding,17.4367293242659,13.3243812350016,12.4724440867114
chr9,21655150,21655651,-0.3710418632522037,chr9,21614169,21706230,ENSMUSG00000032187.12,+,Smarca4,protein_coding,1.25126119035253,1.27559800513656,0.966035457113984
chr1,137900057,137900558,-0.8288294376048269,chr1,137896595,138002384,ENSMUSG00000098243.3,+,Gm4258,processed_transcript,8.22968802808981,4.93715911832649,4.63167684917664
chr5,47984083,47984584,-0.4728031718236604,chr5,47981155,48308282,ENSMUSG00000031558.11,+,Slit2,protein_coding,3.78490947131513,3.0535040330212,2.72607265980111
chr14,4181976,4182477,-0.5526707280813838,chr14,4180576,4206895,ENSMUSG00000079391.6,+,Gm2974,protein_coding,1.8177525750395,1.55979859695455,1.23731938685147
chr3,76636054,76636555,-1.0957245493925434,chr3,76072270,76712019,ENSMUSG00000034098.10,+,Fstl5,protein_coding,3.4741496090403574,2.347498727058936,3.8406069126433717
chr10,69213315,69213816,-0.4218009561258571,chr10,69207762,69215098,ENSMUSG00000090622.1,-,A930033H14Rik,protein_coding,6.06332537016601,4.50755357255511,4.52580994976688
chr10,69213315,69213816,-0.4218009561258571,chr10,69149434,69293791,ENSMUSG00000019944.10,+,Rhobtb1,protein_coding,6.06332537016601,4.50755357255511,4.52580994976688
chr16,90488146,90488647,-0.373476508782476,chr16,90384397,90501553,ENSMUSG00000053414.7,+,Hunk,protein_coding,5.023291904769258,2.6842178517948843,3.048969714703436
chr10,10093584,10094085,-0.6821345084233019,chr10,9974627,10153476,ENSMUSG00000101621.1,+,Gm28905,lincRNA,4.16464545445694,2.78913138946958,2.59373903553892
chr12,32819984,32820485,-0.4848341913609379,chr12,32819872,32828904,ENSMUSG00000096954.1,+,Gdap10,lincRNA,42.8230135743039,32.0617923467226,30.6087672918445
chr12,32819984,32820485,-0.4848341913609379,chr12,32818335,32855369,ENSMUSG00000020572.7,+,Nampt,protein_coding,42.8230135743039,32.0617923467226,30.6087672918445
chr5,45857675,45858176,-0.561670502835161,chr5,45695181,45859615,ENSMUSG00000015882.13,-,Lcorl,protein_coding,29.9555664078428,22.7955311902384,20.2999779618199
chr15,102405965,102406466,-0.4081464951597609,chr15,102404143,102438404,ENSMUSG00000001280.8,+,Sp1,protein_coding,36.6912112235713,29.4907683881831,27.6577274707976
chr1,71400783,71401284,-0.969572910830673,chr1,71240276,71416910,ENSMUSG00000050296.10,-,Abca12,protein_coding,3.68530659049105,1.76468739570706,1.87913746452309
chr5,43867545,43868046,-0.6169087782628734,chr5,43866809,43914375,ENSMUSG00000029084.4,+,Cd38,protein_coding,4.81206417981348,2.68338233204893,3.13630689501389
chr1,62551472,62551973,-0.7391711224512116,chr1,61636824,62644284,ENSMUSG00000052062.10,+,Pard3b,protein_coding,3.5047763689974,2.26038610236634,2.0974879445557
chr3,68405642,68406143,-0.7756209189163863,chr3,68405783,68416700,ENSMUSG00000103345.1,+,RP23-25J21.1,TEC,5.24782678341884,3.24517419959612,3.06352340166969
chr3,68405642,68406143,-0.7756209189163863,chr3,67890232,68628466,ENSMUSG00000102422.1,+,SCHIP1,protein_coding,5.24782678341884,3.24517419959612,3.06352340166969
chr3,68405642,68406143,-0.7756209189163863,chr3,68062802,68628481,ENSMUSG00000027777.11,+,Schip1,protein_coding,5.24782678341884,3.24517419959612,3.06352340166969
chr3,32616296,32616797,-0.3686161676185328,chr3,32578332,32618585,ENSMUSG00000027669.10,-,Gnb4,protein_coding,4.72491165909241,3.71443564190025,3.65902471084954
chr1,144003983,144004484,-0.5551561680298407,chr1,143997338,144006161,ENSMUSG00000026360.5,-,Rgs2,protein_coding,29.8497383469672,21.5926356620785,20.3198280054592
chr13,28777567,28778068,-0.7546739157054175,chr13,28458034,28887620,ENSMUSG00000085936.3,-,2610307P16Rik,processed_transcript,4.056634407795356,1.76671724547883,2.623851667502207
chr4,6436461,6436962,-0.7616227888506608,chr4,6394207,6456271,ENSMUSG00000028245.11,-,Nsmaf,protein_coding,9.59300245936943,6.49695771528104,5.6572624372086
chr1,125912005,125912506,-0.4730038899579482,chr1,125865622,125915101,ENSMUSG00000026344.5,-,Lypd1,protein_coding,13.6455946728993,9.45132200697038,9.83238828268069
chr1,125912005,125912506,-0.4730038899579482,chr1,125911620,126832799,ENSMUSG00000049690.11,-,Nckap5,protein_coding,13.6455946728993,9.45132200697038,9.83238828268069
chr10,88977629,88978130,-0.7518198761993097,chr10,88946994,89346762,ENSMUSG00000035189.12,-,Ano4,protein_coding,4.32650013579608,1.98279482663714,2.56727231068648
chr4,22487780,22488281,-0.5836662611072334,chr4,22480780,22490366,ENSMUSG00000095139.2,-,Pou3f2,protein_coding,7.77524988432993,5.59809072720553,5.18747807107783
chrX,164419335,164419836,-0.6404102729379463,chrX,164417793,164435916,ENSMUSG00000031381.11,+,Piga,protein_coding,21.738328739856,15.0758499985311,13.9479639972348
chr3,101390450,101390951,-0.5081124702574379,chr3,101375125,101465059,ENSMUSG00000042035.7,+,Igsf3,protein_coding,2.11033603746024,1.77790602788464,1.48213659173652
chr18,73770599,73771100,-0.8423766389461309,chr18,73768040,73817392,ENSMUSG00000024556.3,-,Me2,protein_coding,1.61854681339134,1.10375578682801,0.899868644982889
chr3,82357814,82358315,-0.5446234799379369,chr3,82356044,82397268,ENSMUSG00000033900.9,+,Map9,protein_coding,39.5796947674697,28.4597150783318,27.1416263361751
chr9,75235190,75235691,-0.5029822310254952,chr9,75230014,75307451,ENSMUSG00000033590.7,+,Myo5c,protein_coding,4.07126775368437,3.64834248101234,2.87163964648951
chr5,43868972,43869473,-0.5298059461001479,chr5,43866809,43914375,ENSMUSG00000029084.4,+,Cd38,protein_coding,3.78490947131513,2.08854388405779,2.62020576039135
chr10,96616612,96617113,-0.4647915069030876,chr10,96615001,96624813,ENSMUSG00000036478.7,+,Btg1,protein_coding,35.5955795345064,26.8933071652885,25.7984400499139
chr3,70802176,70802677,-0.2578312528042127,chr3,70770379,70809291,ENSMUSG00000097252.1,-,Gm6634,lincRNA,15.083611264797,13.5094420854877,12.6180110733998
chr1,54133696,54134197,-0.8170455660888689,chr1,53804876,54197168,ENSMUSG00000042807.11,-,Hecw2,protein_coding,1.90490509576058,1.09714647073922,1.07851903773685
chr11,105181171,105181672,-0.3917871481633924,chr11,105175726,105183433,ENSMUSG00000099681.1,-,1700052K11Rik,antisense,18.6693149744639,14.6330258205821,14.2324812893985
chr11,105181171,105181672,-0.3917871481633924,chr11,105176807,105285959,ENSMUSG00000020694.12,+,Tlk2,protein_coding,18.6693149744639,14.6330258205821,14.2324812893985
chr18,12973666,12974167,-0.5689562684288991,chr18,12970252,12994948,ENSMUSG00000024423.5,+,Impact,protein_coding,22.0122366621222,16.5497274863314,14.8412159610046
chr15,10696762,10697263,-0.785024623304333,chr15,10566979,10716631,ENSMUSG00000022246.9,-,Rai14,protein_coding,3.83471091172717,2.67016369987135,2.22320488760479
chr9,21546410,21546911,-0.2949219884358394,chr9,21524176,21547333,ENSMUSG00000057191.9,+,AB124611,protein_coding,38.1977047960356,33.4827953058126,31.1447184701063
chr9,21546410,21546911,-0.2949219884358394,chr9,21544894,21591487,ENSMUSG00000032185.10,+,Carm1,protein_coding,38.1977047960356,33.4827953058126,31.1447184701063
chr1,146495322,146495823,-0.6972150905491825,chr1,146417436,146497060,ENSMUSG00000099964.2,-,Gm29514,antisense,4.51948071739274,3.62851453274597,2.78562279071909
chr1,146495322,146495823,-0.6972150905491825,chr1,146492760,146904472,ENSMUSG00000035131.10,+,Brinp3,protein_coding,4.51948071739274,3.62851453274597,2.78562279071909
chr18,46851212,46851713,-0.8875203687794371,chr18,46848039,46907446,ENSMUSG00000024481.4,+,4833403I15Rik,protein_coding,2.84490728353785,1.55979859695455,1.5350700414414
chr10,122741706,122742207,-0.4610810755637405,chr10,122676762,122947795,ENSMUSG00000034613.8,+,Ppm1h,protein_coding,3.16239146616461,2.51814942982917,2.29598838094899
chr18,35346289,35346790,-0.7033259235044896,chr18,35264400,35500925,ENSMUSG00000024357.9,-,Sil1,protein_coding,1.74927559447295,1.38134706255721,1.07190235652374
chr4,16163092,16163593,-0.4971794589893734,chr4,16120733,16165647,ENSMUSG00000041135.11,-,Ripk2,protein_coding,15.7061292699475,11.7711919541358,11.1292578004501
chr4,16163092,16163593,-0.4971794589893734,chr4,16162110,16268225,ENSMUSG00000085112.1,+,A530072M11Rik,processed_transcript,15.7061292699475,11.7711919541358,11.1292578004501
chr14,86861333,86861834,-0.8465684551519967,chr14,86653367,87143224,ENSMUSG00000022021.9,-,Diap3,protein_coding,3.45497492858536,1.79112466006222,1.91883755180175
chr4,24430645,24431146,-0.8453885294782365,chr4,24428370,24432890,ENSMUSG00000099150.1,-,Gm27243,lincRNA,3.8003472244430205,2.44498372351576,4.097279506767105
chrX,169879318,169879819,-0.7806698892159317,chrX,169683199,170007736,ENSMUSG00000035299.12,+,Mid1,protein_coding,3.31179578740074,1.8770457692165,1.92545423301486
chr1,79858412,79858913,-0.3516890429148426,chr1,79792197,79863180,ENSMUSG00000026249.6,-,Serpine2,protein_coding,4.61908359821682,3.81357538323211,3.61932462357088
chr10,115362143,115362644,-0.4291858730082812,chr10,115338739,115364262,ENSMUSG00000069520.5,-,Tmem19,protein_coding,24.3342288213336,17.8980279684446,18.0767730742151
chr3,85489600,85490101,-0.6622356155768573,chr3,84494426,85889516,ENSMUSG00000102805.1,-,RP24-559D1.1,protein_coding,3.5348879301143503,2.453720944608281,2.4100471808762847
chr5,47983322,47983823,-0.6217233290200752,chr5,47981155,48308282,ENSMUSG00000031558.11,+,Slit2,protein_coding,3.84093609177868,3.10637856173152,2.49448881734227
chr5,52617916,52618417,-0.4139005094187982,chr5,52605550,52621011,ENSMUSG00000052295.3,-,8030423F21Rik,lincRNA,4.06504257363286,3.1922996708858,3.05029003924347
chr5,45857100,45857601,-0.5178570148891072,chr5,45695181,45859615,ENSMUSG00000015882.13,-,Lcorl,protein_coding,21.2838905960961,15.4393623834146,14.867682685857
chr18,52768368,52768869,-0.6783810114182185,chr18,52765709,52917935,ENSMUSG00000024534.11,+,Sncaip,protein_coding,2.60835044158066,1.90348303357166,1.62770357842493
chr17,70794766,70795267,-0.3161053295533335,chr17,69967073,70823413,ENSMUSG00000003279.12,+,Dlgap1,protein_coding,2.34066769936594,2.47849353329643,1.87913746452309
chr3,145542095,145542596,-0.9570797537339364,chr3,145290472,145554011,ENSMUSG00000028197.4,+,Col24a1,protein_coding,3.325152059515079,3.09830646957466,3.3671203492406363
chr2,18064300,18064801,-0.4154691279087397,chr2,18053237,18214388,ENSMUSG00000026743.12,+,Mllt10,protein_coding,27.2974145258501,21.4802772885691,20.4720116733607
chr1,71102249,71102750,-0.4696820695443916,chr1,71025498,71105146,ENSMUSG00000026196.7,-,Bard1,protein_coding,3.35537204776127,2.31986994716546,2.42170532399807
chr15,76808470,76808971,-0.2623617529719276,chr15,76721985,76820170,ENSMUSG00000033697.11,-,Arhgap39,protein_coding,2.10411085740874,1.96296687837077,1.75342052147401
chr3,141931232,141931733,-0.5537726669598837,chr3,141835136,142171425,ENSMUSG00000052430.11,-,Bmpr1b,protein_coding,3.89696271224222,2.56441464245071,2.6532891664569
chr11,50389165,50389666,-0.34049587971953,chr11,50387286,50433125,ENSMUSG00000020375.5,-,Rufy1,protein_coding,4.742776851692123,3.963729678513761,3.4810343188440016
chr3,69721714,69722215,-0.4532161424760394,chr3,69719985,69758373,ENSMUSG00000027787.10,+,Nmd3,protein_coding,16.882688299682,12.9278222696742,12.3334937812361
chr1,174042763,174043264,-1.1652687957167402,chr1,174039933,174044936,ENSMUSG00000045381.4,+,Olfr433,protein_coding,2.08543531725422,1.12358373509438,0.926335369835327
chr1,23255934,23256435,-0.4712634608575997,chr1,23253685,23258407,ENSMUSG00000102766.1,-,RP23-28L24.5,TEC,32.6012679297325,24.9633868673616,23.5223017126042
chr3,26331232,26331733,-0.5184009888339147,chr3,26329150,26335377,ENSMUSG00000074664.3,+,A830092H15Rik,antisense,11.0123435111126,8.05675631223559,7.68858356963321
chr3,26331232,26331733,-0.5184009888339147,chr3,25424215,26334460,ENSMUSG00000063887.9,-,Nlgn1,protein_coding,11.0123435111126,8.05675631223559,7.68858356963321
chr4,47353626,47354127,-0.3475245990697718,chr4,47351222,47416931,ENSMUSG00000007613.11,+,Tgfbr1,protein_coding,1.95470653617262,1.70520355090794,1.5350700414414
chr12,5244378,5244879,-0.5629182875465457,chr12,5075472,5377682,ENSMUSG00000020627.9,-,Klhl29,protein_coding,6.1691534310416,4.58686536562059,4.17512584547208
chr12,44210007,44210508,-0.5277504905303201,chr12,44208313,44212373,ENSMUSG00000093618.1,+,Mir5627,miRNA,45.3940129355755,33.0796270243963,31.4954025744011
chr12,44210007,44210508,-0.5277504905303201,chr12,44203897,44212068,ENSMUSG00000014905.3,-,Dnajb9,protein_coding,45.3940129355755,33.0796270243963,31.4954025744011
chr4,6796119,6796620,-1.050006249086708,chr4,6684353,6993557,ENSMUSG00000041272.7,-,Tox,protein_coding,2.04808423694519,1.25577005687019,0.985885500753312
chr17,44619235,44619736,-0.307259193566951,chr17,44493987,44816797,ENSMUSG00000039153.12,-,Runx2,protein_coding,5.595221368138661,4.376325439788149,4.017182205489534
chr2,90965623,90966124,-0.5013970428914605,chr2,90938382,91021497,ENSMUSG00000005506.12,+,Celf1,protein_coding,7.99935636618411,6.70184651403355,5.6506457559955
chr14,76414168,76414669,-0.3646076468607008,chr14,76412961,76509765,ENSMUSG00000022010.15,+,Tsc22d1,protein_coding,31.3251060191739,25.4921321544649,24.3361535018167
chr8,36952198,36952699,-0.7341654840782608,chr8,36565751,36955143,ENSMUSG00000031523.12,-,Dlc1,protein_coding,1.88622955560606,1.5267520165106,1.13145248744172
chr13,104109399,104109900,-0.5684111401663883,chr13,104107741,104143735,ENSMUSG00000042743.9,+,Sgtb,protein_coding,23.7988633369042,17.9575118132437,16.0520686230036
chr13,104109399,104109900,-0.5684111401663883,chr13,104021439,104111614,ENSMUSG00000021710.10,-,Nln,protein_coding,23.7988633369042,17.9575118132437,16.0520686230036
chr9,107781948,107782449,-0.4142518578089479,chr9,107771559,107875237,ENSMUSG00000032582.10,-,Rbm6,protein_coding,1.98583243643014,1.00461604549615,1.48875327294963
chr4,28812809,28813310,-0.6522400687530333,chr4,28812297,28817076,ENSMUSG00000086774.1,-,Gm11915,antisense,45.400238115627,28.8166181471265,28.8950468576491
chr4,28812809,28813310,-0.6522400687530333,chr4,28811131,28969499,ENSMUSG00000028289.8,+,Epha7,protein_coding,45.400238115627,28.8166181471265,28.8950468576491
chr13,76018403,76018904,-0.5173147860191208,chr13,75999535,76020712,ENSMUSG00000043190.9,-,Rfesd,protein_coding,26.1893324766822,19.9138693755257,18.3017402354608
chr3,20034804,20035305,-0.5530533182704425,chr3,19993945,20037315,ENSMUSG00000027615.10,-,Hps3,protein_coding,22.7219071879938,16.9859423481915,15.4896507198893
chr18,39051436,39051937,-0.7745748171034459,chr18,38599534,39378284,ENSMUSG00000036452.13,+,Arhgap26,protein_coding,1.91735545586359,1.60606380957609,1.1182191250155
chr6,38534565,38535066,-0.3112937075767639,chr6,38531502,38541449,ENSMUSG00000019689.4,+,1110001J03Rik,protein_coding,15.2018896857756,13.0996644879827,12.2540936066788
chr5,90930957,90931458,-0.4850415106098455,chr5,90929196,91023360,ENSMUSG00000029376.7,+,Mthfd2l,protein_coding,11.510357915233,8.47314322582939,8.22453474789508
chrY,90805549,90806050,-0.2505293237887794,chrY,90782738,90818464,ENSMUSG00000096768.3,+,Erdr1,protein_coding,12.146886383463999,7.694206065522459,7.379979822687998
chr10,13090497,13090998,-0.6727725113246363,chr10,13089581,13093817,ENSMUSG00000098635.1,-,Gm27741,misc_RNA,9.1883657560216,6.7348930944775,5.76312933661836
chr10,13090497,13090998,-0.6727725113246363,chr10,13058504,13133694,ENSMUSG00000019817.14,+,Plagl1,protein_coding,9.1883657560216,6.7348930944775,5.76312933661836
chr14,103550919,103551420,-0.5020163182891162,chr14,103511341,103615346,ENSMUSG00000022123.8,+,Scel,protein_coding,3.94676415265426,3.31787667657282,2.78562279071909
chr18,4634634,4635135,-0.3708284067479012,chr18,4632929,4684868,ENSMUSG00000033960.5,+,9430020K01Rik,protein_coding,11.1555226522972,9.80161575967628,8.62815230189476
chr12,23010078,23010579,-0.5870168110362216,chr12,22951997,23012284,ENSMUSG00000073164.7,-,2410018L13Rik,lincRNA,4.02769149332383,2.775912757292,2.67975589130934
chr7,112223870,112224371,-0.4164807829273326,chr7,112223856,112357194,ENSMUSG00000038244.9,+,Mical2,protein_coding,6.730777012373873,5.238299805723027,4.887604690597443
chr1,21960551,21961052,-0.5674749473056722,chr1,21957842,21964530,ENSMUSG00000097109.1,+,Gm26580,lincRNA,8.86465639334333,6.4573018187483,5.98147981665097
chr1,21960551,21961052,-0.5674749473056722,chr1,21396403,21963942,ENSMUSG00000028033.12,-,Kcnq5,protein_coding,8.86465639334333,6.4573018187483,5.98147981665097
chr1,18313434,18313935,-0.874970668840172,chr1,18305824,18315906,ENSMUSG00000101738.1,+,Gm29006,lincRNA,4.5217927672905835,2.6285785512177053,3.7137148908512323
chr6,144202489,144202990,-0.8354265023181323,chr6,143826425,144783977,ENSMUSG00000041540.12,-,Sox5,protein_coding,2.03563387684218,1.65893833828641,1.13806916865483
chr1,176814508,176815009,-0.4762311616464778,chr1,176731653,176816067,ENSMUSG00000057335.7,-,Cep170,protein_coding,31.6923916422127,23.5027280117389,22.787850097949
chr1,176814508,176815009,-0.4762311616464778,chr1,176812660,177022437,ENSMUSG00000026504.13,+,Sdccag8,protein_coding,31.6923916422127,23.5027280117389,22.787850097949
chr10,24160320,24160821,-0.7699910808690209,chr10,24147317,24190959,ENSMUSG00000019998.5,+,Stx7,protein_coding,3.41139866822482,2.46527490111885,1.99823772635906
chr10,43901502,43902003,-0.5014388131798813,chr10,43872188,43903745,ENSMUSG00000019863.6,-,Qrsl1,protein_coding,15.8368580510291,11.4605540979627,11.1888079313681
chr10,43901502,43902003,-0.5014388131798813,chr10,43899807,43949862,ENSMUSG00000019864.9,+,Rtn4ip1,protein_coding,15.8368580510291,11.4605540979627,11.1888079313681
chr17,88596932,88597433,-0.3584153414779534,chr17,88595684,88664586,ENSMUSG00000033855.11,+,Ston1,protein_coding,6.85392323670717,6.14666396257514,5.34627842019246
chr1,23168909,23169410,-0.9618688026577528,chr1,23046295,23237673,ENSMUSG00000101227.1,-,Gm29506,sense_overlapping,2.02940869679068,1.19628621207108,1.03881895045819
chr1,60566574,60567075,-0.3905323646679502,chr1,60480292,60569104,ENSMUSG00000026014.11,-,Raph1,protein_coding,18.1588502102405,14.8379146193346,13.8553304602512
chr2,125247350,125247851,-0.4310519786531458,chr2,125245190,125260608,ENSMUSG00000027203.11,+,Dut,protein_coding,20.6738229510486,17.0916914056122,15.3374670519878
chr1,177796372,177796873,-0.4731872281096503,chr1,177760962,177798511,ENSMUSG00000015961.8,-,Adss,protein_coding,36.859291084962,26.1728917116103,26.5593583894215
chr6,106276709,106277210,-0.9373345783167089,chr6,105675660,106701310,ENSMUSG00000064293.10,+,Cntn4,protein_coding,2.0345470548389915,0.9112946817023073,2.74667949388603
chr13,107889975,107890476,-0.4397201074187544,chr13,107722618,107892064,ENSMUSG00000032846.9,-,Zswim6,protein_coding,35.664056515073,25.7366768497501,26.3013078221102
chr2,52943620,52944121,-0.681536801098443,chr2,52855860,53136202,ENSMUSG00000036053.12,+,Fmnl2,protein_coding,4.61908359821682,3.45006299834863,2.87825632770262
chr10,45335457,45335958,-0.458499819367967,chr10,45333762,45371708,ENSMUSG00000071317.3,+,Bves,protein_coding,12.5001615434223,8.39383143276391,9.09793666802553
chr15,60822836,60823337,-0.5652659292055988,chr15,60820271,60833793,ENSMUSG00000097493.3,+,9930014A18Rik,processed_transcript,13.0791032882123,9.30591705301699,8.83988610071426
chr15,60822836,60823337,-0.5652659292055988,chr15,60816994,60855778,ENSMUSG00000072568.4,-,Fam84b,protein_coding,13.0791032882123,9.30591705301699,8.83988610071426
chr10,52027426,52027927,-0.6336252497502988,chr10,52020502,52030471,ENSMUSG00000049641.8,+,Vgll2,protein_coding,3.00053678482548,2.26699541845513,1.93207091422797
chr3,131625273,131625774,-0.7647224512504608,chr3,131562768,131645670,ENSMUSG00000028032.9,+,Papss1,protein_coding,8.93935855396139,5.30067150320996,5.26026156442204
chr1,74850957,74851458,-0.3426155450777157,chr1,74848895,74881953,ENSMUSG00000089964.1,+,Gm16582,processed_transcript,10.335912633084964,7.266436444547124,6.223520080962343
chr12,4917609,4918110,-0.3860862344191864,chr12,4915404,5046047,ENSMUSG00000052812.4,+,Atad2b,protein_coding,8.60319883118011,7.88491409392704,6.58359780704393
chr13,92354816,92355317,-0.4339509861739352,chr13,92352783,92391053,ENSMUSG00000021707.4,+,Dhfr,protein_coding,34.2260399231753,26.0010494933017,25.3418890462093
chr13,92354816,92355317,-0.4339509861739352,chr13,92209872,92357003,ENSMUSG00000014850.11,-,Msh3,protein_coding,34.2260399231753,26.0010494933017,25.3418890462093
chr5,9440686,9441187,-0.8028782341622751,chr5,9264118,9483825,ENSMUSG00000056004.12,+,9330182L06Rik,protein_coding,1.41311587169167,0.9715694650522,0.807235107999356
chr5,89883082,89883583,-0.3965227312927696,chr5,89671841,89885334,ENSMUSG00000043635.8,-,Adamts3,protein_coding,8.92690819385838,6.91995394496363,6.78209824343722
chr3,122730200,122730701,-0.3927862492310555,chr3,122727158,122861374,ENSMUSG00000053965.6,+,Pde5a,protein_coding,4.87431598032853,3.5425934235917,3.71195816055442
chr18,84851033,84851534,-0.5601571923830522,chr18,84849338,84882401,ENSMUSG00000024646.9,+,Cyb5a,protein_coding,34.1762384827633,23.720835442669,23.1848509707356
chr9,54916933,54917434,-0.3376383339135109,chr9,54915283,54951924,ENSMUSG00000035878.9,+,Hykk,protein_coding,22.6036287670152,18.6184434221228,17.891506000248
chr14,116415469,116415970,-1.169278140698885,chr14,115090215,116527179,ENSMUSG00000022112.10,+,Gpc5,protein_coding,2.28464107890239,1.71181286699673,1.01235222560575
chr5,143306883,143307384,-0.3042328511235481,chr5,143299195,143317360,ENSMUSG00000039244.6,-,E130309D02Rik,protein_coding,1.90490509576058,1.85721782095012,1.54168672265451
chr1,51915415,51915916,-0.3415762843024785,chr1,51747765,51918071,ENSMUSG00000018417.10,-,Myo1b,protein_coding,2.99431160477398,2.09515320014658,2.36215519308008
chr10,40760499,40761000,-0.7001499759768913,chr10,40681282,40813083,ENSMUSG00000045555.3,+,Mettl24,protein_coding,3.8825459613533555,5.780226332460811,3.25490713309861
chr6,84787835,84788336,-0.6388210753034711,chr6,84616487,85071513,ENSMUSG00000033769.12,-,Exoc6b,protein_coding,2.79510584312581,2.4983214815628,1.79312060875267
chr18,24751395,24751896,-0.6696197782125413,chr18,24707445,25135500,ENSMUSG00000034295.9,+,Fhod3,protein_coding,4.78093827955595,3.00062950431088,3.0039732707517
chr13,20539561,20540062,-0.80104229484823,chr13,20088596,20608528,ENSMUSG00000041112.11,+,Elmo1,protein_coding,3.09391448559806,2.33969789543183,1.77327056511334
chr3,96557574,96558075,-0.2863644181037967,chr3,96555957,96563883,ENSMUSG00000038393.10,+,Txnip,protein_coding,8.09273406695669,6.58948814052411,6.63653125674881
chr3,96557574,96558075,-0.2863644181037967,chr3,96553765,96568801,ENSMUSG00000074398.5,-,Gm15441,processed_transcript,8.09273406695669,6.58948814052411,6.63653125674881
chr18,21872096,21872597,-0.7869718432529142,chr18,21808897,22173396,ENSMUSG00000024306.8,-,Ccdc178,protein_coding,2.39046913977798,1.40117501082358,1.38288637353988
chr1,51914909,51915410,-0.5018172505976364,chr1,51747765,51918071,ENSMUSG00000018417.10,-,Myo1b,protein_coding,3.09391448559806,1.96957619445956,2.18350480032613
chr10,17723474,17723975,-0.4688960738611586,chr10,17721228,17727673,ENSMUSG00000039910.9,+,Cited2,protein_coding,7.15273187917941,6.06074285342087,5.1676280274385
chr13,17805158,17805659,-0.496660824007043,chr13,17713962,17807097,ENSMUSG00000041297.7,-,Cdk13,protein_coding,44.6407661493434,32.8020357486671,31.6475862423026
chr1,118941211,118941712,-0.5663453868248997,chr1,118832132,119055619,ENSMUSG00000048402.10,-,Gli2,protein_coding,6.5364390540804,5.18831312970052,4.41332636914402
chr14,13518563,13519064,-0.9293371642000334,chr14,13282780,13617459,ENSMUSG00000056296.12,+,Synpr,protein_coding,2.67682742214721,1.8043432922398,1.40273641717921
chr16,67620689,67621190,-0.5162588900244502,chr16,66653421,67622908,ENSMUSG00000064115.9,-,Cadm2,protein_coding,26.2080080168367,19.5503569906422,18.3282069603133
chr1,172027141,172027642,-0.5248416649892347,chr1,171998960,172030444,ENSMUSG00000026556.11,-,Vangl2,protein_coding,3.30557060734923,2.51154011374038,2.29598838094899
chr12,30347272,30347773,-0.7668974030898741,chr12,30172482,30375375,ENSMUSG00000020672.9,-,Sntg2,protein_coding,4.21444689486898,2.59746122289466,2.47463877370295
chr3,153651506,153652007,-0.4974652260579295,chr3,153203405,153727062,ENSMUSG00000052544.5,-,St6galnac3,protein_coding,5.250678613990129,3.2361457385940704,3.8800664404909053
chr1,106759543,106760044,-0.5317904858165615,chr1,106718459,106761727,ENSMUSG00000009905.5,-,Kdsr,protein_coding,43.2836768981153,31.1364880942919,29.9470991705335
chr3,52197964,52198465,-0.4607821711403673,chr3,52196248,52202489,ENSMUSG00000103170.1,+,RP24-568B16.3,lincRNA,7.84995204494799,5.86246337075715,5.70357920570037
chr3,52197964,52198465,-0.4607821711403673,chr3,52132047,52223997,ENSMUSG00000103655.1,-,RP24-568B16.4,lincRNA,7.84995204494799,5.86246337075715,5.70357920570037
chr12,8301847,8302348,-0.3214962482816262,chr12,8295934,8303954,ENSMUSG00000037660.4,-,Gdf7,protein_coding,4.93656778084358,3.99202691762945,3.95015868422636
chr1,33813777,33814278,-0.4153269394874513,chr1,33759545,33816595,ENSMUSG00000042197.9,-,Zfp451,protein_coding,9.23816719643364,7.85847682957188,6.92766523012562
chr4,100357411,100357912,-0.7083620085565481,chr4,100093791,100446765,ENSMUSG00000035305.5,+,Ror1,protein_coding,1.55006983282478,1.25577005687019,0.946185413474656
chr3,142881264,142881765,-0.4322134777454594,chr3,142880495,142896644,ENSMUSG00000097858.1,+,9530052C20Rik,lincRNA,7.99935636618411,6.5960974566129,5.92854636694609
chr3,142881264,142881765,-0.4322134777454594,chr3,142788902,142884004,ENSMUSG00000004591.12,-,Pkn2,protein_coding,7.99935636618411,6.5960974566129,5.92854636694609
chr2,109694729,109695230,-0.6752078896830109,chr2,109672700,109729007,ENSMUSG00000048482.10,+,Bdnf,protein_coding,14.8968558632518,9.58350832874619,9.32952051048437
chr9,106429204,106429705,-0.2691099197086422,chr9,106427454,106433568,ENSMUSG00000048758.9,+,Rpl29,protein_coding,13.950628495423,13.8134706255721,11.5791921229416
chr6,144202991,144203492,-0.6200184083418929,chr6,143826425,144783977,ENSMUSG00000041540.12,-,Sox5,protein_coding,4.92411742074057,3.91271512456396,3.20247370714499
chr18,23795447,23795948,-0.7122040748509423,chr18,23750333,23895861,ENSMUSG00000024277.10,+,Mapre2,protein_coding,1.74927559447295,1.34169116602447,1.06528567531063
chr8,112568988,112569489,-0.8415890670594879,chr8,112552617,112571575,ENSMUSG00000098075.1,-,Gm26994,antisense,4.07126775368437,2.4983214815628,2.26952165609655
chr8,112568988,112569489,-0.8415890670594879,chr8,112568043,112884717,ENSMUSG00000031772.13,+,Cntnap4,protein_coding,4.07126775368437,2.4983214815628,2.26952165609655
chr10,117006050,117006551,-0.4264047211174924,chr10,116984314,117027040,ENSMUSG00000020169.4,+,Best3,protein_coding,1.90490509576058,1.55318928086576,1.41596977960543
chr1,143776887,143777388,-0.5027425800573608,chr1,143775642,143783307,ENSMUSG00000100455.1,+,Gm29170,sense_intronic,40.9118832984918,29.4709404399167,28.8818134952229
chr1,143776887,143777388,-0.5027425800573608,chr1,143776928,143781062,ENSMUSG00000088323.1,+,Gm25663,snoRNA,40.9118832984918,29.4709404399167,28.8818134952229
chr1,143776887,143777388,-0.5027425800573608,chr1,143748790,143779068,ENSMUSG00000018199.8,-,Trove2,protein_coding,40.9118832984918,29.4709404399167,28.8818134952229
chr1,143776887,143777388,-0.5027425800573608,chr1,143775272,143809466,ENSMUSG00000018189.8,+,Uchl5,protein_coding,40.9118832984918,29.4709404399167,28.8818134952229
chr3,151527227,151527728,-0.9934227207203408,chr3,151435887,151547086,ENSMUSG00000039167.7,+,Eltd1,protein_coding,1.70569933411241,0.733634085855743,0.853551876491123
chr10,22670876,22671377,-0.7205657185943033,chr10,22643011,22706285,ENSMUSG00000037490.5,+,Slc2a12,protein_coding,6.33723329243224,3.81357538323211,3.84429178481661
chr3,92080255,92080756,-0.4512864517584064,chr3,92078271,92085142,ENSMUSG00000043165.7,-,Lor,protein_coding,4.1086188339934,3.58885863621323,3.0039732707517
chr12,95691958,95692459,-0.5953628692984568,chr12,95690226,95787215,ENSMUSG00000047414.6,+,Flrt2,protein_coding,9.38757151766976,6.09378943386482,6.2130636591098
chr7,73375825,73376326,-0.3684787853378512,chr7,73312003,73377739,ENSMUSG00000097756.1,-,A730056A06Rik,lincRNA,2.58967490142614,1.98940414272593,2.00485440757217
chr7,73375825,73376326,-0.3684787853378512,chr7,73373520,73421899,ENSMUSG00000070509.11,+,Rgma,protein_coding,2.58967490142614,1.98940414272593,2.00485440757217
chr14,84443223,84443724,-0.6051996776062738,chr14,84441563,84539060,ENSMUSG00000035566.6,+,Pcdh17,protein_coding,25.2991317293169,17.5279062674723,16.6343365697572
chr3,105959080,105959581,-0.4290269144655238,chr3,105940698,105962099,ENSMUSG00000000563.13,-,Atp5f1,protein_coding,31.5803384012856,25.5714439475304,23.4627515816862
chr3,105959080,105959581,-0.4290269144655238,chr3,105957369,105986600,ENSMUSG00000000561.10,+,Wdr77,protein_coding,31.5803384012856,25.5714439475304,23.4627515816862
chr10,119869116,119869617,-0.4525358831574855,chr10,119452034,120089261,ENSMUSG00000034813.12,+,Grip1,protein_coding,3.04411304518602,2.41240037240852,2.22320488760479
chr8,17000688,17001189,-0.7644040863476392,chr8,15890537,17537586,ENSMUSG00000060924.10,-,Csmd1,protein_coding,1.83642811519402,1.51353338433302,1.07851903773685
chr2,113828125,113828626,-0.5089087594695437,chr2,113774362,113831121,ENSMUSG00000023236.7,-,Scg5,protein_coding,5.50928434558206,4.39519519904567,3.87075850966905
chr3,60500938,60501439,-0.4799043980377461,chr3,60470830,60631750,ENSMUSG00000027763.9,+,Mbnl1,protein_coding,14.7350011819127,11.5729124714721,10.5668398973358
chr4,78211719,78212220,-0.5639537500421616,chr4,78209955,78216177,ENSMUSG00000092492.1,+,B230208B08Rik,processed_transcript,18.4452084926098,13.6945029359739,12.4790607679245
chr4,78211719,78212220,-0.5639537500421616,chr4,75939238,78213961,ENSMUSG00000028399.13,-,Ptprd,protein_coding,18.4452084926098,13.6945029359739,12.4790607679245
chr2,97385969,97386470,-0.7633592860309637,chr2,96316169,97633666,ENSMUSG00000050587.10,+,Lrrc4c,protein_coding,5.02372030156465,2.47188421720764,2.95765650225994
chr4,63558514,63559015,-0.4283976527627768,chr4,63556781,63588357,ENSMUSG00000045917.13,+,6330416G13Rik,protein_coding,9.70505570029652,6.7348930944775,7.21218252228933
chr9,83834352,83834853,-0.3375835630355235,chr9,83832689,83874389,ENSMUSG00000038379.11,+,Ttk,protein_coding,18.2397775509101,14.6859003492924,14.4375984070049
chr4,94978879,94979380,-0.489149957845926,chr4,94940040,94981100,ENSMUSG00000062627.5,-,Mysm1,protein_coding,25.8407223937979,18.7241924795434,18.4142238160837
chr4,94978879,94979380,-0.489149957845926,chr4,94977203,95030544,ENSMUSG00000086251.1,+,Gm12694,antisense,25.8407223937979,18.7241924795434,18.4142238160837
chr9,106237322,106237823,-0.4143834845633742,chr9,106231455,106250126,ENSMUSG00000032786.10,-,Alas1,protein_coding,4.635832387768104,2.6381193996665484,2.447409030444132
chrX,18162242,18162743,-0.3869222888116119,chrX,18160575,18281936,ENSMUSG00000037369.12,+,Kdm6a,protein_coding,28.6047023366662,23.9984267183982,21.881364771753
chr14,86861842,86862343,-0.9080704790215124,chr14,86653367,87143224,ENSMUSG00000022021.9,-,Diap3,protein_coding,2.01695833668767,0.96496014896341,1.07190235652374
chr4,74013918,74014419,-0.5618656754480451,chr4,74011442,74204214,ENSMUSG00000049122.13,+,Frmd3,protein_coding,3.77245911121212,3.41040710181589,2.55403894826026
chr3,134828703,134829204,-0.6164427162200901,chr3,134827007,134936579,ENSMUSG00000028172.5,+,Tacr3,protein_coding,3.84716127183018,3.11959719390911,2.50772217976849
chr11,70720442,70720943,-0.29304298033918,chr11,70698548,70733964,ENSMUSG00000020821.13,+,Kif1c,protein_coding,2.65192670194119,2.14141841276812,2.1636547566868
chr4,101647077,101647578,-0.5218210329611417,chr4,101645718,101661364,ENSMUSG00000035212.10,+,Leprot,protein_coding,44.9893762322277,34.5468951961078,31.3432189064996
chr14,86852741,86853242,-0.5276634821110324,chr14,86653367,87143224,ENSMUSG00000022021.9,-,Diap3,protein_coding,4.3514008560021,2.45866558503006,3.01720663317792
chr3,126920222,126920723,-0.7293611200828192,chr3,126919606,127501259,ENSMUSG00000032826.12,-,Ank2,protein_coding,6.15670307093859,4.54720946908785,3.71195816055442
chr12,85151064,85151565,-0.2532284156782616,chr12,85133596,85153264,ENSMUSG00000019235.8,-,Rps6kl1,protein_coding,13.4588392713541,11.6918801610704,11.2946748307779
chr4,41135198,41135699,-0.4252110784829475,chr4,41133743,41195380,ENSMUSG00000036241.3,+,Ube2r2,protein_coding,19.9330265249195,16.7083510724623,14.8478326422177
chr6,21949994,21950495,-0.4661403452992241,chr6,21947571,21978038,ENSMUSG00000029670.8,+,Ing3,protein_coding,14.7412263619642,11.5530845232058,10.6727067967456
chr18,47268954,47269455,-0.6938624388614328,chr18,47233598,47370870,ENSMUSG00000019647.12,-,Sema6a,protein_coding,3.6691775945370306,2.4955679390006913,2.722692133780725
chr10,114643330,114643831,-0.844259549637084,chr10,114396823,114804307,ENSMUSG00000050663.7,-,Trhde,protein_coding,5.77696708779678,2.92792702733418,3.21570706957121
chr6,125031385,125031886,-0.433033353462931,chr6,125007145,125039870,ENSMUSG00000038346.14,+,Zfp384,protein_coding,2.58344972137464,1.9431389301044,1.91222087058864
chr1,23382344,23382845,-0.4329587705259645,chr1,23364424,23399772,ENSMUSG00000026158.7,-,Ogfrl1,protein_coding,4.14596991430243,2.96097360777813,3.0701400828828
chr2,109710440,109710941,-0.7516115357595223,chr2,109672700,109729007,ENSMUSG00000048482.10,+,Bdnf,protein_coding,6.64226711495599,4.78514484828431,3.94354200301325
chr18,36670615,36671116,-0.6733150614573472,chr18,36664681,36681366,ENSMUSG00000006050.7,-,Sra1,protein_coding,1.51271875251575,1.55318928086576,0.946185413474656
chr15,64234282,64234783,-0.5876196633145347,chr15,64084857,64384919,ENSMUSG00000022377.12,-,Asap1,protein_coding,6.67339301521352,4.44806972775599,4.43979309399646
chr1,155009578,155010079,-0.4478344583333289,chr1,155009332,155059179,ENSMUSG00000101880.1,-,Gm29282,lincRNA,4.751255742566077,2.7429620710437645,2.471133072219209
chr6,72957638,72958139,-0.286721320007572,chr6,72951236,72959249,ENSMUSG00000097569.1,+,Gm26640,lincRNA,5.63378794661216,4.42163246340083,4.61844348675042
chr6,72957638,72958139,-0.286721320007572,chr6,72955347,72960748,ENSMUSG00000079523.4,-,Tmsb10,protein_coding,5.63378794661216,4.42163246340083,4.61844348675042
chr15,27681315,27681816,-0.4068285661418045,chr15,27653071,27683542,ENSMUSG00000056069.8,-,Fam105a,protein_coding,29.7563606461946,22.4121908570885,22.4503993560805
chr1,103420948,103421449,-0.8420402366126365,chr1,103361986,103425658,ENSMUSG00000099469.1,+,Gm29141,unprocessed_pseudogene,11.6846629566752,7.34955949073501,6.51743099491284
chr9,31210603,31211104,-0.5027401680986037,chr9,31147557,31213815,ENSMUSG00000031996.12,-,Aplp2,protein_coding,2.55232382111711,2.02906003925868,1.79973728996578
chr3,121104761,121105262,-0.4966401216368754,chr3,121100971,121105283,ENSMUSG00000101269.1,+,Gm28544,lincRNA,16.316196914995,12.3263745055942,11.5659587605154
chr14,73385064,73385565,-0.4172346131645394,chr14,73360231,73387271,ENSMUSG00000022108.7,-,Itm2b,protein_coding,16.1045407932438,13.344209183268,12.0622098514986
chr18,47283424,47283925,-0.7746234508252693,chr18,47233598,47370870,ENSMUSG00000019647.12,-,Sema6a,protein_coding,2.16636265792379,1.75807807961827,1.26378611170391
chr13,81407340,81407841,-0.8283673900765539,chr13,81093068,81635154,ENSMUSG00000069170.9,-,Gpr98,protein_coding,2.37801877967497,1.40117501082358,1.33656960504811
chr13,93499592,93500093,-0.3621486101866151,chr13,93428097,93501808,ENSMUSG00000021690.9,-,Jmy,protein_coding,20.9166049730573,18.7109738473658,16.2770357842493
chr3,120864948,120865449,-0.7081907586256817,chr3,120602109,120888733,ENSMUSG00000098097.3,-,6530403H02Rik,lincRNA,3.63550515007901,2.75608480902563,2.22320488760479
chr10,122808663,122809164,-0.6934460165635817,chr10,122676762,122947795,ENSMUSG00000034613.8,+,Ppm1h,protein_coding,2.68927778225022,2.31986994716546,1.66078698449048
chr11,42000117,42000618,-0.540227545688732,chr11,41908203,42002857,ENSMUSG00000020436.13,-,Gabrg2,protein_coding,10.6512830681253,8.7441251854698,7.32466610291219
chr3,123508176,123508677,-0.5994383357642397,chr3,123505937,123510066,ENSMUSG00000092730.1,-,Snora24,snoRNA,44.5100373682618,30.7068825485206,29.3846812674192
chr3,123508176,123508677,-0.5994383357642397,chr3,123444913,123508602,ENSMUSG00000027978.8,+,Prss12,protein_coding,44.5100373682618,30.7068825485206,29.3846812674192
chr6,31665982,31666483,-0.4037119051010213,chr6,31660220,31668131,ENSMUSG00000084973.1,-,Gm13848,lincRNA,2.1725878379753,1.78451534397343,1.64093694085115
chr6,31665982,31666483,-0.4037119051010213,chr6,31603211,31745316,ENSMUSG00000086804.3,+,Gm13847,lincRNA,2.1725878379753,1.78451534397343,1.64093694085115
chr1,167780031,167780532,-0.6278342490184934,chr1,167687237,167850741,ENSMUSG00000026686.10,+,Lmx1a,protein_coding,2.19126337812981,2.04888798752505,1.41596977960543
chr18,21001522,21002023,-0.5896694573312165,chr18,20999341,21030223,ENSMUSG00000024317.10,+,Rnf138,protein_coding,47.6039518538599,34.6526442535285,31.6409695610895
chr3,121104129,121104630,-0.6436859669089734,chr3,121100971,121105283,ENSMUSG00000101269.1,+,Gm28544,lincRNA,3.09391448559806,2.22733952192239,1.97838768271973
chr4,3938408,3938909,-0.5642400441118226,chr4,3936888,3953046,ENSMUSG00000042198.8,+,Chchd7,protein_coding,52.9140304377938,36.8337185628293,35.7962453629223
chr4,3938408,3938909,-0.5642400441118226,chr4,3898996,3940423,ENSMUSG00000003282.5,-,Plag1,protein_coding,52.9140304377938,36.8337185628293,35.7962453629223
chr3,119783081,119783582,-0.4767971765747394,chr3,119716742,119785388,ENSMUSG00000028134.7,-,Ptbp2,protein_coding,19.8396488241469,15.9548890383402,14.2589480142509
chr15,61985280,61985781,-0.567283980463192,chr15,61983341,61992374,ENSMUSG00000022346.10,+,Myc,protein_coding,13.7638730938779,9.42488474261522,9.28982042320571
chr15,61985280,61985781,-0.567283980463192,chr15,61977241,61985302,ENSMUSG00000103610.1,-,RP23-98D8.2,TEC,13.7638730938779,9.42488474261522,9.28982042320571
chr2,119753230,119753731,-0.2886512112220223,chr2,119740337,119753263,ENSMUSG00000027296.7,+,Itpka,protein_coding,3.41139866822482,3.14603445826427,2.7922394719322
chr2,119753230,119753731,-0.2886512112220223,chr2,119749320,119762431,ENSMUSG00000027297.10,-,Ltk,protein_coding,3.41139866822482,3.14603445826427,2.7922394719322
chr18,24709181,24709682,-0.3451803837513476,chr18,24707040,24711348,ENSMUSG00000054745.1,-,Gm9955,protein_coding,4.77471309950445,4.00524554980703,3.75827492904618
chr18,24709181,24709682,-0.3451803837513476,chr18,24707445,25135500,ENSMUSG00000034295.9,+,Fhod3,protein_coding,4.77471309950445,4.00524554980703,3.75827492904618
chr3,103058035,103058536,-0.3576759425889358,chr3,103056339,103069914,ENSMUSG00000027852.10,+,Nras,protein_coding,12.8425464462551,11.6522242645376,10.0242720378609
chr3,103058035,103058536,-0.3576759425889358,chr3,103018546,103060189,ENSMUSG00000068823.6,+,Csde1,protein_coding,12.8425464462551,11.6522242645376,10.0242720378609
chrX,134295129,134295630,-0.6712864297086703,chrX,134293225,134307969,ENSMUSG00000033578.7,+,Tmem35,protein_coding,6.62981675485298,4.69922373913003,4.16189248304586
chr3,109680259,109680760,-0.8158495603189804,chr3,109338653,109687698,ENSMUSG00000033721.12,+,Vav3,protein_coding,7.27101030015801,4.34892998642413,4.12880907698031
chr7,28171687,28172188,-0.3653248870750873,chr7,28167748,28181269,ENSMUSG00000046865.6,+,Fbl,protein_coding,5.609411042131588,4.433575421274303,3.8526682896528417
chr2,116975643,116976144,-0.2601939162892174,chr2,116970575,116978428,ENSMUSG00000099470.1,-,Gm29340,lincRNA,7.02822827814931,6.30528754870612,5.86899623602811
chr15,13131166,13131667,-0.8173454922964332,chr15,13032200,13175639,ENSMUSG00000039385.4,-,Cdh6,protein_coding,4.37630157620812,2.20751157365602,2.48125545491605
chr10,8826259,8826760,-0.4422357053375373,chr10,8720219,8888070,ENSMUSG00000015305.5,-,Sash1,protein_coding,3.82226055162416,2.69660096422652,2.81208951557153
chr6,105940619,105941120,-0.7384733255617243,chr6,105675660,106701310,ENSMUSG00000064293.10,+,Cntn4,protein_coding,5.82054334815731,3.51615615923653,3.4869909993087
chr7,50080831,50081332,-0.3489427013478414,chr7,49972864,50867255,ENSMUSG00000055409.9,+,Nell1,protein_coding,3.09391448559806,2.16785567712328,2.42832200521118
chr2,151009156,151009657,-0.3033816745622897,chr2,150932519,151041382,ENSMUSG00000068115.9,-,Ninl,protein_coding,8.96425927416741,8.83665561071287,7.26511597199421
chr1,181088134,181088635,-0.7265772452007457,chr1,181085138,181146204,ENSMUSG00000026516.8,-,Nvl,protein_coding,1.66834825380338,1.22933279251503,1.00573554439264
chr3,122984348,122984849,-0.5387920883468647,chr3,122931601,122986447,ENSMUSG00000039701.7,-,Usp53,protein_coding,39.3431379255125,28.8430554114816,27.0886928864702
chr14,61172578,61173079,-0.4076528920313405,chr14,61136457,61242695,ENSMUSG00000048279.13,+,Sacs,protein_coding,44.4789114680043,33.7141213689202,33.5399570692519
chr10,40883248,40883749,-0.4757385359779311,chr10,40829626,40885143,ENSMUSG00000038446.7,-,Cdc40,protein_coding,38.1479033556235,29.1206466872108,27.439376990765
chr10,40883248,40883749,-0.4757385359779311,chr10,40881475,40940570,ENSMUSG00000019831.10,+,Wasf1,protein_coding,38.1479033556235,29.1206466872108,27.439376990765
chr15,21179123,21179624,-0.8114508193384786,chr15,21178157,21182577,ENSMUSG00000103296.1,+,RP23-289E18.1,TEC,1.96715689627563,1.25577005687019,1.1182191250155
chr15,21179123,21179624,-0.8114508193384786,chr15,21109452,21591533,ENSMUSG00000040452.8,+,Cdh12,protein_coding,1.96715689627563,1.25577005687019,1.1182191250155
chr1,24230322,24230823,-0.616764154430274,chr1,24175610,24254684,ENSMUSG00000026147.12,+,Col9a1,protein_coding,4.126375040846194,3.2277515795892344,4.0434019046867204
chr6,33820456,33820957,-0.4310964164422144,chr6,33247085,33975979,ENSMUSG00000029763.13,+,Exoc4,protein_coding,4.573189291887417,5.044246894394804,4.468257591396035
chr6,22875215,22875716,-0.574544520630462,chr6,22873502,23054916,ENSMUSG00000068748.4,+,Ptprz1,protein_coding,8.90823265370387,6.56966019225773,5.98147981665097
chr18,33462256,33462757,-0.5893877154989687,chr18,33435019,33466029,ENSMUSG00000042834.10,-,Nrep,protein_coding,2.9359628330923604,2.579833298624157,2.311601202407045
chr18,33462256,33462757,-0.5893877154989687,chr18,33462163,33474448,ENSMUSG00000073610.3,+,Gm10549,protein_coding,2.9359628330923604,2.579833298624157,2.311601202407045
chr14,122720891,122721392,-0.580341996343538,chr14,122532324,122893100,ENSMUSG00000041650.11,+,Pcca,protein_coding,8.91445783375537,5.6906211524486,5.96162977301164
chr3,127633176,127633677,-0.3510757390764062,chr3,127631136,127637631,ENSMUSG00000027967.7,+,Neurog2,protein_coding,3.19974254647365,2.76269412511442,2.50772217976849
chr3,37419487,37419988,-0.5259105545697086,chr3,37402910,37422211,ENSMUSG00000050174.11,-,Nudt6,protein_coding,51.4884642059991,36.7940626662966,35.7697786380698
chr3,37419487,37419988,-0.5259105545697086,chr3,37417896,37581096,ENSMUSG00000027722.10,+,Spata5,protein_coding,51.4884642059991,36.7940626662966,35.7697786380698
chr7,50162852,50163353,-0.702227753372586,chr7,49972864,50867255,ENSMUSG00000055409.9,+,Nell1,protein_coding,2.65192670194119,2.38596310805336,1.62770357842493
chr14,96518257,96518758,-0.4170266104055178,chr14,96103259,96521102,ENSMUSG00000022076.9,-,Klhl1,protein_coding,4.06504257363286,3.37075120528314,3.04367335803036
chr3,80753083,80753584,-0.8174555167037991,chr3,80679450,80804835,ENSMUSG00000033981.10,-,Gria2,protein_coding,3.8809883565959815,2.939544396486111,2.2126298562257354
chr12,28602277,28602778,-0.336310434243349,chr12,28592173,28625290,ENSMUSG00000036655.7,-,Colec11,protein_coding,1.36331443127963,1.26898868904777,1.07851903773685
chr1,18308015,18308516,-0.8654825513888171,chr1,18305824,18315906,ENSMUSG00000101738.1,+,Gm29006,lincRNA,5.06729656192519,3.09315992955394,2.77900610950598
chr11,87462294,87462795,-0.6344543283223325,chr11,87460286,87464500,ENSMUSG00000098641.1,+,Rnu3b4,snoRNA,4.3576260360536,3.80696606714332,2.80547283435842
chr11,87462294,87462795,-0.6344543283223325,chr11,87403065,87557823,ENSMUSG00000010342.12,+,Tex14,protein_coding,4.3576260360536,3.80696606714332,2.80547283435842
chr5,50032330,50032831,-0.5284181543868417,chr5,49957951,50060996,ENSMUSG00000029090.8,-,Gpr125,protein_coding,3.95298933270577,2.72303822858168,2.73930602222732
chr2,51146879,51147380,-0.520001723207378,chr2,51128438,51151111,ENSMUSG00000017144.4,-,Rnd3,protein_coding,11.6410866963146,8.81021834635771,8.11866784848533
chr4,80852781,80853282,-0.7607803391678087,chr4,80832123,80853719,ENSMUSG00000005994.10,+,Tyrp1,protein_coding,6.39325991289579,3.67477974536751,3.7715082914724
chr2,38354446,38354947,-0.5868127116532117,chr2,38337281,38371733,ENSMUSG00000000247.7,+,Lhx2,protein_coding,7.560725182592274,6.131660847844715,6.357491291449693
chr10,58371183,58371684,-0.4018129869942433,chr10,58321466,58426691,ENSMUSG00000019920.13,+,Lims1,protein_coding,2.30954179910841,1.79773397615101,1.7468038402609
chr3,141862746,141863247,-0.4739445650648755,chr3,141835136,142171425,ENSMUSG00000052430.11,-,Bmpr1b,protein_coding,5.86411960851785,4.56042810126543,4.22144261396385
chr3,142156720,142157221,-1.1921567527400518,chr3,141835136,142171425,ENSMUSG00000052430.11,-,Bmpr1b,protein_coding,2.82000656333183,1.65893833828641,1.23070270563836
chr1,5012781,5013282,-1.0057748794651171,chr1,4907576,5072285,ENSMUSG00000002459.13,-,Rgs20,protein_coding,3.67285623038804,2.53136806200675,1.82620401481822
chr2,132483849,132484350,-0.7895412028650476,chr2,132481212,132503148,ENSMUSG00000086250.1,-,Gm14095,lincRNA,1.74305041442144,1.55318928086576,1.00573554439264
chr8,32009450,32009951,-0.5565353807763123,chr8,32006504,32017759,ENSMUSG00000097928.1,+,Gm26578,lincRNA,6.35590883258676,4.50755357255511,4.32069283216049
chr2,124090331,124090832,-0.3911988618379347,chr2,124087969,124669770,ENSMUSG00000027200.13,+,Sema6d,protein_coding,3.45497492858536,2.83539660209111,2.63343912281757
chr18,78163013,78163514,-0.4733527699411216,chr18,78144940,78211094,ENSMUSG00000024552.11,-,Slc14a2,protein_coding,4.907693038681548,3.5233158551290362,3.3743287612816055
chr10,95515571,95516072,-0.414823637342513,chr10,95513162,95547658,ENSMUSG00000074781.4,+,Ube2n,protein_coding,4.16464545445694,3.25178351568492,3.12307353258767
chr3,127552474,127552975,-0.5252307544406412,chr3,127534954,127555348,ENSMUSG00000027968.7,-,Larp7,protein_coding,4.23934761507501,3.63512384883476,2.94442313983372
chr3,127552474,127552975,-0.5252307544406412,chr3,127551489,127620021,ENSMUSG00000051278.8,+,Zgrf1,protein_coding,4.23934761507501,3.63512384883476,2.94442313983372
chr8,111456164,111456665,-0.4979583708382871,chr8,111446784,111524107,ENSMUSG00000031959.10,-,Wdr59,protein_coding,9.10121323530053,6.3185061808837,6.44464750156863
chr4,6028273,6028774,-0.8880496816122343,chr4,5642090,6110223,ENSMUSG00000049119.10,+,Fam110b,protein_coding,1.4504669520007,0.931913568519457,0.780768383146919
chr10,63023723,63024224,-0.4436895446131809,chr10,63012664,63026217,ENSMUSG00000020069.12,-,Hnrnph3,protein_coding,37.1207486471252,30.7663663933197,27.3004266852897
chr10,63023723,63024224,-0.4436895446131809,chr10,63022315,63079962,ENSMUSG00000020072.10,+,Pbld1,protein_coding,37.1207486471252,30.7663663933197,27.3004266852897
chr2,156937750,156938251,-0.3939985009171,chr2,156925345,156994056,ENSMUSG00000027634.10,-,Ndrg3,protein_coding,9.11988877545504,8.38061280058633,6.94089859255184
chr7,81597646,81598147,-0.3463992518669331,chr7,81569292,81598836,ENSMUSG00000045795.9,+,Whamm,protein_coding,1.43179141184618,1.55318928086576,1.12483580622861
chr10,56377895,56378396,-0.7772753446425501,chr10,56375300,56392419,ENSMUSG00000050953.9,+,Gja1,protein_coding,2.14768711776928,1.32847253384689,1.25055274927769
chr13,22381078,22381579,-0.7056237542216698,chr13,22380538,22385641,ENSMUSG00000069292.3,+,Vmn1r199,protein_coding,15.3761947272177,10.0461604549615,9.42877072868101
chr7,65644551,65645052,-0.2522391252432698,chr7,65642898,65694091,ENSMUSG00000030515.8,+,Tarsl2,protein_coding,23.4627036141229,21.0638903749753,19.70447665264
chr2,122028251,122028752,-0.4267124531360445,chr2,122026546,122058598,ENSMUSG00000027236.8,+,Eif3j1,protein_coding,28.2311915335758,22.2733952192239,21.0079628516226
chr12,117528690,117529191,-0.419872105387692,chr12,117514479,117758978,ENSMUSG00000041992.8,+,Rapgef5,protein_coding,11.5414838154905,9.4381033747928,8.62815230189476
chr6,25675065,25675566,-0.7004796339725069,chr6,25666607,25692729,ENSMUSG00000039904.8,-,Gpr37,protein_coding,18.8685207361121,10.852497017794,11.6122755290071
chr2,124100877,124101378,-0.5262122801034851,chr2,124087969,124669770,ENSMUSG00000027200.13,+,Sema6d,protein_coding,5.04239584171917,3.76070085452178,3.50022436173491
chr3,158130743,158131244,-0.2696593085351172,chr3,158082439,158564221,ENSMUSG00000028176.7,-,Lrrc7,protein_coding,3.2169954924288384,2.028367592665012,2.890483084790959
chr12,78226399,78226900,-0.4660733868350126,chr12,78224655,78686767,ENSMUSG00000047454.7,+,Gphn,protein_coding,20.9352805132118,15.4393623834146,15.1588166592338
chr12,38789098,38789599,-0.7050606454662971,chr12,38777380,38870215,ENSMUSG00000004151.12,+,Etv1,protein_coding,3.01298714492849,2.33308857934304,1.84605405845754
chr15,73184771,73185272,-0.3695794925547685,chr15,73093844,73186840,ENSMUSG00000036698.10,-,Ago2,protein_coding,12.8549968063581,10.4030635237562,9.95148854451666
chr18,46525650,46526151,-0.5288055275085206,chr18,46499746,46527971,ENSMUSG00000033319.5,-,Fem1c,protein_coding,45.4749402762451,34.5931604087294,31.5284859804667
chr3,139224341,139224842,-0.6641898252097451,chr3,139203694,139712299,ENSMUSG00000047940.9,+,Stpg2,protein_coding,3.8160949807443068,2.598917441513248,3.7652320582233743
chr14,115444724,115445225,-0.7651610092615864,chr14,115090215,116527179,ENSMUSG00000022112.10,+,Gpc5,protein_coding,5.78319226784828,3.75409153843299,3.40097414353827
chr6,37939072,37939573,-0.7279349657677968,chr6,37868811,37968296,ENSMUSG00000029833.13,+,Trim24,protein_coding,5.01126994146164,3.2650021478625,3.02382331439103
chr15,58932995,58933496,-0.5028383981567809,chr15,58888153,58935730,ENSMUSG00000050891.8,-,Tatdn1,protein_coding,5.01749512151315,3.91271512456396,3.53992444901357
chr15,58932995,58933496,-0.5028383981567809,chr15,58931810,58941489,ENSMUSG00000022354.3,+,Ndufb9,protein_coding,5.01749512151315,3.91271512456396,3.53992444901357
chr2,101760026,101760527,-0.5470831584744937,chr2,101712285,101885027,ENSMUSG00000032841.11,-,Prr5l,protein_coding,1.74305041442144,1.05088125811769,1.19100261835971
chr7,51749676,51750177,-0.3918550380973304,chr7,51744697,51749698,ENSMUSG00000078636.3,+,Gm7336,processed_pseudogene,2.94451016436193,1.85721782095012,2.24305493124411
chr7,51749676,51750177,-0.3918550380973304,chr7,51748796,51774726,ENSMUSG00000102124.1,-,Gm29296,lincRNA,2.94451016436193,1.85721782095012,2.24305493124411
chr4,86990049,86990550,-0.5373579531814419,chr4,86981124,87232477,ENSMUSG00000037996.13,-,Slc24a2,protein_coding,4.82774547997587,4.007071604509791,3.652760196350768
chr2,43784350,43784851,-0.8324494737707384,chr2,43746824,44397953,ENSMUSG00000049744.11,+,Arhgap15,protein_coding,2.06675977709971,1.01783467767373,1.15791921229416
chr13,83524022,83524523,-0.5246113680710525,chr13,83502034,83669079,ENSMUSG00000005583.12,+,Mef2c,protein_coding,8.50982113040754,6.00786832471054,5.91531300451987
chr1,54922674,54923175,-0.9083027368074876,chr1,54643340,54928387,ENSMUSG00000052331.10,-,Ankrd44,protein_coding,2.633472795614939,2.3353125872964156,1.8756030866961755
chr3,109027455,109027956,-0.3378935870351908,chr3,108968997,109029607,ENSMUSG00000040339.6,-,Fam102b,protein_coding,15.083611264797,12.7691986835432,11.9364929084495
chr6,21424263,21424764,-0.2591905507456125,chr6,21213503,21731805,ENSMUSG00000060882.5,+,Kcnd2,protein_coding,11.8838687183233,10.2444399376252,9.93163850087733
chr1,37719647,37720148,-0.2943733606804179,chr1,37609677,37722085,ENSMUSG00000026090.12,-,2010300C02Rik,protein_coding,17.3931530639054,15.9548890383402,14.1861645209067
chr11,7175313,7175814,-0.5036174530395247,chr11,7061489,7180506,ENSMUSG00000020431.5,+,Adcy1,protein_coding,7.30836138046704,4.50094425646632,5.15439466501228
chr14,79301387,79301888,-0.3124602103176656,chr14,79286756,79303645,ENSMUSG00000022018.7,-,Rgcc,protein_coding,9.27551827674267,7.10501479544976,7.4702330896006
chr3,142151917,142152418,-1.0921522366709064,chr3,141835136,142171425,ENSMUSG00000052430.11,-,Bmpr1b,protein_coding,3.23709362678268,1.67215697046399,1.51521999780207
chr13,14522183,14522684,-0.4819378332010499,chr13,14224438,14525226,ENSMUSG00000021301.8,-,Hecw1,protein_coding,8.33551608896539,6.13344533039756,5.96824645422475
chr11,29749399,29749900,-0.4239565563223525,chr11,29741048,30028033,ENSMUSG00000044072.10,-,Eml6,protein_coding,4.10239365394189,3.36414188919435,3.05690672045658
chr8,83942400,83942901,-0.3891699928653746,chr8,83898105,83943954,ENSMUSG00000013033.12,+,Lphn1,protein_coding,5.10464764223422,4.10438529113889,3.89722523452148
chr8,83942400,83942901,-0.3891699928653746,chr8,83930329,83957205,ENSMUSG00000074219.2,-,Gm10644,protein_coding,5.10464764223422,4.10438529113889,3.89722523452148
chr18,64171206,64171707,-0.4001680247030145,chr18,64155721,64279180,ENSMUSG00000086128.3,-,St8sia3os,antisense,3.20596772652515,2.03566935534747,2.42832200521118
chr10,56378474,56378975,-0.5686935740607268,chr10,56375300,56392419,ENSMUSG00000050953.9,+,Gja1,protein_coding,1.86755401545154,1.32847253384689,1.2571694304908
chr11,41999592,42000093,-0.5012320559808487,chr11,41908203,42002857,ENSMUSG00000020436.13,-,Gabrg2,protein_coding,4.76848791945294,4.13082255549405,3.36789073747272
chr12,119945417,119945918,-0.6197209761089275,chr12,119943957,120021211,ENSMUSG00000048004.10,+,Tmem196,protein_coding,1.48781803230973,0.793117930654857,0.966035457113984
chr13,23571524,23572025,-0.6263318207050449,chr13,23568662,23573121,ENSMUSG00000069272.5,-,Hist1h2ae,protein_coding,5.38478074455195,3.72104495798904,3.4869909993087
chr13,23571524,23572025,-0.6263318207050449,chr13,23569408,23573884,ENSMUSG00000058385.7,+,Hist1h2bg,protein_coding,5.38478074455195,3.72104495798904,3.4869909993087
chr13,23571524,23572025,-0.6263318207050449,chr13,23571736,23576196,ENSMUSG00000069268.4,-,Hist1h2bf,protein_coding,5.38478074455195,3.72104495798904,3.4869909993087
chr9,40717092,40717593,-0.464768188238482,chr9,40716906,40721986,ENSMUSG00000086014.1,-,Gm16095,antisense,4.33895049589909,3.13942514217548,3.142923576227
chr9,40717092,40717593,-0.464768188238482,chr9,40683962,40787319,ENSMUSG00000032024.10,+,Clmp,protein_coding,4.33895049589909,3.13942514217548,3.142923576227
chr15,72625906,72626407,-0.6426146484619167,chr15,72587621,73063204,ENSMUSG00000047921.11,-,Trappc9,protein_coding,2.1725878379753,1.73164081526311,1.38950305475299
chr2,143622589,143623090,-0.4646005921523027,chr2,143544156,143818285,ENSMUSG00000027419.9,+,Pcsk2,protein_coding,4.119972115743184,2.977598037548408,2.92443529836194
chr8,73111231,73111732,-0.5456067205492751,chr8,72812599,73355540,ENSMUSG00000004383.13,-,Large,protein_coding,4.505526804400537,3.43663745012112,2.7612305824866077
chr13,90922611,90923112,-0.5618531264872637,chr13,90921131,90926942,ENSMUSG00000049517.7,+,Rps23,protein_coding,27.7331771294554,19.3190309275346,18.7913746452309
chr12,21253645,21254146,-0.4650437483655521,chr12,21250118,21257952,ENSMUSG00000092373.1,-,Gm20535,processed_transcript,1.22636047014651,1.1830675798935,0.88663528255667
chr12,21253645,21254146,-0.4650437483655521,chr12,21238825,21288237,ENSMUSG00000062352.9,-,Itgb1bp1,protein_coding,1.22636047014651,1.1830675798935,0.88663528255667
chr12,21253645,21254146,-0.4650437483655521,chr12,21109748,21272171,ENSMUSG00000052632.11,+,Asap2,protein_coding,1.22636047014651,1.1830675798935,0.88663528255667
chr17,12174828,12175329,-0.4657866397521469,chr17,12116704,12221645,ENSMUSG00000023827.4,+,Agpat4,protein_coding,6.44306135330783,6.45069250265951,4.66476025524218
chr13,29985956,29986457,-0.5247725720536649,chr13,29904575,29987668,ENSMUSG00000016477.13,-,E2f3,protein_coding,43.3210279784243,30.5218216980344,30.1191328820744
chr17,80970703,80971204,-0.3494550010440578,chr17,80942632,81003816,ENSMUSG00000024245.4,+,Tmem178,protein_coding,1.23258565019802,1.10375578682801,0.966035457113984
chr2,139742332,139742833,-0.6196633593417762,chr2,139676178,139760581,ENSMUSG00000074766.6,+,Ism1,protein_coding,3.17484182626763,2.12819978059053,2.06440453849016
chr2,80047045,80047546,-0.7840543598706202,chr2,79832453,80131458,ENSMUSG00000059173.15,-,Pde1a,protein_coding,3.06901376539204,2.16124636103449,1.77988724632645
chr10,40024446,40024947,-0.4026870013058297,chr10,39999575,40027268,ENSMUSG00000038522.6,-,AI317395,protein_coding,4.53193107749575,3.94576170500792,3.42744086839071
chr1,191396981,191397482,-0.3479756704110088,chr1,191349975,191405272,ENSMUSG00000026626.7,-,Ppp2r5a,protein_coding,38.7953220809801,31.3612048413108,30.4896670300085
chr10,44434696,44435197,-0.7937252554253785,chr10,44435177,44530501,ENSMUSG00000038151.8,-,Prdm1,protein_coding,3.54835262935793,2.2934326828103,2.04455449485083
chr8,77257038,77257539,-0.591637128379518,chr8,77248366,77519907,ENSMUSG00000037148.7,-,Arhgap10,protein_coding,5.06729656192519,3.64834248101234,3.36127405625962
chr10,67252162,67252663,-0.6229961081417885,chr10,67094125,67258326,ENSMUSG00000037876.12,+,Jmjd1c,protein_coding,4.7003795972127405,2.5784531067945284,2.4615655954250557
chr17,49456832,49457333,-0.4120737348272848,chr17,49426362,49457435,ENSMUSG00000064120.9,+,Mocs1,protein_coding,4.410694116127943,3.753351807832242,2.9640238108987105
chr17,49456832,49457333,-0.4120737348272848,chr17,49454022,49566337,ENSMUSG00000040260.7,-,Daam2,protein_coding,4.410694116127943,3.753351807832242,2.9640238108987105
chr2,140395089,140395590,-0.425781244692038,chr2,140393309,142394966,ENSMUSG00000068205.10,+,Macrod2,protein_coding,32.682195270402,23.595258436982,24.3361535018167
chr1,118912807,118913308,-0.4898116535144942,chr1,118832132,119055619,ENSMUSG00000048402.10,-,Gli2,protein_coding,2.91960944415591,2.48510284938522,2.07763790091638
chr1,182332189,182332690,-0.5467681458000061,chr1,182311102,182343629,ENSMUSG00000047539.5,-,Fbxo28,protein_coding,1.5687453729793,1.1830675798935,1.07190235652374
chr18,12973049,12973550,-0.4981326769330725,chr18,12970252,12994948,ENSMUSG00000024423.5,+,Impact,protein_coding,20.1820337269797,14.9767102571992,14.2920314203165
chr10,58625489,58625990,-0.4370926080784476,chr10,58598789,58677654,ENSMUSG00000003227.4,-,Edar,protein_coding,2.1788130180268,1.57962654522092,1.6078535347856
chr3,155093155,155093656,-0.5648296942808533,chr3,155092865,155099655,ENSMUSG00000104122.1,+,RP24-95D6.2,TEC,35.8819378168757,25.1947129304693,24.2633700084725
chr3,155093155,155093656,-0.5648296942808533,chr3,155082918,155095403,ENSMUSG00000053870.7,-,Fpgt,protein_coding,35.8819378168757,25.1947129304693,24.2633700084725
chr3,155093155,155093656,-0.5648296942808533,chr3,155090018,155094128,ENSMUSG00000064765.1,+,Gm26456,misc_RNA,35.8819378168757,25.1947129304693,24.2633700084725
chr3,155093155,155093656,-0.5648296942808533,chr3,155091434,155196280,ENSMUSG00000028182.10,+,Lrriq3,protein_coding,35.8819378168757,25.1947129304693,24.2633700084725
chr4,6030499,6031000,-0.6525151950618435,chr4,5642090,6110223,ENSMUSG00000049119.10,+,Fam110b,protein_coding,9.82955930132663,5.67079320418223,6.25276374638846
chr1,79709972,79710473,-0.488785470365516,chr1,79700262,79778143,ENSMUSG00000073643.7,-,Wdfy1,protein_coding,3.60437924982148,2.39257242414215,2.56727231068648
chrX,60547925,60548426,-0.6574888824311274,chrX,60546019,60550849,ENSMUSG00000082226.3,+,Gm715,processed_pseudogene,2.98808642472247,2.02245072316989,1.89237082694931
chrX,60547925,60548426,-0.6574888824311274,chrX,60221290,60594698,ENSMUSG00000062949.9,-,Atp11c,protein_coding,2.98808642472247,2.02245072316989,1.89237082694931
chr18,73572242,73572743,-0.4876587845839789,chr18,73571044,73594575,ENSMUSG00000037253.8,+,Mex3c,protein_coding,62.0588199334548,44.0709196800549,44.2722139969155
chr14,23626871,23627372,-0.3976114629806709,chr14,23287431,24006859,ENSMUSG00000063142.9,-,Kcnma1,protein_coding,5.64001312666366,3.87305922803122,4.28099274488183
chr4,36950276,36950777,-0.4965347551834386,chr4,36949406,36953743,ENSMUSG00000103363.1,-,AL844160.1,pseudogene,9.64280389978147,8.31451963969842,6.83503169314209
chr4,36950276,36950777,-0.4965347551834386,chr4,35704647,36953747,ENSMUSG00000045083.10,-,Lingo2,protein_coding,9.64280389978147,8.31451963969842,6.83503169314209
chr1,125717049,125717550,-0.6157441825429659,chr1,125674995,125875862,ENSMUSG00000026343.6,+,Gpr39,protein_coding,2.80133102317732,1.74485944744069,1.82620401481822
chr2,66598056,66598557,-0.7515108486644689,chr2,66478080,66636962,ENSMUSG00000075316.7,-,Scn9a,protein_coding,3.57947852961546,1.97618551054835,2.12395466940814
chr12,59011797,59012298,-0.5535034151470084,chr12,59011393,59030470,ENSMUSG00000060121.11,+,Gemin2,protein_coding,42.8043380341494,29.1933491641875,29.1729474685997
chr12,59011797,59012298,-0.5535034151470084,chr12,58956383,59014017,ENSMUSG00000020986.9,-,Sec23a,protein_coding,42.8043380341494,29.1933491641875,29.1729474685997
chr16,67103150,67103651,-0.7350260239432556,chr16,66653421,67622908,ENSMUSG00000064115.9,-,Cadm2,protein_coding,5.931457354874906,4.10869627370092,5.500048839641426
chr18,56925357,56925858,-0.514853087956202,chr18,56759716,56927548,ENSMUSG00000032656.10,-,March3,protein_coding,42.343674710338,29.0479442102342,29.6427318347305
chr16,70329025,70329526,-0.7075209875491446,chr16,70311949,70571716,ENSMUSG00000022707.12,+,Gbe1,protein_coding,1.62477199344284,0.9715694650522,0.992502181966422
chr2,116063970,116064471,-0.4878455358188756,chr2,116064218,116069444,ENSMUSG00000086328.1,-,2700033N17Rik,lincRNA,8.8335304930858,6.11361738213119,6.29908051488022
chr2,116063970,116064471,-0.4878455358188756,chr2,115861064,116067839,ENSMUSG00000027210.16,-,Meis2,protein_coding,8.8335304930858,6.11361738213119,6.29908051488022
chr5,20462337,20462838,-0.7358763476479788,chr5,19225046,20706798,ENSMUSG00000040003.13,+,Magi2,protein_coding,5.49060880542754,4.46789767602236,3.29510724412852
chr5,102944458,102944959,-0.5542715816764024,chr5,102905948,103213334,ENSMUSG00000046709.12,-,Mapk10,protein_coding,4.27329349755765,4.129964491088471,2.997712858184845
chr10,98914826,98915327,-0.6019026362509238,chr10,98913152,99028143,ENSMUSG00000019943.9,+,Atp2b1,protein_coding,15.5940760290204,11.3481957244533,10.275705923959
chr14,88469863,88470364,-0.6944216857398084,chr14,88462743,88473396,ENSMUSG00000050505.7,-,Pcdh20,protein_coding,9.53075065885438,6.31189686479491,5.88884627966744
chr13,24801303,24801804,-0.4508816503906425,chr13,24799657,24816013,ENSMUSG00000019132.6,+,BC005537,protein_coding,10.4271765862711,8.71107860502585,7.62903343871523
chr18,47367684,47368185,-0.6407511024018704,chr18,47233598,47370870,ENSMUSG00000019647.12,-,Sema6a,protein_coding,3.8687028685015834,3.8181917886296195,2.525274299575897
chr1,170375476,170375977,-0.5878805212801478,chr1,170300668,170591861,ENSMUSG00000038473.10,-,Nos1ap,protein_coding,3.7162463289059087,2.6245526506039436,2.0880961836930996
chr12,30883968,30884469,-0.3856337817082395,chr12,30882322,30895854,ENSMUSG00000054204.6,+,Fam150b,protein_coding,4.3576260360536,3.37736052137193,3.33480733140718
chr13,23307399,23307900,-0.7864895784846299,chr13,23274204,23315400,ENSMUSG00000085488.1,-,4930557F10Rik,lincRNA,6.20027933129913,3.42362573399347,3.59285789871845
chr4,49597291,49597792,-0.4142264758995199,chr4,49582506,49599876,ENSMUSG00000039611.2,-,Tmem246,protein_coding,12.5188370835769,10.3501889950459,9.39568732261546
chr10,33301326,33301827,-0.8847957961669314,chr10,33081483,33478709,ENSMUSG00000019787.8,+,Trdn,protein_coding,2.1264370565642854,1.9390421601350674,2.2355687891889713
chr10,64919434,64919935,-0.7490039930538939,chr10,63428098,65005667,ENSMUSG00000060843.7,+,Ctnna3,protein_coding,5.75206636759076,2.88827113080144,3.4208241871776
chr5,73334773,73335274,-0.4961324822764176,chr5,73320199,73340947,ENSMUSG00000029153.8,-,Ociad2,protein_coding,8.045946618991936,6.526663815427921,6.270580812366661
chr7,130266073,130266574,-0.2733844545687117,chr7,130160451,133125350,ENSMUSG00000030849.13,-,Fgfr2,protein_coding,1.51271875251575,1.60606380957609,1.25055274927769
chr13,119428623,119429124,-0.5224786754234271,chr13,119426601,119460218,ENSMUSG00000025451.11,+,Paip1,protein_coding,18.2833538112706,13.5490979820205,12.7304946540226
chr9,119334235,119334736,-0.2805726018688563,chr9,119333934,119343411,ENSMUSG00000032508.8,-,Myd88,protein_coding,2.56477418122012,1.71181286699673,2.11072130698192
chr9,119334235,119334736,-0.2805726018688563,chr9,119167455,119367553,ENSMUSG00000070280.9,-,Slc22a14,protein_coding,2.56477418122012,1.71181286699673,2.11072130698192
chr12,69158974,69159475,-0.5298307517232727,chr12,69157295,69161594,ENSMUSG00000099021.1,+,Gm22405,misc_RNA,34.6493521666777,26.2720314529422,24.0053194411612
chr12,69158974,69159475,-0.5298307517232727,chr12,69155722,69161186,ENSMUSG00000034892.8,-,Rps29,protein_coding,34.6493521666777,26.2720314529422,24.0053194411612
chr4,16002566,16003067,-0.6645376412206278,chr4,15995121,16015888,ENSMUSG00000041153.5,-,Osgin2,protein_coding,12.5748637040404,7.44208991597808,7.93340077451827
chr5,92959653,92960154,-0.4584258696010445,chr5,92681435,92967318,ENSMUSG00000029381.11,+,Shroom3,protein_coding,3.96543969280878,2.86183386644628,2.88487300891573
chr9,31175743,31176244,-0.4965311405342728,chr9,31147557,31213815,ENSMUSG00000031996.12,-,Aplp2,protein_coding,4.79961381971047,3.75409153843299,3.40097414353827
chr19,59462005,59462506,-0.338065404478328,chr19,59456372,59467357,ENSMUSG00000043969.4,+,Emx2,protein_coding,5.1812854636453105,3.996150100064611,4.239508348072836
chr3,114066086,114066587,-0.7459923883072255,chr3,114028540,114222718,ENSMUSG00000027966.15,+,Col11a1,protein_coding,2.33444251931443,1.63911039002004,1.38950305475299
chr10,106509761,106510262,-0.7780671766024281,chr10,106468310,106935467,ENSMUSG00000053825.10,+,Ppfia2,protein_coding,10.3836003259106,7.13806137589372,6.05426330999517
chr4,95052123,95052624,-0.5554621129437094,chr4,95047034,95054222,ENSMUSG00000052684.4,-,Jun,protein_coding,47.5479252333963,34.1106803342477,32.3621878133185
chr4,95052123,95052624,-0.5554621129437094,chr4,95049534,95169318,ENSMUSG00000087366.3,+,Junos,antisense,47.5479252333963,34.1106803342477,32.3621878133185
chr3,33002379,33002880,-0.5830856516112133,chr3,32947408,33145247,ENSMUSG00000027674.12,-,Pex5l,protein_coding,4.106472252847667,3.2011958681894632,2.5769226865140262
chr2,43978011,43978512,-0.7273913200797851,chr2,43746824,44397953,ENSMUSG00000049744.11,+,Arhgap15,protein_coding,2.08543531725422,1.53997064868818,1.2571694304908
chr11,80549755,80550256,-0.5391754779427665,chr11,80480126,80782025,ENSMUSG00000035441.10,-,Myo1d,protein_coding,1.19523456988899,1.2491607407814,0.820468470425575
chr10,39630099,39630600,-0.6167149970613786,chr10,39610934,39657307,ENSMUSG00000019842.6,+,Traf3ip2,protein_coding,22.0433625623797,15.141943159419,14.3780482760869
chr10,39630099,39630600,-0.6167149970613786,chr10,39619412,39734007,ENSMUSG00000087177.3,-,E130307A14Rik,processed_transcript,22.0433625623797,15.141943159419,14.3780482760869
chr2,70097740,70098241,-0.3608602978156434,chr2,70037126,70431198,ENSMUSG00000042064.9,+,Myo3b,protein_coding,2.72040368250775,2.14802772885691,2.11733798819503
chr15,25413539,25414040,-0.5024246501266912,chr15,25412192,25416844,ENSMUSG00000056089.5,+,Gm5468,protein_coding,18.1339494900345,13.9853128438807,12.8032781473668
chr15,25413539,25414040,-0.5024246501266912,chr15,25361285,25415764,ENSMUSG00000045763.7,-,Basp1,protein_coding,18.1339494900345,13.9853128438807,12.8032781473668
chr2,43985949,43986450,-0.7222246619382937,chr2,43746824,44397953,ENSMUSG00000049744.11,+,Arhgap15,protein_coding,3.79113465136663,2.09515320014658,2.29598838094899
chr8,126593814,126594315,-0.3058578572665096,chr8,126586296,126595986,ENSMUSG00000051495.7,-,Irf2bp2,protein_coding,21.0971351945509,17.349454733075,17.0710375298225
chr6,104808532,104809033,-0.9792288391375864,chr6,104490790,104865406,ENSMUSG00000030092.10,+,Cntn6,protein_coding,2.5471197472598974,0.6975825525626926,1.7200010735355689
chrX,49288065,49288566,-0.6956609369637305,chrX,49007707,49290259,ENSMUSG00000031109.12,-,Enox2,protein_coding,20.605345970482,14.0910619013013,12.7238779728095
chr14,26669699,26670200,-0.3925961082039746,chr14,26657958,26671883,ENSMUSG00000043702.9,-,Pde12,protein_coding,11.7593651172932,9.47114995523676,8.95898636255023
chr14,26669699,26670200,-0.3925961082039746,chr14,26667547,26671608,ENSMUSG00000098751.1,-,Mir7672,miRNA,11.7593651172932,9.47114995523676,8.95898636255023
chr14,26669699,26670200,-0.3925961082039746,chr14,26668010,26672507,ENSMUSG00000096052.1,+,9930004E17Rik,antisense,11.7593651172932,9.47114995523676,8.95898636255023
chr5,66381952,66382453,-0.7875298378608717,chr5,66296861,66620828,ENSMUSG00000029207.12,-,Apbb2,protein_coding,2.67682742214721,1.92992029792682,1.54830340386762
chr1,105663549,105664050,-0.5542223682373717,chr1,105661861,105757191,ENSMUSG00000026319.9,+,2310035C23Rik,protein_coding,35.1722672910041,23.4234162186735,23.9590026726694
chr1,105663549,105664050,-0.5542223682373717,chr1,105516422,105665677,ENSMUSG00000056536.10,-,Pign,protein_coding,35.1722672910041,23.4234162186735,23.9590026726694
chr1,23202856,23203357,-0.6494683195029796,chr1,23046295,23237673,ENSMUSG00000101227.1,-,Gm29506,sense_overlapping,8.49114559025302,4.75870758392914,5.41244523232355
chr10,106469981,106470482,-0.5422815440793384,chr10,106464939,106472768,ENSMUSG00000097869.1,-,C230021G24Rik,lincRNA,14.9528824837154,11.0045112878361,10.2690892427459
chr10,106469981,106470482,-0.5422815440793384,chr10,106468310,106935467,ENSMUSG00000053825.10,+,Ppfia2,protein_coding,14.9528824837154,11.0045112878361,10.2690892427459
chr10,52381873,52382374,-0.5317314638275591,chr10,52335024,52384124,ENSMUSG00000019861.10,-,Gopc,protein_coding,41.2355926611701,29.3519727503185,28.5311293909281
chr11,5963685,5964186,-0.4024839099841394,chr11,5953693,5969780,ENSMUSG00000002741.9,+,Ykt6,protein_coding,4.33895049589909,3.29143941221766,3.2818738817023
chr10,43964313,43964814,-0.6681644132128846,chr10,43948307,44006846,ENSMUSG00000019866.9,-,Aim1,protein_coding,1.44424177194919,0.773289982388486,0.906485326195999
chr3,108363634,108364135,-0.3579607379915441,chr3,108359551,108364256,ENSMUSG00000078601.4,+,Gm12525,antisense,8.14876068742024,7.08518684718339,6.35863064579821
chr3,108363634,108364135,-0.3579607379915441,chr3,108362911,108382056,ENSMUSG00000068745.5,+,Mybphl,protein_coding,8.14876068742024,7.08518684718339,6.35863064579821
chr2,45116970,45117471,-0.6371497603958935,chr2,44981634,45119395,ENSMUSG00000026872.12,-,Zeb2,protein_coding,20.8045517321302,14.0514060047686,13.3789294129074
chr10,22720779,22721280,-1.0973424007903687,chr10,22701879,22733938,ENSMUSG00000071359.9,-,Tbpl1,protein_coding,1.96093171622412,1.13680236727196,0.913102007409108
chr15,44775682,44776183,-0.9399834617588804,chr15,44669859,44790063,ENSMUSG00000022340.10,-,Sybu,protein_coding,2.9477320581139206,1.642443056829913,2.3337541875725023
chr3,142701311,142701812,-0.4974652260579292,chr3,142699051,142746910,ENSMUSG00000040213.9,+,Ccbl2,protein_coding,1.52516911261876,1.22933279251503,1.07851903773685
chr5,81364363,81364864,-0.747300134136864,chr5,81018138,81827133,ENSMUSG00000037605.12,+,Lphn3,protein_coding,3.3802727679673,2.58424259071708,2.01147108878528
chr10,53379612,53380113,-0.5457326574227794,chr10,53276081,53381851,ENSMUSG00000038594.8,-,Cep85l,protein_coding,29.8870894272762,21.4736679724803,20.4786283545738
chrX,60547322,60547823,-0.6523082712879411,chrX,60546019,60550849,ENSMUSG00000082226.3,+,Gm715,processed_pseudogene,4.21444689486898,2.67016369987135,2.67975589130934
chrX,60547322,60547823,-0.6523082712879411,chrX,60221290,60594698,ENSMUSG00000062949.9,-,Atp11c,protein_coding,4.21444689486898,2.67016369987135,2.67975589130934
chr5,86172614,86173115,-0.5401816892565842,chr5,86108720,86174803,ENSMUSG00000035898.9,-,Uba6,protein_coding,41.7087063450845,30.0856068361743,28.6899297400427
chr11,46056076,46056577,-0.3946015347892606,chr11,46053992,46149343,ENSMUSG00000011256.12,+,Adam19,protein_coding,5.38478074455195,4.41502314731204,4.09572567091477
chr2,136214536,136215037,-0.7071091546523895,chr2,136079104,136389967,ENSMUSG00000039913.8,-,Pak7,protein_coding,7.35816282087908,5.93516584773385,4.50595990612756
chr14,87415692,87416193,-0.5341510963579305,chr14,87414639,87547373,ENSMUSG00000022019.11,+,Tdrd3,protein_coding,25.9029741943129,18.8167229047865,17.891506000248
chr6,24552127,24552628,-0.6396070709867039,chr6,24526144,24575164,ENSMUSG00000029685.11,+,Asb15,protein_coding,7.55736858252725,4.7917541643731,4.85002732920925
chr17,11281544,11282045,-0.4715865942323239,chr17,11281922,11288765,ENSMUSG00000104527.1,-,RP23-355B17.2,TEC,1.36953961133113,1.45404953953391,0.985885500753312
chr17,11281544,11282045,-0.4715865942323239,chr17,10838384,12065361,ENSMUSG00000023826.10,+,Park2,protein_coding,1.36953961133113,1.45404953953391,0.985885500753312
chr2,85197632,85198133,-0.4786061988066137,chr2,85160334,85198699,ENSMUSG00000075224.4,-,Lrrc55,protein_coding,2.83245692343484,2.03566935534747,2.03132113242461
chr2,85197632,85198133,-0.4786061988066137,chr2,85194932,85200675,ENSMUSG00000086905.1,+,Gm13716,antisense,2.83245692343484,2.03566935534747,2.03132113242461
chr2,52857985,52858486,-0.3177092152559234,chr2,52857723,52865516,ENSMUSG00000097857.1,-,Gm26603,lincRNA,4.84941526012251,4.0250734980734,3.89060855330837
chr2,52857985,52858486,-0.3177092152559234,chr2,52855860,53136202,ENSMUSG00000036053.12,+,Fmnl2,protein_coding,4.84941526012251,4.0250734980734,3.89060855330837
chr13,23299335,23299836,-0.5403014239681873,chr13,23274204,23315400,ENSMUSG00000085488.1,-,4930557F10Rik,lincRNA,3.5047763689974,2.53797737809554,2.40847196157185
chr13,23299335,23299836,-0.5403014239681873,chr13,23296049,23300196,ENSMUSG00000080698.1,+,Gm11333,processed_pseudogene,3.5047763689974,2.53797737809554,2.40847196157185
chr2,126033092,126033593,-0.6360975561345206,chr2,125981483,126154004,ENSMUSG00000027209.13,-,Fam227b,protein_coding,11.1368471121427,5.82280747422441,7.16586575379757
chr2,126033092,126033593,-0.6360975561345206,chr2,126032658,126093185,ENSMUSG00000027208.10,+,Fgf7,protein_coding,11.1368471121427,5.82280747422441,7.16586575379757
chr11,29172550,29173051,-0.4100694728608415,chr11,29168909,29175558,ENSMUSG00000086725.1,-,A630052C17Rik,processed_transcript,31.4931858805645,25.7036302693062,23.7075687865713
chr11,29172550,29173051,-0.4100694728608415,chr11,29170890,29222797,ENSMUSG00000020463.11,+,Smek2,protein_coding,31.4931858805645,25.7036302693062,23.7075687865713
chr3,138442271,138442772,-0.4743439903446256,chr3,138441093,138457499,ENSMUSG00000028138.4,+,Adh5,protein_coding,11.3609535939969,8.96223261639989,8.17821797940332
chr18,15080437,15080938,-0.4681031664265865,chr18,14966685,15153446,ENSMUSG00000036225.10,-,Kctd1,protein_coding,6.654717475059,4.79836348046189,4.81032724193059
chr18,84880888,84881389,-0.5892248455005942,chr18,84849338,84882401,ENSMUSG00000024646.9,+,Cyb5a,protein_coding,3.98411523296329,2.59085190680587,2.64667248524379
chr2,109280458,109280959,-0.5221025055523038,chr2,109090297,109282748,ENSMUSG00000057234.5,-,Mettl15,protein_coding,21.8690575209376,15.7896561361205,15.231600152578
chr2,109280458,109280959,-0.5221025055523038,chr2,109278738,109343747,ENSMUSG00000027115.10,+,Kif18a,protein_coding,21.8690575209376,15.7896561361205,15.231600152578
chr3,75556792,75557293,-0.6175304807829117,chr3,75514490,75558856,ENSMUSG00000027835.7,-,Pdcd10,protein_coding,60.5274256407845,41.7708776811558,39.4618867549849
chr3,75556792,75557293,-0.6175304807829117,chr3,75555547,75645495,ENSMUSG00000027834.11,+,Serpini1,protein_coding,60.5274256407845,41.7708776811558,39.4618867549849
chr3,142358830,142359331,-0.9035139421095186,chr3,142237586,142397696,ENSMUSG00000028273.11,-,Pdlim5,protein_coding,1.98583243643014,1.13019305118317,1.05866899409752
chr4,9614329,9614830,-0.6771246624058448,chr4,9446069,9671344,ENSMUSG00000028207.14,-,Asph,protein_coding,2.94451016436193,2.17446499321207,1.83943737724444
chr4,49520902,49521403,-0.5526264407193285,chr4,49510596,49523093,ENSMUSG00000044018.3,-,Mrpl50,protein_coding,35.5893543544549,24.0711291953749,24.2699866896856
chr4,49520902,49521403,-0.5526264407193285,chr4,49519176,49533517,ENSMUSG00000039634.8,+,Zfp189,protein_coding,35.5893543544549,24.0711291953749,24.2699866896856
chr6,137554887,137555388,-0.8173454922964332,chr6,137475245,137656876,ENSMUSG00000015766.10,-,Eps8,protein_coding,1.63722235354585,1.15002099944954,0.926335369835327
chr2,124610250,124610751,-0.4646985647197162,chr2,124087969,124669770,ENSMUSG00000027200.13,+,Sema6d,protein_coding,8.66545063169517,7.20415453678162,6.2792304712409
chr2,109712838,109713339,-0.7714104061021737,chr2,109672700,109729007,ENSMUSG00000048482.10,+,Bdnf,protein_coding,3.6292799700275,2.2207302058336,2.12395466940814
chr2,140395614,140396115,-0.3845711696519958,chr2,140393309,142394966,ENSMUSG00000068205.10,+,Macrod2,protein_coding,6.95352611753125,6.43086455439314,5.32642837655313
chr2,63004812,63005313,-0.5335990121116427,chr2,62691414,63186287,ENSMUSG00000059742.6,-,Kcnh7,protein_coding,3.7640057894997967,2.927588159690598,3.3361820798672124
chr16,40513618,40514119,-0.4793178793476699,chr16,39982361,42183679,ENSMUSG00000061080.7,+,Lsamp,protein_coding,4.344417031891569,1.9234072027092208,3.123165295509521
chr1,13372292,13372793,-0.4567340569383632,chr1,13137105,13376083,ENSMUSG00000005886.10,-,Ncoa2,protein_coding,20.9726315935208,16.7017417563735,15.2845336022829
chr18,69660972,69661473,-0.4574383321863533,chr18,69342146,69689967,ENSMUSG00000053477.11,+,Tcf4,protein_coding,6.529169995389775,5.416948248526293,4.488444802765836
chr2,170662251,170662752,-0.2506714612313466,chr2,170650434,170664465,ENSMUSG00000085158.1,-,Gm14264,lincRNA,2.91338426410441,3.00723882039967,2.44817204885051
chr6,11938360,11938861,-0.8106231113175598,chr6,11905809,12083197,ENSMUSG00000029629.12,+,Phf14,protein_coding,4.58795769795929,2.70321028031531,2.61358907917824
chr8,94329034,94329535,-0.3256702372625711,chr8,94327192,94368213,ENSMUSG00000031766.3,+,Slc12a3,protein_coding,3.19351736642214,2.71642891249289,2.54742226704715
chr9,45755054,45755555,-0.3133821616189577,chr9,45428293,45755164,ENSMUSG00000032087.9,+,Dscaml1,protein_coding,2.09788567735723,2.53797737809554,1.68725370934292
chr1,12947315,12947816,-0.761487271869291,chr1,12864549,12994650,ENSMUSG00000025938.12,-,Slco5a1,protein_coding,7.27101030015801,3.72765427407783,4.28760942609494
chr9,80238371,80238872,-0.5739172864958026,chr9,80163031,80313729,ENSMUSG00000033577.14,+,Myo6,protein_coding,2.88848354389839,1.91009234966045,1.93868759544108
chr17,42316209,42316710,-0.3050053107983123,chr17,42313947,42509741,ENSMUSG00000042256.4,+,Ptchd4,protein_coding,3.0254375050315,2.84200591817991,2.44817204885051
chr6,54506224,54506725,-0.4049361289298263,chr6,54503890,54568489,ENSMUSG00000019124.6,-,Scrn1,protein_coding,8.2172376679868,6.27885028435095,6.20644697789669
chr16,34147597,34148098,-0.2587237335260796,chr16,33972258,34575532,ENSMUSG00000061751.11,-,Kalrn,protein_coding,8.994257223582315,7.391510735014956,7.04819652325141
chr18,52796177,52796678,-0.7617385285250822,chr18,52765709,52917935,ENSMUSG00000024534.11,+,Sncaip,protein_coding,4.34517567595059,2.57763327462829,2.56065562947337
chr13,20472733,20473234,-0.5156506984547143,chr13,20088596,20608528,ENSMUSG00000041112.11,+,Elmo1,protein_coding,8.93935855396139,6.72167446229992,6.25276374638846
chr11,110993059,110993560,-0.9254805793349834,chr11,110966033,111029968,ENSMUSG00000051497.11,+,Kcnj16,protein_coding,2.07921013720272,1.34830048211326,1.09175240016306
chr14,121154759,121155260,-0.4780999011909982,chr14,121033200,121285744,ENSMUSG00000025555.10,+,Farp1,protein_coding,1.37576479138264,0.978178781140991,0.985885500753312
chr17,64331851,64332352,-0.3730825832582194,chr17,64279005,64333916,ENSMUSG00000024083.11,-,Pja2,protein_coding,49.8761425726592,39.4443984179016,38.5223180227234
chr10,99262448,99262949,-0.5589346262305401,chr10,99261231,99269488,ENSMUSG00000019960.7,+,Dusp6,protein_coding,5.66491384686968,4.50755357255511,3.84429178481661
chr18,55028578,55029079,-0.6926259019191083,chr18,54988310,55081414,ENSMUSG00000096948.1,+,Gm4221,lincRNA,2.03563387684218,1.73164081526311,1.2571694304908
chr10,34281916,34282417,-0.4707658978239475,chr10,34280190,34287275,ENSMUSG00000047514.6,+,Tspyl1,protein_coding,25.1559525881323,18.6713179508331,18.1561732487724
chr6,32153826,32154327,-0.3552126431001717,chr6,32142268,32590192,ENSMUSG00000029765.11,-,Plxna4,protein_coding,4.217398339878775,3.0331250155519345,2.627522386714608
chr1,135313554,135314055,-0.3578536637755705,chr1,135293213,135315778,ENSMUSG00000062580.5,-,Timm17a,protein_coding,15.8617587712351,13.595363194642,12.3798105497278
chr15,10486246,10486747,-0.5824732512644176,chr15,10472779,10487947,ENSMUSG00000022247.8,-,Brix1,protein_coding,6.84769805665566,5.61791867547191,4.57212671825865
chr15,10486246,10486747,-0.5824732512644176,chr15,10484018,10501063,ENSMUSG00000022248.10,+,Rad1,protein_coding,6.84769805665566,5.61791867547191,4.57212671825865
chr13,34232922,34233423,-0.7074739229385452,chr13,34177158,34347182,ENSMUSG00000038267.10,-,Slc22a23,protein_coding,2.52119792085958,2.45866558503006,1.54168672265451
chr2,4137341,4137842,-0.4116639219378654,chr2,4130063,4143141,ENSMUSG00000084859.3,-,1700080N15Rik,antisense,6.03842464995999,5.15526654925657,4.5390433121931
chr2,4137341,4137842,-0.4116639219378654,chr2,4136984,4144627,ENSMUSG00000102816.1,+,RP23-416H10.5,sense_intronic,6.03842464995999,5.15526654925657,4.5390433121931
chr2,4137341,4137842,-0.4116639219378654,chr2,4135774,4146102,ENSMUSG00000086921.1,+,Gm13189,lincRNA,6.03842464995999,5.15526654925657,4.5390433121931
chr2,4137341,4137842,-0.4116639219378654,chr2,4015717,4616043,ENSMUSG00000026657.12,+,Frmd4a,protein_coding,6.03842464995999,5.15526654925657,4.5390433121931
chr6,13677776,13678277,-0.532083959924196,chr6,13623677,13679966,ENSMUSG00000042742.5,-,B630005N14Rik,protein_coding,35.8321363764636,25.6375371084183,24.7860878243081
chr1,169747451,169747952,-0.367043561782957,chr1,169739477,169749642,ENSMUSG00000038530.7,-,Rgs4,protein_coding,13.284534229912,11.3151491440093,10.3021726488115
chr17,63863136,63863637,-0.3505606931815035,chr17,63861300,63865791,ENSMUSG00000045506.3,-,A930002H24Rik,protein_coding,4.58173251790779,4.58686536562059,3.59285789871845
chr16,66822828,66823329,-0.6291092318684004,chr16,66653421,67622908,ENSMUSG00000064115.9,-,Cadm2,protein_coding,1.59987127323682,1.05749057420648,1.03220226924508
chr17,15375160,15375661,-0.2697874569666182,chr17,15373000,15381475,ENSMUSG00000097566.1,+,A930024N18Rik,lincRNA,3.1437159260101,2.94114565951176,2.60697239796513
chr17,15375160,15375661,-0.2697874569666182,chr17,15365354,15378872,ENSMUSG00000014773.9,-,Dll1,protein_coding,3.1437159260101,2.94114565951176,2.60697239796513
chr5,25801694,25802195,-0.3803465837902706,chr5,25757997,25852342,ENSMUSG00000056367.10,+,Actr3b,protein_coding,2.93828498431043,2.16785567712328,2.25628829367033
chr18,34931820,34932321,-0.3844651114153781,chr18,34900785,34934007,ENSMUSG00000024360.7,-,Etf1,protein_coding,38.2350558763446,32.4980072085828,29.2986644116488
chr5,123499710,123500211,-0.2735773964083851,chr5,123487325,123510205,ENSMUSG00000063409.8,+,Lrrc43,protein_coding,3.42384902832783,3.60207726839081,2.83193955921086
chr12,4917064,4917565,-0.3403555022748311,chr12,4915404,5046047,ENSMUSG00000052812.4,+,Atad2b,protein_coding,24.3964806218487,20.6210661970263,19.2743923737879
chr2,124235162,124235663,-0.4516113321735459,chr2,124087969,124669770,ENSMUSG00000027200.13,+,Sema6d,protein_coding,2.78888066307431,1.78451534397343,2.03793781363772
chr12,41482915,41483416,-0.5425061902814207,chr12,41449673,41487751,ENSMUSG00000036295.4,-,Lrrn3,protein_coding,4.55060661765026,3.00723882039967,3.12307353258767
chr12,41482915,41483416,-0.5425061902814207,chr12,41022090,41957588,ENSMUSG00000056899.6,+,Immp2l,protein_coding,4.55060661765026,3.00723882039967,3.12307353258767
chr2,121571083,121571584,-0.4757701549586103,chr2,121543529,121809087,ENSMUSG00000027238.12,-,Frmd5,protein_coding,4.30782459564156,3.17247172261943,3.09660680773524
chr13,76384249,76384750,-0.4835363874265272,chr13,76382535,77033810,ENSMUSG00000021596.12,+,Mctp1,protein_coding,4.16464545445694,4.10438529113889,2.97750654589927
chr1,179563107,179563608,-0.616817533212664,chr1,179544370,179629478,ENSMUSG00000038949.8,+,Cnst,protein_coding,1.44424177194919,1.44744022344511,0.939568732261546
chrX,94212693,94213194,-0.2645689720762474,chrX,94186707,94214862,ENSMUSG00000035150.11,-,Eif2s3x,protein_coding,14.5980472207796,12.9476502179405,12.1548433884821
chr1,159932006,159932507,-0.5683487122144393,chr1,159926390,159933726,ENSMUSG00000103719.1,-,RP23-40E2.2,antisense,3.939998384483322,2.805730190105781,2.5905560723797767
chr1,159932006,159932507,-0.5683487122144393,chr1,159521769,159933729,ENSMUSG00000015829.9,+,Tnr,protein_coding,3.939998384483322,2.805730190105781,2.5905560723797767
chr14,88469357,88469858,-0.5138668329974191,chr14,88462743,88473396,ENSMUSG00000050505.7,-,Pcdh20,protein_coding,7.15273187917941,5.39981124454182,5.00882767832388
chr1,180432955,180433456,-0.3324501387394236,chr1,180430387,180485504,ENSMUSG00000053963.6,-,6330403A02Rik,protein_coding,5.49060880542754,4.65956784259729,4.36039291943915
chr13,84056963,84057464,-0.8289793697744899,chr13,84023297,84066772,ENSMUSG00000098087.1,-,Gm17750,lincRNA,4.87498733668984,3.791520197710353,3.590623717584058
chr15,85641808,85642309,-0.4004407716630649,chr15,85637747,85647934,ENSMUSG00000101828.1,+,D130051D11Rik,lincRNA,2.14146193771777,1.70520355090794,1.62108689721182
chr3,154817150,154817651,-0.4858433064164054,chr3,154784291,155057407,ENSMUSG00000040086.9,-,Tnni3k,protein_coding,4.226897254972,3.49632821097016,3.01720663317792
chr17,75235745,75236246,-0.5516209961048348,chr17,75003568,75394512,ENSMUSG00000001870.11,+,Ltbp1,protein_coding,3.54212744930643,2.11498114841295,2.41508864278496
chr10,122808111,122808612,-0.5071586222617736,chr10,122676762,122947795,ENSMUSG00000034613.8,+,Ppm1h,protein_coding,8.36041680917141,6.78776762318782,5.88222959845433
chr6,137252703,137253204,-0.3371262734448151,chr6,137250299,137466629,ENSMUSG00000030223.10,+,Ptpro,protein_coding,3.7537835710576,3.19890898697459,2.97088986468616
chr12,9575607,9576108,-0.6901103040003256,chr12,9572442,9583499,ENSMUSG00000048387.7,+,Osr1,protein_coding,2.125744698052397,2.601215964781786,2.1727777724256536
chr1,150374145,150374646,-0.6979239669859467,chr1,150359305,150395080,ENSMUSG00000006010.10,-,BC003331,protein_coding,4.76848791945294,2.90809907906781,2.93780645862061
chr10,28524708,28525209,-0.9756127691914116,chr10,28072820,28599397,ENSMUSG00000019889.9,+,Ptprk,protein_coding,1.59364609318532,1.03766262594011,0.807235107999356
chr3,115028058,115028559,-0.9068116132589176,chr3,114902078,115127722,ENSMUSG00000027965.11,+,Olfm3,protein_coding,4.7186864790409,3.1262065099979,2.5143388609816
chr13,23285470,23285971,-0.8085152672147744,chr13,23274204,23315400,ENSMUSG00000085488.1,-,4930557F10Rik,lincRNA,6.57379013438944,3.82679401540969,3.75165824783307
chr3,82073680,82074181,-0.3645623553177181,chr3,82030004,82076711,ENSMUSG00000028005.9,-,Gucy1b3,protein_coding,8.3479664490684,7.10501479544976,6.48434758884729
chr17,70364183,70364684,-0.4764036105300998,chr17,69967073,70823413,ENSMUSG00000003279.12,+,Dlgap1,protein_coding,1.47536767220672,1.48048680388907,1.05866899409752
chr18,24709718,24710219,-0.3004283789983757,chr18,24707040,24711348,ENSMUSG00000054745.1,-,Gm9955,protein_coding,3.05656340528903,2.70321028031531,2.48125545491605
chr18,24709718,24710219,-0.3004283789983757,chr18,24707445,25135500,ENSMUSG00000034295.9,+,Fhod3,protein_coding,3.05656340528903,2.70321028031531,2.48125545491605
chr1,170326155,170326656,-0.3449891953718343,chr1,170300668,170591861,ENSMUSG00000038473.10,-,Nos1ap,protein_coding,1.89245473565756,1.28220732122535,1.48875327294963
chr1,151344212,151344713,-0.4683785880285662,chr1,151337604,151347231,ENSMUSG00000100954.2,-,Gm10138,antisense,28.5735764364086,20.9581413175546,20.6572787473278
chr1,151344212,151344713,-0.4683785880285662,chr1,151342477,151366422,ENSMUSG00000023150.10,+,Ivns1abp,protein_coding,28.5735764364086,20.9581413175546,20.6572787473278
chr13,41184654,41185155,-0.6190570066068855,chr13,41180495,41222405,ENSMUSG00000021364.11,-,Elovl2,protein_coding,3.30557060734923,1.88365508530529,2.15042139426058
chr14,61681255,61681756,-0.4290207442214222,chr14,61675443,61683494,ENSMUSG00000102151.1,-,RP24-271M20.3,TEC,15.1769889655696,11.9694714367996,11.2748247871386
chr14,61681255,61681756,-0.4290207442214222,chr14,61681510,61687656,ENSMUSG00000104187.1,+,RP24-271M20.2,TEC,15.1769889655696,11.9694714367996,11.2748247871386
chr14,61681255,61681756,-0.4290207442214222,chr14,61600839,61684373,ENSMUSG00000097589.5,-,Dleu2,processed_transcript,15.1769889655696,11.9694714367996,11.2748247871386
chr17,45547820,45548321,-0.3637138371691022,chr17,45539940,45551677,ENSMUSG00000096847.1,-,Tmem151b,protein_coding,7.603811049889662,4.900776925915015,4.749701463771675
chr6,112721354,112721855,-0.4564768146070906,chr6,112715971,112949266,ENSMUSG00000030257.12,-,Srgap3,protein_coding,5.534480548904328,3.665408248197057,3.572928697525146
chr10,58478079,58478580,-0.7302993941160243,chr10,58444852,58496155,ENSMUSG00000003226.6,+,Ranbp2,protein_coding,4.427653764298338,4.013277766233433,4.2785713001639545
chr2,132606716,132607217,-0.6770146463886421,chr2,132596195,132655068,ENSMUSG00000074783.6,+,AU019990,lincRNA,1.74927559447295,1.42761227517874,1.09175240016306
chr9,58847035,58847536,-0.2955501103711802,chr9,58821512,58862955,ENSMUSG00000032338.8,+,Hcn4,protein_coding,1.38198997143414,1.17645826380471,1.12483580622861
chr10,63480571,63481072,-0.6551370695896714,chr10,63428098,65005667,ENSMUSG00000060843.7,+,Ctnna3,protein_coding,7.93087938561756,5.47912303760731,5.03529440317631
chr1,41890987,41891488,-0.4315309558731529,chr1,41779808,41941560,ENSMUSG00000100832.1,+,Gm29260,lincRNA,2.58967490142614,1.79112466006222,1.91883755180175
chr16,31460178,31460679,-0.4142518578089479,chr16,31420280,31460901,ENSMUSG00000046598.10,+,Bdh1,protein_coding,1.98583243643014,2.03566935534747,1.48875327294963
chr13,23763344,23763845,-0.3661883935164493,chr13,23759853,23764386,ENSMUSG00000069265.2,-,Hist1h3a,protein_coding,12.0830744799715,10.158518828471,9.37583727897613
chr13,23763344,23763845,-0.3661883935164493,chr13,23761717,23766358,ENSMUSG00000049539.2,+,Hist1h1a,protein_coding,12.0830744799715,10.158518828471,9.37583727897613
chrX,137570826,137571327,-0.5374921199295057,chrX,137568608,138848946,ENSMUSG00000059203.6,+,Il1rapl2,protein_coding,3.7475583910061,2.72303822858168,2.5805056731127
chr6,96183312,96183813,-0.5397760309158935,chr6,96111154,96659198,ENSMUSG00000059187.8,+,Fam19a1,protein_coding,2.14768711776928,1.44083090735632,1.47551991052341
chr2,96716600,96717101,-0.5852081206995957,chr2,96316169,97633666,ENSMUSG00000050587.10,+,Lrrc4c,protein_coding,1.99828279653315,1.22933279251503,1.32995292383501
chr8,68561471,68561972,-0.7977065062966706,chr8,68354781,68737146,ENSMUSG00000036356.10,-,Csgalnact1,protein_coding,4.05259221352985,2.23394883801118,2.32907178701454
chr10,86975974,86976475,-0.5988422464330114,chr10,86970216,87030015,ENSMUSG00000089656.1,+,Gm16271,antisense,6.09445127042354,4.13743187158284,4.02294217757056
chr10,86975974,86976475,-0.5988422464330114,chr10,86839198,87010025,ENSMUSG00000035459.11,-,Stab2,protein_coding,6.09445127042354,4.13743187158284,4.02294217757056
chr3,102720370,102720871,-0.7087560567977249,chr3,102718231,102737417,ENSMUSG00000086745.1,-,Tspan2os,antisense,2.20993891828433,1.49370543606665,1.34980296747433
chr18,45781437,45781938,-0.6404998557810933,chr18,45681487,45898509,ENSMUSG00000098284.3,-,A330093E20Rik,antisense,3.65418069023352,3.00062950431088,2.34230514944076
chr1,180425398,180425899,-0.3794332088896255,chr1,180328485,180426802,ENSMUSG00000038855.10,+,Itpkb,protein_coding,5.3501812312417405,3.1708464432143404,2.7217744553160523
chr1,107590141,107590642,-0.6028182262041581,chr1,107588006,107612484,ENSMUSG00000026315.9,+,Serpinb8,protein_coding,3.08768930554655,2.56441464245071,2.03132113242461
chr12,11435120,11435621,-0.6192268178438154,chr12,11323247,11438649,ENSMUSG00000054459.6,-,Vsnl1,protein_coding,5.18557498290379,3.39057915354952,3.37450741868583
chr1,54065435,54065936,-0.6883012817684512,chr1,53804876,54197168,ENSMUSG00000042807.11,-,Hecw2,protein_coding,9.9167118220477,7.81882093303914,6.15351352819182
chr5,5373434,5373935,-0.6548169740056595,chr5,4801391,5422312,ENSMUSG00000028926.11,-,Cdk14,protein_coding,7.28346066026102,4.35553930251293,4.62506016796353
chr4,124657310,124657811,-0.3292481413094847,chr4,124654807,124662655,ENSMUSG00000090125.3,+,Pou3f1,protein_coding,33.3171636356556,27.792174153364,26.5262749833559
chr4,124657310,124657811,-0.3292481413094847,chr4,124526924,124659169,ENSMUSG00000098760.1,-,Gm27247,antisense,33.3171636356556,27.792174153364,26.5262749833559
chrX,155262767,155263268,-0.5169175887241021,chrX,155260443,155299654,ENSMUSG00000025287.11,+,Acot9,protein_coding,2.08543531725422,1.8043432922398,1.45566986688409
chr2,105578875,105579376,-0.69545452477716,chr2,105534080,105672330,ENSMUSG00000086029.3,-,Pax6os1,antisense,2.63947634183818,1.63911039002004,1.62770357842493
chr3,117822876,117823377,-0.6769215322437854,chr3,117779497,117870936,ENSMUSG00000028007.9,-,Snx7,protein_coding,10.4520773064771,7.47513649642203,6.53728103855217
chr5,90339543,90340044,-0.5717974234187828,chr5,90225190,90368185,ENSMUSG00000055204.10,-,Ankrd17,protein_coding,11.3983046743059,7.62715076646421,7.66873352599389
chr6,29199103,29199604,-0.4568232415605836,chr6,29198434,29218364,ENSMUSG00000003500.9,-,Impdh1,protein_coding,1.30106263076458,1.31525390166931,0.946185413474656
chr4,104834995,104835496,-0.4138271793872237,chr4,104813679,104878398,ENSMUSG00000035031.11,-,C8a,protein_coding,6.35590883258676,5.94177516382264,4.77062715465193
chr4,24496716,24497217,-0.5750861231804032,chr4,24494451,24604950,ENSMUSG00000045751.12,+,Mms22l,protein_coding,3.91563825239674,3.01384813648846,2.62682244160446
chr13,112800526,112801027,-0.4402986728135974,chr13,112798894,112869881,ENSMUSG00000021759.9,+,Ppap2a,protein_coding,15.3948702673722,13.3574278154456,11.3476082804828
chr2,138278206,138278707,-0.6317216498682874,chr2,138254565,138591292,ENSMUSG00000062098.7,+,Btbd3,protein_coding,19.6093171622412,13.8729544703712,12.6577111606784
chr14,99045947,99046448,-0.5322380599771646,chr14,99032544,99048136,ENSMUSG00000033186.8,-,Mzt1,protein_coding,29.5322541643404,20.9515320014658,20.425694904869
chr14,99045947,99046448,-0.5322380599771646,chr14,99044427,99076537,ENSMUSG00000022070.6,+,Bora,protein_coding,29.5322541643404,20.9515320014658,20.425694904869
chr1,126318259,126318760,-0.4850815016020972,chr1,125911620,126832799,ENSMUSG00000049690.11,-,Nckap5,protein_coding,1.43801659189769,1.0442719420289,1.02558558803197
chr14,115041392,115041893,-0.2587893921199732,chr14,115041671,115045754,ENSMUSG00000065508.1,+,Mir17,miRNA,5.47815844532453,4.67939579086366,4.57874339947176
chr14,115041392,115041893,-0.2587893921199732,chr14,115041851,115045946,ENSMUSG00000065403.1,+,Mir18,miRNA,5.47815844532453,4.67939579086366,4.57874339947176
chr14,115041392,115041893,-0.2587893921199732,chr14,115040879,115048727,ENSMUSG00000089726.2,+,Mir17hg,lincRNA,5.47815844532453,4.67939579086366,4.57874339947176
chr10,39369987,39370488,-0.3784447117048254,chr10,39366855,39567381,ENSMUSG00000019843.10,+,Fyn,protein_coding,13.8198997143414,11.1433069257007,10.6330067094669
chr3,127836498,127836999,-0.5670061593110066,chr3,127805264,127839492,ENSMUSG00000074238.2,-,Ap1ar,protein_coding,2.63947634183818,2.22733952192239,1.77988724632645
chr9,77267538,77268039,-1.1564283082228626,chr9,77100081,77354969,ENSMUSG00000032355.12,-,Mlip,protein_coding,1.95470653617262,1.44083090735632,0.873401920130451
chr1,56971497,56971998,-0.6438728566094598,chr1,56791981,56980650,ENSMUSG00000038331.11,-,Satb2,protein_coding,9.60545281947244,6.60931608879048,6.14689684697871
chr1,56971497,56971998,-0.6438728566094598,chr1,56969412,57052084,ENSMUSG00000087022.4,+,9130024F11Rik,processed_transcript,9.60545281947244,6.60931608879048,6.14689684697871
chr10,108801474,108801975,-0.5722622565671162,chr10,108495650,109012982,ENSMUSG00000035864.10,-,Syt1,protein_coding,6.52398869397739,5.09578270445746,4.38685964429158
chr11,67684493,67684994,-0.5515050657708187,chr11,67453437,67690990,ENSMUSG00000033066.11,+,Gas7,protein_coding,3.9509002581803863,3.5481482955985917,2.3953657768919556
chr11,67684493,67684994,-0.5515050657708187,chr11,67659502,67773153,ENSMUSG00000049928.11,-,Glp2r,protein_coding,3.9509002581803863,3.5481482955985917,2.3953657768919556
chr9,40685651,40686152,-0.2613781142142491,chr9,40683962,40787319,ENSMUSG00000032024.10,+,Clmp,protein_coding,4.28292387543554,3.65495179710113,3.57300785507912
chr17,88675245,88675746,-0.4914664854364864,chr17,88666660,88717152,ENSMUSG00000024154.6,+,Gtf2a1l,protein_coding,2.23483963849035,2.14141841276812,1.58800349114628
chr8,27037388,27037889,-0.4096588450891222,chr8,27021799,27041433,ENSMUSG00000031483.7,+,Erlin2,protein_coding,6.14425271083558,4.24979024509228,4.62506016796353
chr3,153267689,153268190,-0.5619605057611423,chr3,153203405,153727062,ENSMUSG00000052544.5,-,St6galnac3,protein_coding,3.90941307234523,2.38596310805336,2.64667248524379
chr14,12343518,12344019,-0.5979380188628973,chr14,12339892,12347865,ENSMUSG00000021743.5,-,Fezf2,protein_coding,7.411898538737954,8.581814521325086,7.600071957487308
chr14,121200687,121201188,-0.4152342855220152,chr14,121033200,121285744,ENSMUSG00000025555.10,+,Farp1,protein_coding,3.23086844673117,2.38596310805336,2.42170532399807
chr4,83676427,83676928,-0.2862546108232376,chr4,83523545,83866670,ENSMUSG00000052407.12,+,Ccdc171,protein_coding,18.0779228695709,15.3997064868818,14.8279825985783
chr10,49782777,49783278,-0.5998647721827322,chr10,49097460,49790766,ENSMUSG00000056073.10,-,Grik2,protein_coding,12.2138032610531,8.6780320245819,8.05911771756735
chr9,40730540,40731041,-0.3713761334656984,chr9,40683962,40787319,ENSMUSG00000032024.10,+,Clmp,protein_coding,2.00450797658466,1.57301722913213,1.54830340386762
chrX,40442404,40442905,-1.0021399378214495,chrX,39868500,40477561,ENSMUSG00000086157.1,+,Gm14643,processed_transcript,2.57722454132313,1.69859423481915,1.28363615534324
chr1,58392830,58393331,-0.3869187716945488,chr1,58390898,58409353,ENSMUSG00000051223.10,+,Bzw1,protein_coding,21.6075999587744,18.0103863419541,16.5284696703475
chr6,70844185,70844686,-0.5252253263804438,chr6,70842515,70907245,ENSMUSG00000031668.10,+,Eif2ak3,protein_coding,51.9304519896559,37.4549942751756,36.0939960175122
chr5,92042501,92043002,-0.3924276698636364,chr5,92041064,92057960,ENSMUSG00000097479.1,+,Gm26582,lincRNA,20.8481279924907,17.6733112214257,15.8866515926759
chr5,92042501,92043002,-0.3924276698636364,chr5,92004074,92045042,ENSMUSG00000029403.10,-,Cdkl2,protein_coding,20.8481279924907,17.6733112214257,15.8866515926759
chr7,96209705,96210206,-0.3152779503817531,chr7,96169244,96913093,ENSMUSG00000048078.12,+,Tenm4,protein_coding,9.47472403839084,8.61193886369399,7.61580007628901
chr12,54862641,54863142,-0.4118218186212766,chr12,54856817,54864877,ENSMUSG00000062929.7,-,Cfl2,protein_coding,15.9738120121622,13.2120228614922,12.0092764017937
chr15,5241621,5242122,-0.3839853716053604,chr15,5204661,5246187,ENSMUSG00000039942.11,-,Ptger4,protein_coding,3.45497492858536,2.41900968849732,2.64667248524379
chr14,121214828,121215329,-0.3302293121432571,chr14,121033200,121285744,ENSMUSG00000025555.10,+,Farp1,protein_coding,2.22238927838734,1.96296687837077,1.76665388390023
chr11,22936616,22937117,-0.5248326330449471,chr11,22832744,22984090,ENSMUSG00000098650.1,-,Gm28048,protein_coding,11.4232053945119,7.91796067437099,7.94001745573138
chr11,22936616,22937117,-0.5248326330449471,chr11,22894136,22984382,ENSMUSG00000051355.14,-,Commd1,protein_coding,11.4232053945119,7.91796067437099,7.94001745573138
chr11,32002741,32003242,-0.3899607556039214,chr11,31998463,32061202,ENSMUSG00000020297.6,+,Nsg2,protein_coding,10.3337988854985,7.92456999045978,7.8870840060265
chr5,21982524,21983025,-0.6043804299744415,chr5,21882454,22346702,ENSMUSG00000042453.10,-,Reln,protein_coding,2.08543531725422,1.61928244175367,1.36965301111366
chr2,82052791,82053292,-0.523370090167381,chr2,82051222,82261879,ENSMUSG00000070866.4,+,Zfp804a,protein_coding,16.2601702945314,11.6456149484488,11.3145248744172
chr15,66830677,66831178,-0.5308238230043604,chr15,66778819,66833829,ENSMUSG00000022372.10,-,Sla,protein_coding,4.160984033120131,2.5956980111356267,3.4194226521931723
chr15,66830677,66831178,-0.5308238230043604,chr15,66668753,66852721,ENSMUSG00000053469.9,+,Tg,protein_coding,4.160984033120131,2.5956980111356267,3.4194226521931723
chr10,119453518,119454019,-0.3698942375192543,chr10,119427367,119457379,ENSMUSG00000085454.1,-,Grip1os3,antisense,6.59246567454395,5.76993294551409,5.10146121530741
chr10,119453518,119454019,-0.3698942375192543,chr10,119452034,120089261,ENSMUSG00000034813.12,+,Grip1,protein_coding,6.59246567454395,5.76993294551409,5.10146121530741
chr3,158092024,158092525,-0.5695130149215815,chr3,158082439,158564221,ENSMUSG00000028176.7,-,Lrrc7,protein_coding,3.3802727679673,2.76930344120321,2.27613833730966
chr14,17659922,17660423,-0.4638509454527188,chr14,17658960,18040088,ENSMUSG00000021779.12,+,Thrb,protein_coding,5.01126994146164,4.07794802678372,3.6325579859971
chr13,104286781,104287282,-0.6036307832748573,chr13,104285873,104496763,ENSMUSG00000046169.9,+,Adamts6,protein_coding,5.52173470568507,4.09116665896131,3.6325579859971
chrX,113304279,113304780,-1.1206109206669737,chrX,113295510,113838386,ENSMUSG00000025592.13,+,Dach2,protein_coding,1.7377678446189133,1.7139483993043918,1.1969613892708473
chr11,105110940,105111441,-0.590574630449411,chr11,105061592,105119537,ENSMUSG00000020690.8,+,Efcab3,protein_coding,3.401294552399489,2.8882730718620286,2.770538446432102
chrX,42068376,42068877,-0.5852540141502373,chrX,42057679,42111656,ENSMUSG00000025860.10,+,Xiap,protein_coding,7.7441239840724,5.14865723316778,5.16101134622539
chr13,15544868,15545369,-0.8055875214202615,chr13,15461235,15732026,ENSMUSG00000021318.11,+,Gli3,protein_coding,1.61232163333983,0.892257671986715,0.919718688622218
chr19,57274228,57274729,-0.2878401007953596,chr19,57030733,57316919,ENSMUSG00000025085.12,-,Ablim1,protein_coding,4.890215547260886,2.9019531670682683,3.7413735675240707
chr1,93478641,93479142,-0.3207995731626178,chr1,93476964,93512260,ENSMUSG00000026276.13,+,Sept2,protein_coding,30.1236462692334,26.1266264989888,24.1244197029972
chr1,93478641,93479142,-0.3207995731626178,chr1,93403940,93480815,ENSMUSG00000034088.11,-,Hdlbp,protein_coding,30.1236462692334,26.1266264989888,24.1244197029972
chr5,34241977,34242478,-0.2918810924080356,chr5,34192874,34290449,ENSMUSG00000037224.11,-,Zfyve28,protein_coding,2.06675977709971,2.00262277490351,1.68725370934292
chr2,118111562,118112063,-0.4991755938230323,chr2,118109876,118129133,ENSMUSG00000040152.8,+,Thbs1,protein_coding,2.62080080168367,1.8770457692165,1.85267073967065
chr2,118111562,118112063,-0.4991755938230323,chr2,117855291,118113202,ENSMUSG00000087203.3,-,Gm13986,processed_transcript,2.62080080168367,1.8770457692165,1.85267073967065
chr3,130060509,130061010,-0.4273799114520077,chr3,129980759,130063553,ENSMUSG00000001052.11,-,Sec24b,protein_coding,25.3178072694714,19.4247799849552,18.8310747325096
chr14,115831302,115831803,-0.737416018778682,chr14,115786144,115873278,ENSMUSG00000093497.1,-,Gm20713,processed_transcript,2.30954179910841,2.0158414070811,1.38288637353988
chr14,115831302,115831803,-0.737416018778682,chr14,115090215,116527179,ENSMUSG00000022112.10,+,Gpc5,protein_coding,2.30954179910841,2.0158414070811,1.38288637353988
chrX,162509228,162509729,-0.5821405334388723,chrX,162409954,162645649,ENSMUSG00000040855.11,-,Reps2,protein_coding,1.90490509576058,1.55318928086576,1.27040279291702
chr14,7981229,7981730,-0.6179780333751639,chr14,7962533,7996573,ENSMUSG00000025279.7,-,Dnase1l3,protein_coding,1.78040149473047,1.32847253384689,1.15791921229416
chr5,74201084,74201585,-0.4276285490221266,chr5,74193288,74201481,ENSMUSG00000049907.7,+,Rasl11b,protein_coding,2.31576697915991,1.88365508530529,1.72033711540846
chr1,170525280,170525781,-0.6474906700625371,chr1,170300668,170591861,ENSMUSG00000038473.10,-,Nos1ap,protein_coding,1.50649357246425,1.20950484424866,0.959418775900874
chr12,41024413,41024914,-0.5135592021782303,chr12,41022090,41957588,ENSMUSG00000056899.6,+,Immp2l,protein_coding,3.92186343244824,2.75608480902563,2.74592270344043
chr18,46597373,46597874,-0.474589127784455,chr18,46558235,46599535,ENSMUSG00000033184.10,-,Tmed7,protein_coding,24.7264151645784,18.7770670082537,17.7988724632645
chr18,46597373,46597874,-0.474589127784455,chr18,46595704,46612225,ENSMUSG00000057561.5,+,Eif1a,protein_coding,24.7264151645784,18.7770670082537,17.7988724632645
chr8,72583015,72583516,-0.422057823399907,chr8,72570103,72589282,ENSMUSG00000031791.7,+,Tmem38a,protein_coding,3.989317289131606,3.4400850351223213,2.6872977139707097
chr2,25182541,25183042,-0.5484491547767343,chr2,25178758,25185339,ENSMUSG00000078202.3,+,Nrarp,protein_coding,4.378505774600777,2.0615889267055336,2.7685738031021847
chr2,25182541,25183042,-0.5484491547767343,chr2,25178781,25185339,ENSMUSG00000103217.1,-,RP23-132N23.22,antisense,4.378505774600777,2.0615889267055336,2.7685738031021847
chr5,33254041,33254542,-0.4194627140566564,chr5,33245724,33277004,ENSMUSG00000037373.9,-,Ctbp1,protein_coding,2.85113246358936,2.21412088974481,2.13057135062125
chr14,64820897,64821398,-0.3485384152191234,chr14,64809600,64951871,ENSMUSG00000021972.10,-,Hmbox1,protein_coding,8.32306572886238,6.37799002568281,6.53728103855217
chr6,6488095,6488596,-0.7068044851961959,chr6,6481022,6510616,ENSMUSG00000093380.1,+,Gm20685,lincRNA,13.5210910718692,7.45530854815566,8.28408487881307
chr15,43060037,43060538,-0.6392325761271105,chr15,43018811,43172818,ENSMUSG00000051920.6,-,Rspo2,protein_coding,11.0683701315762,5.88229131902353,7.10631562287958
chr1,15482576,15483077,-0.6750789631820172,chr1,15285254,15725750,ENSMUSG00000092083.4,+,Kcnb2,protein_coding,2.11656121751175,1.59284517739851,1.3233362426219
chr18,10029852,10030353,-0.4226695141544186,chr18,9993432,10047119,ENSMUSG00000047879.12,-,Usp14,protein_coding,19.4723632011081,14.573541975783,14.5302319439884
chr1,12984734,12985235,-0.5379729501633038,chr1,12864549,12994650,ENSMUSG00000025938.12,-,Slco5a1,protein_coding,1.90490509576058,0.879039039809134,1.31010288019568
chrX,109095145,109095646,-0.6801058520409797,chrX,109093365,109199873,ENSMUSG00000031246.10,+,Sh3bgrl,protein_coding,6.51153833387438,4.40841383122325,4.06264226484922
chr2,134785851,134786352,-0.4479257652566141,chr2,134784159,135477258,ENSMUSG00000051177.12,+,Plcb1,protein_coding,21.3772682968687,16.5232902219762,15.6749177938564
chr17,70679654,70680155,-0.568548324119412,chr17,69967073,70823413,ENSMUSG00000003279.12,+,Dlgap1,protein_coding,4.245778346014118,4.214573944876056,3.04162874669134
chr17,17294077,17294578,-0.2754934768460219,chr17,17292443,17321511,ENSMUSG00000072761.6,+,Gm6712,lincRNA,15.2454659461361,13.1128831201603,12.5981610297604
chr1,169746939,169747440,-0.4602138307613575,chr1,169739477,169749642,ENSMUSG00000038530.7,-,Rgs4,protein_coding,3.08768930554655,2.67677301596014,2.24305493124411
chr15,23334457,23334958,-0.8468546831012598,chr15,22547022,23476418,ENSMUSG00000040420.10,+,Cdh18,protein_coding,6.67961819526502,3.85323127976485,3.71195816055442
chr1,127990283,127990784,-0.473391091079072,chr1,127952184,128105047,ENSMUSG00000036086.12,-,Zranb3,protein_coding,6.46796207351385,5.26101560667722,4.65814357402907
chr4,77647986,77648487,-0.6993935448346618,chr4,75939238,78213961,ENSMUSG00000028399.13,-,Ptprd,protein_coding,3.04411304518602,1.92992029792682,1.87252078330998
chr14,67715573,67716074,-0.465883466119789,chr14,67674331,67717841,ENSMUSG00000048922.14,-,Cdca2,protein_coding,49.9197188330198,37.7061482865497,36.1535461484302
chr14,67715573,67716074,-0.465883466119789,chr14,67713937,67744310,ENSMUSG00000034327.13,+,Kctd9,protein_coding,49.9197188330198,37.7061482865497,36.1535461484302
chr11,22936010,22936511,-0.6237414943846104,chr11,22832744,22984090,ENSMUSG00000098650.1,-,Gm28048,protein_coding,2.18503819807831,1.32847253384689,1.41596977960543
chr11,22936010,22936511,-0.6237414943846104,chr11,22894136,22984382,ENSMUSG00000051355.14,-,Commd1,protein_coding,2.18503819807831,1.32847253384689,1.41596977960543
chr8,110484605,110485106,-0.6356168122762994,chr8,110264977,110612253,ENSMUSG00000059854.7,+,Hydin,protein_coding,6.23140523155665,3.83340333149848,4.00970881514434
chr1,9299526,9300027,-0.5149394144412173,chr1,8359475,9301878,ENSMUSG00000025909.12,-,Sntg1,protein_coding,24.8135676852995,17.3164081526311,17.3687881844124
chr7,113513481,113513982,-0.2602475988464094,chr7,113511834,113573511,ENSMUSG00000030759.12,+,Far1,protein_coding,32.0223261849425,29.7485317156459,26.7446254633885
chr3,94493349,94493850,-0.471930133950792,chr3,94476831,94494193,ENSMUSG00000028137.5,+,Celf3,protein_coding,2.7826554830228,2.20090225756723,2.00485440757217
chr18,46741610,46742111,-0.4204049177791538,chr18,46730417,46743579,ENSMUSG00000032905.4,-,Atg12,protein_coding,26.0897295958581,20.9911878979986,19.4993595350336
chr18,46741610,46742111,-0.4204049177791538,chr18,46739917,46792826,ENSMUSG00000024480.7,+,Ap3s1,protein_coding,26.0897295958581,20.9911878979986,19.4993595350336
chr2,45357199,45357700,-0.7450459794852107,chr2,45355265,45406035,ENSMUSG00000085591.1,+,Gm13479,lincRNA,4.539097656032996,2.4130255538308454,2.5373339110505797
chr10,86992108,86992609,-0.5878579740617793,chr10,86970216,87030015,ENSMUSG00000089656.1,+,Gm16271,antisense,5.93882176913591,4.53399083691027,3.95015868422636
chr10,86992108,86992609,-0.5878579740617793,chr10,86839198,87010025,ENSMUSG00000035459.11,-,Stab2,protein_coding,5.93882176913591,4.53399083691027,3.95015868422636
chr15,25984012,25984513,-0.5153082890339566,chr15,25982366,26000482,ENSMUSG00000052253.5,+,Zfp622,protein_coding,37.7245911121212,28.3010914922008,26.4005580403068
chr4,108833403,108833904,-0.358178148019362,chr4,108812295,108835614,ENSMUSG00000028568.12,-,Btf3l4,protein_coding,22.4106481854185,19.0282210196278,17.4878884462484
chr4,108833403,108833904,-0.358178148019362,chr4,108832601,108864127,ENSMUSG00000028567.8,+,Txndc12,protein_coding,22.4106481854185,19.0282210196278,17.4878884462484
chr6,28980623,28981124,-0.3830872049127967,chr6,28979634,29024165,ENSMUSG00000092090.1,+,Gm3294,lincRNA,5.65246348676667,4.36875793469051,4.33392619458671
chr12,27341729,27342230,-0.2951422342131798,chr12,27332264,27344574,ENSMUSG00000063632.6,-,Sox11,protein_coding,5.65868866681818,5.14865723316778,4.61182680553731
chr2,57181247,57181748,-0.517897125962743,chr2,57179831,57190257,ENSMUSG00000086396.1,+,4930555B11Rik,processed_transcript,5.96994766939344,4.46128835993357,4.16850916425897
chr2,57181247,57181748,-0.517897125962743,chr2,57125479,57183754,ENSMUSG00000084938.1,-,BB557941,processed_transcript,5.96994766939344,4.46128835993357,4.16850916425897
chr3,54277593,54278094,-0.6134890223974125,chr3,54154057,54320470,ENSMUSG00000027748.7,+,Trpc4,protein_coding,6.400247172681158,4.0386852004570875,5.262648822304731
chr7,55019933,55020434,-0.5722738137064673,chr7,54833959,55267366,ENSMUSG00000063297.6,+,Luzp2,protein_coding,3.5047763689974,2.68338233204893,2.35553851186697
chr11,32566946,32567447,-0.3919308118855722,chr11,32531305,32626587,ENSMUSG00000020272.8,+,Stk10,protein_coding,2.08543531725422,1.92992029792682,1.58800349114628
chr5,81780643,81781144,-0.731708338645797,chr5,81018138,81827133,ENSMUSG00000037605.12,+,Lphn3,protein_coding,4.74981237929843,2.99402018822209,2.8584062840633
chr3,101443213,101443714,-0.3252114185556442,chr3,101375125,101465059,ENSMUSG00000042035.7,+,Igsf3,protein_coding,3.84716127183018,3.6813890614563,3.0701400828828
chr1,99946602,99947103,-0.6925847172442737,chr1,99770765,100487942,ENSMUSG00000067028.7,+,Cntnap5b,protein_coding,5.70226492717872,3.31126736048403,3.52669108658735
chr15,10970146,10970647,-0.8352375990100704,chr15,10950332,10982150,ENSMUSG00000058914.8,+,C1qtnf3,protein_coding,1.91735545586359,1.39456569473479,1.07190235652374
chr15,64921428,64921929,-0.488265507083404,chr15,64697042,64924296,ENSMUSG00000022376.7,-,Adcy8,protein_coding,12.1577766405896,9.05476304164296,8.66785238917342
chr15,64921428,64921929,-0.488265507083404,chr15,64815694,64939996,ENSMUSG00000094296.1,+,Gm21798,protein_coding,12.1577766405896,9.05476304164296,8.66785238917342
chr11,57316307,57316808,-0.3861603910518358,chr11,57009387,57332244,ENSMUSG00000020524.12,+,Gria1,protein_coding,5.746466511023972,4.9407808775911315,3.69405280425401
chr1,164458149,164458650,-0.5337258764106559,chr1,164435109,164460355,ENSMUSG00000026576.8,-,Atp1b1,protein_coding,33.852529120085,25.1352290856702,23.389968088342
chr7,92728971,92729472,-0.4086118352629349,chr7,92727840,92735748,ENSMUSG00000098041.1,+,Gm26981,lincRNA,1.51271875251575,1.31525390166931,1.13806916865483
chr6,103512117,103512618,-0.5731567066396859,chr6,103508876,103735035,ENSMUSG00000030077.9,+,Chl1,protein_coding,16.4967271364886,11.9033782759117,11.0895577131715
chr5,98725307,98725808,-0.6849553056782534,chr5,98327354,98803910,ENSMUSG00000057816.3,+,1700007G11Rik,protein_coding,2.72662886255925,1.56640791304334,1.69387039055603
chr7,127196340,127196841,-0.2622849325587653,chr7,127189660,127198000,ENSMUSG00000042502.6,-,Cd2bp2,protein_coding,2.19126337812981,2.34630721152062,1.82620401481822
chr7,127196340,127196841,-0.2622849325587653,chr7,127195465,127210468,ENSMUSG00000042492.8,-,Tbc1d10b,protein_coding,2.19126337812981,2.34630721152062,1.82620401481822
chrX,165327202,165327703,-0.9012754699135194,chrX,165127017,165329393,ENSMUSG00000018589.8,-,Glra2,protein_coding,1.58742091313381,0.998006729407362,0.846935195278013
chr6,29348328,29348829,-0.442509450818724,chr6,29346069,29379110,ENSMUSG00000029767.12,+,Calu,protein_coding,3.92186343244824,3.62851453274597,2.88487300891573
chr13,9093540,9094041,-0.4663224052784958,chr13,9091881,9176451,ENSMUSG00000033499.9,+,Larp4b,protein_coding,44.4975870081588,33.628200259766,32.2166208266301
chr6,17490490,17490991,-0.8537353170868995,chr6,17461800,17575980,ENSMUSG00000009376.11,+,Met,protein_coding,2.83868210348635,1.77790602788464,1.56815344750695
chr3,114904015,114904516,-0.4982814608977439,chr3,114902078,115127722,ENSMUSG00000027965.11,+,Olfm3,protein_coding,5.49683398547905,3.39057915354952,3.89060855330837
chr4,22488420,22488921,-0.680265934870113,chr4,22480780,22490366,ENSMUSG00000095139.2,-,Pou3f2,protein_coding,7.65697146335133,4.88428458961616,4.77724383586504
chr13,100786370,100786871,-0.3716167446242158,chr13,100776650,100788570,ENSMUSG00000041431.12,-,Ccnb1,protein_coding,14.1311587169167,10.8987622304155,10.9241406828438
chr8,94984111,94984612,-0.3134110991492388,chr8,94975109,95016208,ENSMUSG00000031785.11,+,Gpr56,protein_coding,4.843190080071,6.14666396257514,3.89722523452148
chr5,48037965,48038466,-0.7362956722563543,chr5,47981155,48308282,ENSMUSG00000031558.11,+,Slit2,protein_coding,2.0543094169967,1.6655476543752,1.23070270563836
chr10,119691768,119692269,-0.5130491212763842,chr10,119452034,120089261,ENSMUSG00000034813.12,+,Grip1,protein_coding,7.52624268226972,7.22398248504799,5.27349492684825
chr15,5116287,5116788,-0.4471357846481768,chr15,5114613,5121140,ENSMUSG00000041841.7,+,Rpl37,protein_coding,34.4501464050295,26.1266264989888,25.2757222340782
chr15,5116287,5116788,-0.4471357846481768,chr15,5116404,5120484,ENSMUSG00000077737.1,+,Snord72,snoRNA,34.4501464050295,26.1266264989888,25.2757222340782
chr2,45012028,45012529,-0.7694396762449378,chr2,44981634,45119395,ENSMUSG00000026872.12,-,Zeb2,protein_coding,3.118876278757335,2.8822940657000817,1.9872899916833509
chr14,86832958,86833459,-0.7373450741232184,chr14,86653367,87143224,ENSMUSG00000022021.9,-,Diap3,protein_coding,3.61060442987299,2.10837183232416,2.1636547566868
chrX,59566663,59567164,-0.7384733255617243,chrX,59060145,59570071,ENSMUSG00000031137.13,-,Fgf13,protein_coding,1.4504669520007,0.82616451109881,0.866785238917342
chr3,52198507,52199008,-0.2822775794644451,chr3,52196248,52202489,ENSMUSG00000103170.1,+,RP24-568B16.3,lincRNA,5.52795988573657,4.53399083691027,4.54565999340621
chr3,52198507,52199008,-0.2822775794644451,chr3,52132047,52223997,ENSMUSG00000103655.1,-,RP24-568B16.4,lincRNA,5.52795988573657,4.53399083691027,4.54565999340621
chr14,86867085,86867586,-0.6803292832077399,chr14,86653367,87143224,ENSMUSG00000022021.9,-,Diap3,protein_coding,3.3511103860394447,1.8819078187980576,2.6309296654132073
chr17,80061105,80061606,-0.3530753167227547,chr17,80027487,80064334,ENSMUSG00000024095.11,-,Hnrnpll,protein_coding,6.26253113181418,5.32049945147634,4.90296077891412
chr9,7836842,7837343,-0.4573253872051424,chr9,7816227,7839064,ENSMUSG00000057367.8,-,Birc2,protein_coding,30.5531836927873,24.0975664597301,22.2585156009003
chr2,9881700,9882201,-0.4790279778012532,chr2,9881041,9891540,ENSMUSG00000079602.2,-,9230102O04Rik,protein_coding,1.9298058159666,1.30864458558051,1.38288637353988
chr2,9881700,9882201,-0.4790279778012532,chr2,9855078,9892034,ENSMUSG00000015619.10,-,Gata3,protein_coding,1.9298058159666,1.30864458558051,1.38288637353988
chr2,9881700,9882201,-0.4790279778012532,chr2,9879252,9885921,ENSMUSG00000025783.2,+,4930412O13Rik,protein_coding,1.9298058159666,1.30864458558051,1.38288637353988
chr3,27542879,27543380,-0.6366091081891201,chr3,27414162,27713307,ENSMUSG00000039286.8,-,Fndc3b,protein_coding,3.00676196487699,1.88365508530529,1.93207091422797
chr3,103004693,103005194,-0.6192537064559719,chr3,102993728,103005914,ENSMUSG00000027854.8,+,Sike1,protein_coding,4.6140277347640835,2.4617697255102224,3.1305053300724297
chr4,136733402,136733903,-0.3647100172061578,chr4,136645539,136837988,ENSMUSG00000028664.10,-,Ephb2,protein_coding,1.54384465277328,1.12358373509438,1.19761929957282
chr6,36850076,36850577,-0.5375426654332646,chr6,36844022,37302184,ENSMUSG00000038665.11,-,Dgki,protein_coding,1.35708925122812,1.05749057420648,0.932952051048437
chr10,28074522,28075023,-0.5553953372226899,chr10,28072820,28599397,ENSMUSG00000019889.9,+,Ptprk,protein_coding,19.2109056389449,14.2034202748107,13.0745620771043
chr5,90564103,90564604,-0.727796680187939,chr5,90559209,90599906,ENSMUSG00000070690.4,+,5830473C10Rik,protein_coding,2.54609864106561,1.96296687837077,1.5350700414414
chr7,91088930,91089431,-0.3566413440163834,chr7,91088706,92449003,ENSMUSG00000052572.11,+,Dlg2,protein_coding,2.69550296230173,2.94114565951176,2.10410462576881
chr14,84445376,84445877,-0.5746330865803895,chr14,84441563,84539060,ENSMUSG00000035566.6,+,Pcdh17,protein_coding,10.7508859489494,7.52140170904356,7.21879920350244
chr10,64919942,64920443,-0.7173723840047832,chr10,63428098,65005667,ENSMUSG00000060843.7,+,Ctnna3,protein_coding,2.70172814235323,1.27559800513656,1.64093694085115
chr1,154475674,154476175,-0.3896363457075296,chr1,154388731,154886501,ENSMUSG00000004110.10,-,Cacna1e,protein_coding,2.80133102317732,2.72303822858168,2.13718803183436
chr3,20154847,20155348,-0.4239045577265378,chr3,20120084,20157317,ENSMUSG00000019528.14,-,Gyg,protein_coding,9.69260534019351,7.30990359420227,7.22541588471555
chr1,47183393,47183894,-0.899563669629275,chr1,47151461,47191071,ENSMUSG00000101447.1,+,Gm28826,lincRNA,3.44874974853385,2.69660096422652,1.84605405845754
chr10,39369450,39369951,-0.4789292746205018,chr10,39366855,39567381,ENSMUSG00000019843.10,+,Fyn,protein_coding,30.3228520308816,23.185480839477,21.7622645099171
chr13,81782938,81783439,-0.5507819395781042,chr13,81776773,81785749,ENSMUSG00000097793.1,-,Gm17259,lincRNA,35.2531946316737,25.7697234301941,24.0714862532923
chr13,81782938,81783439,-0.5507819395781042,chr13,81781292,81799143,ENSMUSG00000021537.8,+,Cetn3,protein_coding,35.2531946316737,25.7697234301941,24.0714862532923
chr9,21407866,21408367,-0.2822593453147508,chr9,21403242,21413720,ENSMUSG00000097665.1,-,Gm16853,lincRNA,5.014809993926637,4.788115015048943,3.886750611478459
chr9,77252178,77252679,-0.6296371475814102,chr9,77100081,77354969,ENSMUSG00000032355.12,-,Mlip,protein_coding,8.98915999437343,6.71506514621113,5.80944610511012
chr9,71895881,71896382,-0.599480183671303,chr9,71894713,71901453,ENSMUSG00000102939.1,-,RP23-16D16.12,TEC,3.23086844673117,2.59085190680587,2.13057135062125
chr9,71895881,71896382,-0.599480183671303,chr9,71840688,72113871,ENSMUSG00000032228.12,-,Tcf12,protein_coding,3.23086844673117,2.59085190680587,2.13057135062125
chr15,78197288,78197789,-0.3964875783331087,chr15,78189114,78208400,ENSMUSG00000005716.12,-,Pvalb,protein_coding,1.23881083024952,1.27559800513656,0.939568732261546
chr17,11534028,11534529,-0.4421827905567397,chr17,10838384,12065361,ENSMUSG00000023826.10,+,Park2,protein_coding,1.18900938983748,1.03105330985131,0.873401920130451
chr1,24100154,24100655,-0.4204854780910749,chr1,24009093,24102341,ENSMUSG00000026153.11,-,Fam135a,protein_coding,32.8191492315351,27.3096940788823,24.5280372569968
chr1,24100154,24100655,-0.4204854780910749,chr1,24098625,24105424,ENSMUSG00000102398.1,+,RP23-255J24.2,TEC,32.8191492315351,27.3096940788823,24.5280372569968
chr11,36349866,36350367,-0.5000906954647526,chr11,36004656,37237964,ENSMUSG00000049336.12,-,Tenm2,protein_coding,4.097820857327855,3.012200876148399,3.132079213441251
chr3,54692496,54692997,-0.324364978785461,chr3,54690823,54730762,ENSMUSG00000095832.1,+,Supt20,protein_coding,19.7711718435803,17.4221572100517,15.7940180556923
chr3,54692496,54692997,-0.324364978785461,chr3,54691105,54718837,ENSMUSG00000027751.9,+,Supt20,protein_coding,19.7711718435803,17.4221572100517,15.7940180556923
chr15,73211947,73212448,-0.5799273862499025,chr15,73203105,73425191,ENSMUSG00000022607.10,-,Ptk2,protein_coding,1.67457343385488,1.56640791304334,1.1182191250155
chr14,117785777,117786278,-0.6087822489220877,chr14,116923297,117981529,ENSMUSG00000058571.6,+,Gpc6,protein_coding,1.88000437555455,1.47387748780028,1.23070270563836
chr3,29135174,29135675,-0.4937669542534802,chr3,29080023,29693209,ENSMUSG00000063600.10,+,Egfem1,protein_coding,6.05710019011451,4.62652126215333,4.30084278852116
chr3,84127352,84127853,-0.6371614240513664,chr3,84085933,84157786,ENSMUSG00000033752.7,-,Mnd1,protein_coding,5.3225289440369,3.23856488350733,3.4208241871776
chr5,92698469,92698970,-0.4226974576559572,chr5,92681435,92967318,ENSMUSG00000029381.11,+,Shroom3,protein_coding,2.91960944415591,2.42561900458611,2.17688811911302
chr14,21309853,21310354,-0.6901103040003256,chr14,21050574,21450568,ENSMUSG00000039197.9,+,Adk,protein_coding,1.48781803230973,1.42761227517874,0.919718688622218
chr2,82178696,82179197,-0.6901103040003254,chr2,82051222,82261879,ENSMUSG00000070866.4,+,Zfp804a,protein_coding,11.1990989126578,6.60270677270169,6.94089859255184
chr3,65240799,65241300,-0.5504244458684993,chr3,65107384,65380223,ENSMUSG00000027827.12,+,Kcnab1,protein_coding,4.05259221352985,2.73625686075926,2.76577274707976
chr3,65240799,65241300,-0.5504244458684993,chr3,65131060,65304685,ENSMUSG00000104093.1,-,RP23-243H19.1,antisense,4.05259221352985,2.73625686075926,2.76577274707976
chr18,32552671,32553172,-0.4300022582791907,chr18,32526322,32562034,ENSMUSG00000090523.2,-,Gypc,protein_coding,1.74927559447295,1.30864458558051,1.29686951776946
chr14,55853763,55854264,-0.2598161386440492,chr14,55852036,55876735,ENSMUSG00000075592.5,+,Nynrin,protein_coding,1.3321885310221,1.17645826380471,1.11160244380239
chr4,55032614,55033115,-0.4209864962105688,chr4,54943048,55085563,ENSMUSG00000060206.7,+,Zfp462,protein_coding,6.51153833387438,5.84924473857957,4.86326069163547
chr3,67480400,67480901,-0.6572456700946986,chr3,67474978,67480818,ENSMUSG00000103703.1,-,RP23-267M9.1,TEC,3.85338645188169,2.5710239585395,2.4415553676374
chr3,67480400,67480901,-0.6572456700946986,chr3,67476972,67517523,ENSMUSG00000049404.7,-,Rarres1,protein_coding,3.85338645188169,2.5710239585395,2.4415553676374
chr11,29808510,29809011,-0.4070499308357112,chr11,29741048,30028033,ENSMUSG00000044072.10,-,Eml6,protein_coding,3.7475583910061,3.29804872830645,2.82532287799775
chr4,6885039,6885540,-0.7556757127633758,chr4,6684353,6993557,ENSMUSG00000041272.7,-,Tox,protein_coding,2.59590008147765,2.07532525188021,1.5350700414414
chr1,126253832,126254333,-0.6772862636427417,chr1,125911620,126832799,ENSMUSG00000049690.11,-,Nckap5,protein_coding,2.38424395972647,1.29542595340293,1.48875327294963
chr2,32217622,32218123,-0.3470483835048311,chr2,32149082,32236537,ENSMUSG00000039262.12,+,Prrc2b,protein_coding,5.443800682555178,4.414836980625541,3.8489991195663484
chr18,9449327,9449828,-0.402239324318136,chr18,9312044,9452150,ENSMUSG00000024286.7,-,Ccny,protein_coding,8.3417412690169,6.97282847367395,6.31231387730644
chr7,97004878,97005379,-0.5861694513294096,chr7,96949505,97066761,ENSMUSG00000018995.8,+,Nars2,protein_coding,2.02940869679068,1.38134706255721,1.34980296747433
chr2,61811867,61812368,-0.4340398459162958,chr2,61800930,61816114,ENSMUSG00000035033.11,+,Tbr1,protein_coding,6.08822609037203,4.66617715868608,4.50595990612756
chr2,5487279,5487780,-0.4423606266174753,chr2,5291457,5716515,ENSMUSG00000039145.12,-,Camk1d,protein_coding,1.51271875251575,1.34169116602447,1.11160244380239
chr6,3498619,3499120,-0.4786061988066137,chr6,3455089,3500297,ENSMUSG00000044156.10,-,Hepacam2,protein_coding,2.83245692343484,2.41900968849732,2.03132113242461
chr6,3498619,3499120,-0.4786061988066137,chr6,3496382,3605319,ENSMUSG00000001376.13,+,Ccdc132,protein_coding,2.83245692343484,2.41900968849732,2.03132113242461
chr4,5724005,5724506,-0.6680575901611573,chr4,5642090,6110223,ENSMUSG00000049119.10,+,Fam110b,protein_coding,17.6608358061201,11.8571130632901,11.1160244380239
chr1,194736713,194737214,-0.7238931606295342,chr1,194616218,194818869,ENSMUSG00000026640.8,+,Plxna2,protein_coding,2.22238927838734,2.24716747018876,1.34318628626122
chr12,5374648,5375149,-0.4668531960162643,chr12,5373870,5418631,ENSMUSG00000037735.7,+,2810032G03Rik,lincRNA,10.5890312676103,8.25503579489931,7.66211684478078
chr12,5374648,5375149,-0.4668531960162643,chr12,5075472,5377682,ENSMUSG00000020627.9,-,Klhl29,protein_coding,10.5890312676103,8.25503579489931,7.66211684478078
chr5,45669521,45670022,-0.4851938588413735,chr5,45667922,45702544,ENSMUSG00000015880.9,+,Ncapg,protein_coding,32.7880233312776,23.0532945177012,23.4296681756207
chr3,121426166,121426667,-0.3997541865853793,chr3,121424541,121460205,ENSMUSG00000053931.7,+,Cnn3,protein_coding,16.7395091584973,14.0910619013013,12.690794566744
chr7,73376492,73376993,-0.3008182175580373,chr7,73312003,73377739,ENSMUSG00000097756.1,-,A730056A06Rik,lincRNA,5.87656996862086,5.02968954356955,4.77062715465193
chr7,73376492,73376993,-0.3008182175580373,chr7,73373520,73421899,ENSMUSG00000070509.11,+,Rgma,protein_coding,5.87656996862086,5.02968954356955,4.77062715465193
chr14,108912668,108913169,-0.6967740342813361,chr14,108907991,108916239,ENSMUSG00000075478.2,-,Slitrk1,protein_coding,4.81828935986498,3.81357538323211,2.97088986468616
chr1,159889435,159889936,-0.4953071178905208,chr1,159521769,159933729,ENSMUSG00000015829.9,+,Tnr,protein_coding,6.23140523155665,4.60669331388696,4.41994305035713
chr1,12990993,12991494,-0.5678545539493273,chr1,12864549,12994650,ENSMUSG00000025938.12,-,Slco5a1,protein_coding,7.44531534160016,4.857847325261,5.02206104075009
chr11,22007990,22008491,-0.6806870501136997,chr11,22003828,22344292,ENSMUSG00000042302.10,-,Ehbp1,protein_coding,1.35086407117662,1.03105330985131,0.840318514064904
chr8,46041463,46041964,-0.5083535422006658,chr8,46031261,46154159,ENSMUSG00000038291.12,-,Snx25,protein_coding,3.30557060734923,2.41240037240852,2.32245510580143
chr3,148877675,148878176,-0.6810832751693032,chr3,148813586,148991316,ENSMUSG00000028184.8,-,Lphn2,protein_coding,7.07802971856135,4.86445664134979,4.41332636914402
chr13,110394765,110395266,-0.4358933410703088,chr13,110393044,110402844,ENSMUSG00000021701.7,+,Plk2,protein_coding,29.4762275438769,22.8285777706823,21.7953479159826
chr11,29750854,29751355,-0.5705286882476528,chr11,29741048,30028033,ENSMUSG00000044072.10,-,Eml6,protein_coding,3.4902422775527437,2.927246692413817,2.7276719123303534
chr11,108174744,108175245,-0.3833621348880716,chr11,107931387,108345928,ENSMUSG00000050965.10,-,Prkca,protein_coding,5.02372030156465,4.15065050376042,3.85090846602972
chr8,68556809,68557310,-0.4990944696425879,chr8,68354781,68737146,ENSMUSG00000036356.10,-,Csgalnact1,protein_coding,2.75152958276528,2.23394883801118,1.94530427665419
chr9,57794834,57795335,-0.4654751118134924,chr9,57775865,57836295,ENSMUSG00000091908.3,+,Gm17231,protein_coding,1.38198997143414,1.42100295908995,0.999118863179531
chr9,57794834,57795335,-0.4654751118134924,chr9,57788353,57838793,ENSMUSG00000004661.11,-,Arid3b,protein_coding,1.38198997143414,1.42100295908995,0.999118863179531
chr3,30460790,30461291,-0.6741303737372486,chr3,29949296,30550008,ENSMUSG00000027684.12,-,Mecom,protein_coding,3.66663105033653,2.27360473454392,2.29598838094899
chr15,13173414,13173915,-0.5030970941372596,chr15,13032200,13175639,ENSMUSG00000039385.4,-,Cdh6,protein_coding,7.18385777943694,4.59347468170938,5.06837780924186
chr1,128141670,128142171,-0.5209404426123584,chr1,128141614,128148348,ENSMUSG00000102179.1,+,RP23-114N13.3,TEC,9.05763697493999,6.85386078407573,6.31231387730644
chr1,128141670,128142171,-0.5209404426123584,chr1,128101301,128239736,ENSMUSG00000056211.9,+,R3hdm1,protein_coding,9.05763697493999,6.85386078407573,6.31231387730644
chr18,20895602,20896103,-0.3878780104538826,chr18,20815224,20898078,ENSMUSG00000033382.9,-,Trappc8,protein_coding,5.87034478856935,4.60008399779817,4.48610986248823
chr3,66882616,66883117,-0.2862885755205812,chr3,66880350,66885138,ENSMUSG00000103700.1,+,RP23-397I12.1,processed_pseudogene,13.0853284682638,10.8458877017052,10.7322569276636
chr13,52883037,52883538,-0.3476414306721265,chr13,52833119,52931681,ENSMUSG00000021460.12,-,Auh,protein_coding,1.64344753359736,1.20950484424866,1.29025283655635
chr2,84678038,84678539,-0.5876295496290032,chr2,84676402,84690215,ENSMUSG00000027080.6,+,Med19,protein_coding,43.2525509978578,30.0591695718191,28.7891799582393
chr2,84678038,84678539,-0.5876295496290032,chr2,84599439,84680041,ENSMUSG00000101645.1,-,Gm28635,protein_coding,43.2525509978578,30.0591695718191,28.7891799582393
chr2,84678038,84678539,-0.5876295496290032,chr2,84669316,84681140,ENSMUSG00000050043.12,-,Tmx2,protein_coding,43.2525509978578,30.0591695718191,28.7891799582393
chr6,28981650,28982151,-0.4165764210459138,chr6,28979634,29024165,ENSMUSG00000092090.1,+,Gm3294,lincRNA,5.22915124326432,4.4414604116672,3.91707527816081
chr14,117813519,117814020,-0.713710663059228,chr14,116923297,117981529,ENSMUSG00000058571.6,+,Gpc6,protein_coding,7.28346066026102,4.92394048614891,4.43979309399646
chr2,116066399,116066900,-0.5209241988819182,chr2,116064218,116069444,ENSMUSG00000086328.1,-,2700033N17Rik,lincRNA,6.94107575742824,4.97681501485923,4.83679396678303
chr2,116066399,116066900,-0.5209241988819182,chr2,116065225,116087911,ENSMUSG00000086308.1,+,G630016G05Rik,lincRNA,6.94107575742824,4.97681501485923,4.83679396678303
chr2,116066399,116066900,-0.5209241988819182,chr2,115861064,116067839,ENSMUSG00000027210.16,-,Meis2,protein_coding,6.94107575742824,4.97681501485923,4.83679396678303
chr6,18411160,18411661,-0.5222331312068718,chr6,18364478,18516869,ENSMUSG00000000416.12,-,Cttnbp2,protein_coding,3.7636604804002833,2.787222777060168,2.930336203641758
chr3,113629904,113630405,-0.5208717009727794,chr3,113603067,113632149,ENSMUSG00000027981.10,-,Rnpc3,protein_coding,28.0382109519792,19.8015110020163,19.5456763035254
chr3,95900017,95900518,-0.3728143043800576,chr3,95895768,95906691,ENSMUSG00000038526.10,-,Car14,protein_coding,1.26993673050705,1.15002099944954,0.979268819540203
chr3,95900017,95900518,-0.3728143043800576,chr3,95891969,95900288,ENSMUSG00000015750.11,+,Aph1a,protein_coding,1.26993673050705,1.15002099944954,0.979268819540203
chr3,79930037,79930538,-0.7548308818050311,chr3,79882533,79948280,ENSMUSG00000027955.12,+,Fam198b,protein_coding,4.73736201919542,3.52937479141412,2.80547283435842
chr7,64733761,64734262,-0.2881659862814729,chr7,64499706,64755870,ENSMUSG00000030519.10,+,Apba2,protein_coding,1.5687453729793,1.47387748780028,1.28363615534324
chr3,153426174,153426675,-0.4974652260579295,chr3,153203405,153727062,ENSMUSG00000052544.5,-,St6galnac3,protein_coding,2.4215950400355,2.23394883801118,1.71372043419536
chr1,9747670,9748171,-0.4806272148188573,chr1,9716622,9750382,ENSMUSG00000045210.8,-,Vcpip1,protein_coding,5.82676852820882,5.02968954356955,4.17512584547208
chr1,9747670,9748171,-0.4806272148188573,chr1,9745648,9793922,ENSMUSG00000097893.3,+,1700034P13Rik,antisense,5.82676852820882,5.02968954356955,4.17512584547208
chr2,69512146,69512647,-0.747930958388668,chr2,69422340,69588065,ENSMUSG00000027070.10,-,Lrp2,protein_coding,2.98186124467097,1.86382713703891,1.77327056511334
chr17,10719551,10720052,-0.4190588805926094,chr17,10401012,10842311,ENSMUSG00000037196.6,-,Pacrg,protein_coding,3.5047763689974,3.53598410750291,2.62020576039135
chr2,106650164,106650665,-0.5496381883449831,chr2,106640914,106652364,ENSMUSG00000085218.3,-,BB218582,processed_transcript,20.3252128681643,13.5424886659317,13.8884138663168
chr3,51483983,51484484,-0.3317925880914012,chr3,51480331,51486829,ENSMUSG00000102775.1,-,AC102860.3,TEC,27.4903951074467,23.2714019486313,21.8482813656875
chr3,51483983,51484484,-0.3317925880914012,chr3,51481920,51498232,ENSMUSG00000027739.9,+,Rab33b,protein_coding,27.4903951074467,23.2714019486313,21.8482813656875
chr13,45709469,45709970,-0.5080190042186706,chr13,45547758,45966991,ENSMUSG00000046876.11,-,Atxn1,protein_coding,6.39948509294729,5.69723046853739,4.49934322491445
chr6,54469317,54469818,-0.5509475563286999,chr6,54427603,54505768,ENSMUSG00000086040.4,+,Wipf3,protein_coding,5.829012639508276,3.348691524859674,3.335659250289856
chrX,106186750,106187251,-0.5778898754998447,chrX,106185100,106205699,ENSMUSG00000062070.8,+,Pgk1,protein_coding,19.1673293785843,13.4763955050438,12.8429782346455
chr4,46660646,46661147,-0.3894679737588188,chr4,46660318,46993873,ENSMUSG00000039809.9,-,Gabbr2,protein_coding,4.184517862792025,3.6140190265373793,3.153446632944895
chr15,97291687,97292188,-0.4010023865566381,chr15,97245107,97387689,ENSMUSG00000044250.7,+,Pced1b,protein_coding,2.91960944415591,2.55119601027312,2.20997152517857
chr18,15759937,15760438,-0.5179875499312745,chr18,15449924,15762157,ENSMUSG00000047161.8,-,Chst9,protein_coding,3.29934542729773,2.65694506769377,2.3026050621621
chr9,100545341,100545842,-0.3082196143743894,chr9,100490293,100548134,ENSMUSG00000032475.11,-,Nck1,protein_coding,4.45722891687769,4.36214861860172,3.59947457993156
chr2,65685059,65685560,-0.586544753413258,chr2,65618857,65769447,ENSMUSG00000075318.8,+,Scn2a1,protein_coding,7.11538079887038,5.26762492276601,4.73754374858639
chr7,51749162,51749663,-0.2910143485905033,chr7,51744697,51749698,ENSMUSG00000078636.3,+,Gm7336,processed_pseudogene,1.61232163333983,1.47387748780028,1.31671956140879
chr7,51749162,51749663,-0.2910143485905033,chr7,51748796,51774726,ENSMUSG00000102124.1,-,Gm29296,lincRNA,1.61232163333983,1.47387748780028,1.31671956140879
chr7,49599839,49600340,-0.427890749948086,chr7,48906716,49612090,ENSMUSG00000052512.11,+,Nav2,protein_coding,4.621987840134702,4.0653542287335425,3.4506207350009452
chr18,52865155,52865656,-0.8805126110923364,chr18,52765709,52917935,ENSMUSG00000024534.11,+,Sncaip,protein_coding,4.15842027440544,2.72964754467047,2.25628829367033
chrX,59567916,59568417,-0.8328138367076134,chrX,59060145,59570071,ENSMUSG00000031137.13,-,Fgf13,protein_coding,2.51497274080808,1.57301722913213,1.40935309839232
chr3,136670321,136670822,-0.4625720792525579,chr3,136668124,136939727,ENSMUSG00000028161.13,+,Ppp3ca,protein_coding,20.0824308461556,15.2278642685733,14.5765487124802
chr4,64025492,64025993,-1.050006249086708,chr4,63977854,64151924,ENSMUSG00000073821.7,+,8030451A03Rik,processed_transcript,2.18503819807831,1.40117501082358,1.05205231288441
chr4,64025492,64025993,-1.050006249086708,chr4,63957785,64049015,ENSMUSG00000028364.11,-,Tnc,protein_coding,2.18503819807831,1.40117501082358,1.05205231288441
chr5,64287041,64287542,-0.4105877753779627,chr5,64157451,64353486,ENSMUSG00000029174.14,+,Tbc1d1,protein_coding,5.476163570990344,4.974465945999541,4.546123782555738
chr12,12356374,12356875,-0.6047992701692511,chr12,12260139,12378359,ENSMUSG00000020589.12,+,Fam49a,protein_coding,1.64344753359736,1.07731852247285,1.07851903773685
chr13,88938512,88939013,-0.9154681838133346,chr13,88819472,89325223,ENSMUSG00000034488.10,+,Edil3,protein_coding,6.05710019011451,3.52276547532533,3.2090903883581
chr2,125123387,125123888,-0.3048201481155337,chr2,125082628,125125661,ENSMUSG00000027201.12,-,Myef2,protein_coding,12.151551460538,10.4228914720226,9.8390049638938
chr2,125123387,125123888,-0.3048201481155337,chr2,125122356,125136327,ENSMUSG00000087056.1,-,Gm14004,processed_transcript,12.151551460538,10.4228914720226,9.8390049638938
chr12,40331420,40331921,-0.7031789062477471,chr12,40313046,40447790,ENSMUSG00000055917.10,-,Zfp277,protein_coding,1.86755401545154,1.68537560264157,1.14468584986794
chr1,138507033,138507534,-0.6985628690311492,chr1,138480875,138622141,ENSMUSG00000026393.6,-,Nek7,protein_coding,1.66834825380338,0.984788097229781,1.02558558803197
chr1,107589592,107590093,-0.6325945009385834,chr1,107588006,107612484,ENSMUSG00000026315.9,+,Serpinb8,protein_coding,10.5765809075072,6.66879993358959,6.82179833071587
chr16,34176918,34177419,-0.3159607057207339,chr16,33972258,34575532,ENSMUSG00000061751.11,-,Kalrn,protein_coding,6.491099748782769,5.765396305662905,4.956166447279696
chr13,95638912,95639413,-0.4034069922728992,chr13,95625177,95893922,ENSMUSG00000021676.9,-,Iqgap2,protein_coding,6.029229809186178,4.84122586678602,5.154632550037787
chr14,103550417,103550918,-0.3467410366776618,chr14,103511341,103615346,ENSMUSG00000022123.8,+,Scel,protein_coding,7.37061318098209,5.94838447991143,5.7962127426839
chr9,107534771,107535272,-0.2846790101014192,chr9,107531945,107540673,ENSMUSG00000010045.2,+,Tmem115,protein_coding,8.132995795822906,6.835335879982589,5.310101325402479
chrX,164076294,164076795,-0.5648918457260116,chrX,164068705,164078493,ENSMUSG00000040749.7,-,Siah1b,protein_coding,16.4220249758706,11.8042385345798,11.1027910755977
chr4,120615600,120616101,-0.280997638678587,chr4,120613840,120624682,ENSMUSG00000086187.1,+,Gm12860,lincRNA,4.937458740261024,2.255529729430071,3.410771048473503
chr3,55293057,55293558,-0.4044369836614,chr3,55240526,55541064,ENSMUSG00000027797.11,+,Dclk1,protein_coding,6.90994985717071,5.92194721555627,5.22056147714338
chr11,119850988,119851489,-0.4393622714943612,chr11,119600905,119901576,ENSMUSG00000025583.11,+,Rptor,protein_coding,4.358777589664726,2.774690689916858,3.364497588780112
chr2,38998300,38998801,-0.3637480441148636,chr2,38994713,39000258,ENSMUSG00000085755.1,-,Gm13496,antisense,4.09616847389039,3.65495179710113,3.18262366350566
chr2,38998300,38998801,-0.3637480441148636,chr2,38995476,39008168,ENSMUSG00000035295.6,+,Wdr38,protein_coding,4.09616847389039,3.65495179710113,3.18262366350566
chr15,71449175,71449676,-0.5050252173707744,chr15,71443678,71729838,ENSMUSG00000036800.7,-,Fam135b,protein_coding,5.35365484429443,3.66817042927872,3.7715082914724
chr3,55337608,55338109,-0.46035205304083,chr3,55240526,55541064,ENSMUSG00000027797.11,+,Dclk1,protein_coding,1.90490509576058,1.85721782095012,1.38288637353988
chr6,71440437,71440938,-0.47615667941424,chr6,71386634,71442637,ENSMUSG00000002222.10,-,Rmnd5a,protein_coding,53.754429744747,40.9711504344122,38.6546516469856
chr3,99292319,99292820,-0.2506951624805815,chr3,99238381,99356259,ENSMUSG00000027868.7,+,Tbx15,protein_coding,14.2930133982558,12.3792490343046,12.0158930830068
chr1,170174758,170175259,-0.4256884166184037,chr1,170173180,170178319,ENSMUSG00000104266.1,+,RP23-124N16.3,lincRNA,31.4184837199465,25.108791821315,23.3965847695551
chr1,170174758,170175259,-0.4256884166184037,chr1,170173382,170179772,ENSMUSG00000103908.1,-,RP23-124N16.4,lincRNA,31.4184837199465,25.108791821315,23.3965847695551
chr1,170174758,170175259,-0.4256884166184037,chr1,170139938,170176957,ENSMUSG00000026670.11,-,Uap1,protein_coding,31.4184837199465,25.108791821315,23.3965847695551
chr3,125436252,125436753,-0.5360865200852366,chr3,125402094,125726986,ENSMUSG00000027971.12,+,Ndst4,protein_coding,1.64344753359736,1.00461604549615,1.13145248744172
chr18,32163286,32163787,-0.3931563635677076,chr18,32161089,32238751,ENSMUSG00000024383.8,+,Map3k2,protein_coding,7.50756714211521,6.60931608879048,5.71681256812659
chr1,58285579,58286080,-0.460330979647546,chr1,58252117,58317656,ENSMUSG00000089822.1,-,Gm15759,antisense,5.490179728129191,2.883559907029965,4.145125375298445
chr1,58285579,58286080,-0.460330979647546,chr1,58276326,58382259,ENSMUSG00000079554.2,+,Aox2,protein_coding,5.490179728129191,2.883559907029965,4.145125375298445
chr18,15150369,15150870,-0.5756399076448104,chr18,14966685,15153446,ENSMUSG00000036225.10,-,Kctd1,protein_coding,13.0355270278518,9.31252636910578,8.74725256373073
chr6,137574275,137574776,-0.7073123940752639,chr6,137475245,137656876,ENSMUSG00000015766.10,-,Eps8,protein_coding,1.41934105174317,0.865820407631553,0.866785238917342
chr17,5262965,5263466,-0.3734072333729463,chr17,4992332,5349656,ENSMUSG00000069729.9,+,Arid1b,protein_coding,4.872912554445857,3.7526635224233846,3.0109539203301163
chr3,28265572,28266073,-0.4223308959971502,chr3,28261214,28677858,ENSMUSG00000027692.12,+,Tnik,protein_coding,6.19154499390882,4.7010880544514,5.219128367905607
chr4,99924362,99924863,-0.5999367336531023,chr4,99763402,99931813,ENSMUSG00000028549.13,-,Itgb3bp,protein_coding,9.61790317957545,4.61330262997575,6.34539728337199
chr3,55461590,55462091,-0.4777611127186578,chr3,55459985,55474210,ENSMUSG00000094962.1,-,Gm21954,protein_coding,20.1384574666192,14.8643518836898,14.4640651318573
chr3,55461590,55462091,-0.4777611127186578,chr3,55240526,55541064,ENSMUSG00000027797.11,+,Dclk1,protein_coding,20.1384574666192,14.8643518836898,14.4640651318573
chr1,166304946,166305447,-0.6134750325594898,chr1,166304741,166311585,ENSMUSG00000091393.1,-,5330438I03Rik,antisense,6.31855775227772,5.28084355494359,4.12880907698031
chr1,166304946,166305447,-0.6134750325594898,chr1,166252139,166318823,ENSMUSG00000040612.9,+,Ildr2,protein_coding,6.31855775227772,5.28084355494359,4.12880907698031
chr17,70510391,70510892,-0.3558848503095789,chr17,69967073,70823413,ENSMUSG00000003279.12,+,Dlgap1,protein_coding,4.5197164407985175,5.09172603755654,3.2341943639005253
chr13,10009441,10009942,-0.4615185296515379,chr13,9873486,10362844,ENSMUSG00000046159.11,-,Chrm3,protein_coding,2.70795332240474,2.04227867143626,1.96515432029352
chr12,52279110,52279611,-0.8200058002756067,chr12,52095737,52314744,ENSMUSG00000035142.14,+,Nubpl,protein_coding,3.66040587028503,2.1546370449457,2.07102121970327
chr10,60934248,60934749,-0.4760519195420773,chr10,60926226,60940132,ENSMUSG00000037247.3,-,Pldi,lincRNA,3.32424614750375,3.27161146395129,2.38862191793252
chr10,60934248,60934749,-0.4760519195420773,chr10,60929991,60942942,ENSMUSG00000098055.1,+,Gm26947,antisense,3.32424614750375,3.27161146395129,2.38862191793252
chr4,88093683,88094184,-0.5170940328068623,chr4,88092629,88413011,ENSMUSG00000038368.12,+,Focad,protein_coding,2.06675977709971,1.72503149917431,1.44243650445787
chr1,160906072,160906573,-0.4308388498196353,chr1,160904418,160976978,ENSMUSG00000040423.6,+,Rc3h1,protein_coding,25.940325274622,19.3851240884225,19.2479256489355
chr10,74053039,74053540,-0.8083138750648021,chr10,73097342,74651737,ENSMUSG00000052613.12,+,Pcdh15,protein_coding,2.82000656333183,2.04888798752505,1.6078535347856
chr4,102759984,102760485,-0.4662946762518579,chr4,102739297,102975628,ENSMUSG00000028524.17,+,Sgip1,protein_coding,23.9358172980373,18.7109738473658,17.3290880971337
chr2,18063733,18064234,-0.2995258484460205,chr2,18053237,18214388,ENSMUSG00000026743.12,+,Mllt10,protein_coding,6.97842683773727,5.83602610640199,5.67049579963482
chr17,55958840,55959341,-0.2800951795903139,chr17,55952771,55961381,ENSMUSG00000097077.1,-,Gm16712,lincRNA,16.6274559175702,14.732165561914,13.6965301111366
chr17,55958840,55959341,-0.2800951795903139,chr17,55950623,55959021,ENSMUSG00000003206.6,+,Ebi3,protein_coding,16.6274559175702,14.732165561914,13.6965301111366
chr17,55958840,55959341,-0.2800951795903139,chr17,55957187,55969949,ENSMUSG00000003208.8,+,Ccdc94,protein_coding,16.6274559175702,14.732165561914,13.6965301111366
chr6,142507135,142507636,-0.3350206304622637,chr6,142488249,142509957,ENSMUSG00000030246.7,-,Ldhb,protein_coding,4.40742747646564,4.36214861860172,3.49360768052181
chr17,78199359,78199860,-0.3570971107042283,chr17,78198248,78378592,ENSMUSG00000024074.7,+,Crim1,protein_coding,6.54266423413191,5.70383978462618,5.10807789652052
chr3,130059979,130060480,-0.3149101037988879,chr3,129980759,130063553,ENSMUSG00000001052.11,-,Sec24b,protein_coding,5.18557498290379,4.77192621610673,4.16850916425897
chr15,39636336,39636837,-0.6690766041281286,chr15,39196332,39683940,ENSMUSG00000037386.11,+,Rims2,protein_coding,1.99205761648165,1.36812843037963,1.25055274927769
chr4,35402673,35403174,-0.5578378440374113,chr4,35399058,35403491,ENSMUSG00000083934.1,+,Gm12368,processed_pseudogene,3.03166268508301,1.82417124050617,2.05778785727705
chr1,151427753,151428254,-0.397929552507015,chr1,151426542,151460161,ENSMUSG00000053286.7,+,Trmt1l,protein_coding,5.13577354249175,4.46789767602236,3.89722523452148
chr1,151427753,151428254,-0.397929552507015,chr1,151365699,151430455,ENSMUSG00000052748.10,-,Swt1,protein_coding,5.13577354249175,4.46789767602236,3.89722523452148
chr13,17695361,17695862,-0.5204806424391895,chr13,16855855,17696732,ENSMUSG00000055137.6,-,Sugct,protein_coding,15.9240105717502,12.2867186090615,11.1027910755977
chr13,17695361,17695862,-0.5204806424391895,chr13,17693413,17701105,ENSMUSG00000012429.8,+,Mplkip,protein_coding,15.9240105717502,12.2867186090615,11.1027910755977
chr4,69110567,69111068,-0.696294175623698,chr4,69108671,69112777,ENSMUSG00000065815.1,+,Gm24697,snRNA,2.289621577053489,1.9080032257143846,2.616512252185159
chr9,96944486,96944987,-0.2990145264343277,chr9,96941482,97020843,ENSMUSG00000046997.5,-,Spsb4,protein_coding,1.34463889112511,1.13019305118317,1.09175240016306
chr1,128417132,128417633,-0.3168929804161087,chr1,128361707,128419368,ENSMUSG00000026356.11,-,Dars,protein_coding,16.5216278566947,13.1723669649594,13.2664458322845
chr16,57548982,57549483,-0.2889142655296741,chr16,57300199,57608825,ENSMUSG00000022748.7,-,Cmss1,protein_coding,7.258559940055,5.70383978462618,5.94177972937231
chr16,57548982,57549483,-0.2889142655296741,chr16,57351093,57575126,ENSMUSG00000043336.10,+,Filip1l,protein_coding,7.258559940055,5.70383978462618,5.94177972937231
chr3,69434368,69434869,-0.5965733710708541,chr3,69314861,69562802,ENSMUSG00000027784.10,+,Ppm1l,protein_coding,3.481070494699383,2.149535158675112,2.3066193533990673
chr5,21645052,21645553,-0.3853144916448106,chr5,21643813,21664694,ENSMUSG00000038525.12,+,Armc10,protein_coding,6.23140523155665,5.42624850889698,4.77062715465193
chr5,21645052,21645553,-0.3853144916448106,chr5,21481847,21647605,ENSMUSG00000048520.12,-,Fbxl13,protein_coding,6.23140523155665,5.42624850889698,4.77062715465193
chr6,31299329,31299830,-0.462976849672639,chr6,31218351,31339404,ENSMUSG00000087380.3,+,2210408F21Rik,processed_transcript,2.30954179910841,2.12819978059053,1.6740203469167
chr4,57561013,57561514,-0.3715143657922035,chr4,57432247,57714016,ENSMUSG00000090053.5,+,Palm2,protein_coding,8.01180672628712,6.15988259475273,6.19321361547047
chr2,6718143,6718644,-0.5204568686841587,chr2,6537694,7511563,ENSMUSG00000002107.14,-,Celf2,protein_coding,3.6056659902165276,3.102444271841449,2.644825527054107
chr15,83846509,83847010,-0.2678907361694608,chr15,83777467,83860494,ENSMUSG00000041708.8,+,Mpped1,protein_coding,7.357902526855469,5.42568653453134,6.395638313598024
chr17,78937383,78937884,-0.4300231822168682,chr17,78917006,78939070,ENSMUSG00000024081.8,-,Cebpz,protein_coding,4.3514008560021,3.71443564190025,3.22894043199743
chr17,78937383,78937884,-0.4300231822168682,chr17,78935135,78950052,ENSMUSG00000024082.4,+,Ndufaf7,protein_coding,4.3514008560021,3.71443564190025,3.22894043199743
chr6,105940111,105940612,-0.7732969063558379,chr6,105675660,106701310,ENSMUSG00000064293.10,+,Cntn4,protein_coding,2.39046913977798,1.30864458558051,1.3961197359661
chr4,72201304,72201805,-0.4700552863303547,chr4,72115142,72202919,ENSMUSG00000008305.14,-,Tle1,protein_coding,9.56810173916341,7.06535889891702,6.9078151864863
chr4,72201304,72201805,-0.4700552863303547,chr4,72199348,72217352,ENSMUSG00000084910.1,+,C630043F03Rik,processed_transcript,9.56810173916341,7.06535889891702,6.9078151864863
chr5,92138314,92138815,-0.5339911020830436,chr5,92138294,92142929,ENSMUSG00000084111.4,-,Gm15710,processed_pseudogene,2.98186124467097,2.40579105631973,2.05778785727705
chr5,92138314,92138815,-0.5339911020830436,chr5,92135938,92204794,ENSMUSG00000029407.7,+,Uso1,protein_coding,2.98186124467097,2.40579105631973,2.05778785727705
chr10,99354024,99354525,-0.6107569930221056,chr10,99296888,99425047,ENSMUSG00000044633.3,+,B530045E10Rik,lincRNA,5.64001312666366,3.74087290625541,3.69210811691509
chr3,80697662,80698163,-0.6700652241100927,chr3,80679450,80804835,ENSMUSG00000033981.10,-,Gria2,protein_coding,4.82451453991649,3.29143941221766,3.03043999560414
chr5,35785922,35786423,-0.2686465355620487,chr5,35755880,35886973,ENSMUSG00000029095.13,+,Ablim2,protein_coding,5.81222529896719,4.186180213254369,3.433187836420512
chr6,24664808,24665309,-0.5110465376947632,chr6,24611805,24667009,ENSMUSG00000029684.10,-,Wasl,protein_coding,43.8439431027508,32.4319140476949,30.7741843221722
chr6,8259038,8259539,-0.4935483002796621,chr6,8253936,8261173,ENSMUSG00000012483.4,-,Rpa3,protein_coding,38.9198256820102,28.704259773617,27.6511107895845
chr6,8259038,8259539,-0.4935483002796621,chr6,8257288,8599480,ENSMUSG00000089862.4,+,Gm16039,protein_coding,38.9198256820102,28.704259773617,27.6511107895845
chr4,104651584,104652085,-0.61351144172657,chr4,103617359,104746844,ENSMUSG00000028519.12,+,Dab1,protein_coding,1.96715689627563,1.69859423481915,1.28363615534324
chr2,6771663,6772164,-0.4249527262735615,chr2,6537694,7511563,ENSMUSG00000002107.14,-,Celf2,protein_coding,1.80530221493649,1.5267520165106,1.34318628626122
chr2,112498010,112498511,-0.5834384491677822,chr2,112490964,112636573,ENSMUSG00000003604.10,+,Aven,protein_coding,3.6478910536585216,3.0011641579473802,2.3175001004022993
chr16,52452918,52453419,-0.5432611189841798,chr16,52246996,52456074,ENSMUSG00000022636.9,-,Alcam,protein_coding,37.1518745473827,26.4901388838722,25.5006893953239
chr19,59458328,59458829,-0.3304164639823885,chr19,59423104,59460635,ENSMUSG00000087095.2,-,Emx2os,antisense,11.4543312947695,9.53724311612466,9.11117003045175
chr19,59458328,59458829,-0.3304164639823885,chr19,59456372,59467357,ENSMUSG00000043969.4,+,Emx2,protein_coding,11.4543312947695,9.53724311612466,9.11117003045175
chr10,5823754,5824255,-0.4675754147592391,chr10,5809887,5825910,ENSMUSG00000019774.8,-,Mtrf1l,protein_coding,29.5820556047525,22.2866138514015,21.3983470431961
chr10,5823754,5824255,-0.4675754147592391,chr10,5823663,5924400,ENSMUSG00000019775.13,-,Rgs17,protein_coding,29.5820556047525,22.2866138514015,21.3983470431961
chr2,145349402,145349903,-0.5083888750941663,chr2,145165754,145644166,ENSMUSG00000063873.6,+,Slc24a3,protein_coding,4.464166530354056,3.676903068900346,4.199526060603098
chr2,145349402,145349903,-0.5083888750941663,chr2,145335648,145381381,ENSMUSG00000087158.1,+,Gm14093,sense_intronic,4.464166530354056,3.676903068900346,4.199526060603098
chr1,79701563,79702064,-0.708969331251641,chr1,79700262,79778143,ENSMUSG00000073643.7,-,Wdfy1,protein_coding,4.30782459564156,2.69660096422652,2.63343912281757
chr2,44927384,44927885,-0.4696667737143575,chr2,44562412,44929657,ENSMUSG00000036890.9,-,Gtdc1,protein_coding,9.59300245936943,7.58088555384268,6.92766523012562
chr2,97564474,97564975,-0.7120679458603817,chr2,96316169,97633666,ENSMUSG00000050587.10,+,Lrrc4c,protein_coding,4.88054116038004,3.03367608475483,2.97750654589927
chr2,115581416,115581917,-0.4470010761667717,chr2,115554786,115583555,ENSMUSG00000086735.1,-,Gm13977,antisense,15.2952673865481,12.5709192008795,11.2218913374337
chr2,115581416,115581917,-0.4470010761667717,chr2,115579716,115780768,ENSMUSG00000040282.9,+,BC052040,protein_coding,15.2952673865481,12.5709192008795,11.2218913374337
chr1,83327040,83327541,-0.8426007121066172,chr1,83252139,83410200,ENSMUSG00000026163.13,-,Sphkap,protein_coding,1.74927559447295,1.20289552815987,0.972652138327093
chr1,152776392,152776893,-0.4025022822968391,chr1,152764542,152777597,ENSMUSG00000008475.9,+,Arpc5,protein_coding,1.96093171622412,1.53997064868818,1.48213659173652
chr1,43827628,43828129,-0.3749520667326185,chr1,43744966,43829800,ENSMUSG00000057363.8,-,Uxs1,protein_coding,37.6063126911426,29.1008187389445,29.007530438272
chr13,84065405,84065906,-0.6049496527243345,chr13,84023297,84066772,ENSMUSG00000098087.1,-,Gm17750,lincRNA,3.63550515007901,2.90809907906781,2.38862191793252
chr13,112318119,112318620,-0.7324852557221269,chr13,112286451,112386002,ENSMUSG00000049985.10,+,Ankrd55,protein_coding,2.85113246358936,2.12159046450174,1.71372043419536
chr16,34351096,34351597,-0.2962892906311774,chr16,33972258,34575532,ENSMUSG00000061751.11,-,Kalrn,protein_coding,1.69947415406091,1.33508184993568,1.38288637353988
chr19,36090709,36091210,-0.534391795056287,chr19,36081716,36106772,ENSMUSG00000024800.7,+,Rpp30,protein_coding,1.71814969421542,1.58623586130971,1.1843859371466
chr14,121219390,121219891,-0.4446133437921944,chr14,121033200,121285744,ENSMUSG00000025555.10,+,Farp1,protein_coding,3.7475583910061,3.18569035479701,2.75253938465354
chr2,112296179,112296680,-0.6317094728734005,chr2,112263825,112365163,ENSMUSG00000027130.11,+,Slc12a6,protein_coding,7.70054772371187,5.22135971014448,4.96912759104522
chr2,112296179,112296680,-0.6317094728734005,chr2,112264314,112408319,ENSMUSG00000096764.1,+,Gm21985,protein_coding,7.70054772371187,5.22135971014448,4.96912759104522
chr3,49749230,49749731,-0.8979053491238151,chr3,49741296,49759325,ENSMUSG00000037892.9,-,Pcdh18,protein_coding,1.83020293514251,1.35490979820205,0.979268819540203
chr5,22549497,22549998,-0.5355698310834317,chr5,22484485,22552429,ENSMUSG00000029012.7,-,Orc5,protein_coding,2.62080080168367,2.17446499321207,1.80635397117889
chr5,22549497,22549998,-0.5355698310834317,chr5,22548437,22809850,ENSMUSG00000097207.3,+,6030443J06Rik,lincRNA,2.62080080168367,2.17446499321207,1.80635397117889
chr1,51897019,51897520,-0.7449486283572079,chr1,51747765,51918071,ENSMUSG00000018417.10,-,Myo1b,protein_coding,5.04862102177067,3.02045745257725,3.01058995196481
chr18,61910414,61910915,-0.3415762843024785,chr18,61797395,61913852,ENSMUSG00000032735.10,-,Ablim3,protein_coding,1.49404321236124,1.14341168336075,1.17776925593349
chr1,158860766,158861267,-0.6764623987975544,chr1,158709727,158982490,ENSMUSG00000073530.7,-,Pappa2,protein_coding,6.26253113181418,3.38396983746072,3.91707527816081
chr11,24076238,24076739,-0.4777898627373881,chr11,24074559,24079367,ENSMUSG00000085167.1,+,Gm12063,lincRNA,20.8481279924907,15.2278642685733,14.9735495852668
chr11,24076238,24076739,-0.4777898627373881,chr11,24046955,24077054,ENSMUSG00000055010.1,-,A830031A19Rik,protein_coding,20.8481279924907,15.2278642685733,14.9735495852668
chr11,24076238,24076739,-0.4777898627373881,chr11,24076056,24176123,ENSMUSG00000000861.11,+,Bcl11a,protein_coding,20.8481279924907,15.2278642685733,14.9735495852668
chr18,52894361,52894862,-0.7072446507821802,chr18,52765709,52917935,ENSMUSG00000024534.11,+,Sncaip,protein_coding,3.00676196487699,2.35291652760941,1.83943737724444
chr3,67892746,67893247,-0.6653636416646398,chr3,67890220,68058593,ENSMUSG00000051777.6,+,Iqcj,protein_coding,3.59192888971847,2.58424259071708,2.26290497488344
chr3,67892746,67893247,-0.6653636416646398,chr3,67890232,68628466,ENSMUSG00000102422.1,+,SCHIP1,protein_coding,3.59192888971847,2.58424259071708,2.26290497488344
chr5,76951016,76951517,-0.4270758981665317,chr5,76949307,76969509,ENSMUSG00000029247.13,+,Paics,protein_coding,25.6415166321497,20.5615823522272,19.0758919373946
chr5,76951016,76951517,-0.4270758981665317,chr5,76911249,76953578,ENSMUSG00000029246.10,-,Ppat,protein_coding,25.6415166321497,20.5615823522272,19.0758919373946
chr3,79844481,79844982,-0.530741380932228,chr3,79810564,79854773,ENSMUSG00000027956.7,-,Tmem144,protein_coding,4.1139147452965465,3.2101617823103945,3.2555650810519614
chr1,105354756,105355257,-0.7365539362666911,chr1,105354007,105363737,ENSMUSG00000097482.2,+,Gm17634,antisense,1.48159285225823,1.02444399376252,0.88663528255667
chr1,105354756,105355257,-0.7365539362666911,chr1,105274914,105358710,ENSMUSG00000047496.6,-,Rnf152,protein_coding,1.48159285225823,1.02444399376252,0.88663528255667
chrX,57222744,57223245,-0.8223049163651951,chrX,57210143,57226042,ENSMUSG00000031132.1,+,Cd40lg,protein_coding,1.53761947272177,1.0442719420289,0.866785238917342
chr2,104351857,104352358,-0.5040831048224371,chr2,104141073,104412334,ENSMUSG00000068373.10,-,D430041D05Rik,protein_coding,2.71417850245624,1.98940414272593,1.91222087058864
chr1,137897745,137898246,-0.6084965384466732,chr1,137896595,138002384,ENSMUSG00000098243.3,+,Gm4258,processed_transcript,2.51497274080808,1.75807807961827,1.64755362206426
chr9,29429121,29429622,-0.349566530945616,chr9,28992750,29965141,ENSMUSG00000059974.6,-,Ntm,protein_coding,1.0894065090134,0.991397413318572,0.853551876491123
chr16,77398421,77398922,-0.5360865200852366,chr16,77398030,77405135,ENSMUSG00000096870.2,+,Gm21816,TEC,3.7934264156394852,2.3409447917443313,2.8645295485289033
chr16,77398421,77398922,-0.5360865200852366,chr16,77234317,77693403,ENSMUSG00000090386.5,+,Mir99ahg,processed_transcript,3.7934264156394852,2.3409447917443313,2.8645295485289033
chr1,180813415,180813916,-0.3167764713219677,chr1,180798832,180815943,ENSMUSG00000060743.8,-,H3f3a,protein_coding,24.9318461062781,22.0090225756723,20.0220773508693
chr1,180813415,180813916,-0.3167764713219677,chr1,180811776,180818859,ENSMUSG00000073485.3,+,H3f3aos,antisense,24.9318461062781,22.0090225756723,20.0220773508693
chr13,80962744,80963245,-0.4756264735219964,chr13,80955665,80965730,ENSMUSG00000097146.1,-,Gm4211,lincRNA,6.52398869397739,5.18170381361174,4.69122698009462
chr13,80962744,80963245,-0.4756264735219964,chr13,80960888,81130864,ENSMUSG00000097098.3,+,9330111N05Rik,lincRNA,6.52398869397739,5.18170381361174,4.69122698009462
chr2,52617471,52617972,-0.7186229917427385,chr2,52617754,52622185,ENSMUSG00000025201.7,+,Bloc1s2-ps,processed_pseudogene,3.658276468217968,2.844589755920593,3.0028269997613872
chr2,52617471,52617972,-0.7186229917427385,chr2,52426320,52678831,ENSMUSG00000017412.11,-,Cacnb4,protein_coding,3.658276468217968,2.844589755920593,3.0028269997613872
chr2,165686654,165687155,-0.3796287357640711,chr2,165593032,165773727,ENSMUSG00000017897.14,+,Eya2,protein_coding,1.16410866963146,1.09053715465043,0.89325196376978
chr6,70172078,70172579,-0.7990446755534895,chr6,70169809,70174108,ENSMUSG00000076580.2,-,Igkv8-27,IG_LV_gene,2.73285404261076,2.26699541845513,1.56815344750695
chr7,75537538,75538039,-0.3737298576356848,chr7,75453534,75756609,ENSMUSG00000066406.10,+,Akap13,protein_coding,2.49629720065356,2.05549730361384,1.92545423301486
chr13,95844409,95844910,-0.290387226198151,chr13,95625177,95893922,ENSMUSG00000021676.9,-,Iqgap2,protein_coding,4.002297222495317,2.8056158158117666,2.8911394568498503
chr18,10324935,10325436,-0.4247877215712615,chr18,10323177,10564934,ENSMUSG00000042942.11,+,Greb1l,protein_coding,11.1990989126578,8.77717176591375,8.34363500973105
chr13,84061621,84062122,-0.5154731752086922,chr13,84023297,84066772,ENSMUSG00000098087.1,-,Gm17750,lincRNA,4.8166703849495525,4.83375226618525,5.330157241897431
chr16,43931475,43931976,-0.3452733105406396,chr16,43887800,43966314,ENSMUSG00000022701.13,+,2610015P09Rik,protein_coding,4.74981237929843,3.50954684314774,3.73842488540686
chr8,88256539,88257040,-0.4530711066994762,chr8,88197213,88261722,ENSMUSG00000036779.8,+,Papd5,protein_coding,1.38821515148565,1.05749057420648,1.01235222560575
chr1,42695452,42695953,-0.5334109046444462,chr1,42693768,42705176,ENSMUSG00000045515.3,+,Pou3f3,protein_coding,40.469895514835,28.1490772221586,27.9687114878138
chr1,42695452,42695953,-0.5334109046444462,chr1,42588782,42696842,ENSMUSG00000060424.10,-,Pantr1,lincRNA,40.469895514835,28.1490772221586,27.9687114878138
chr1,42695452,42695953,-0.5334109046444462,chr1,42692925,42746791,ENSMUSG00000093436.2,+,Gm20646,sense_overlapping,40.469895514835,28.1490772221586,27.9687114878138
chr8,68881138,68881639,-0.3903353513515132,chr8,68878491,68909448,ENSMUSG00000015568.11,+,Lpl,protein_coding,8.95803409411591,6.81420488754298,6.83503169314209
chr9,94537203,94537704,-0.3860722258895493,chr9,94515864,94540081,ENSMUSG00000045414.7,-,1190002N15Rik,protein_coding,9.64902907983298,7.94439793872615,7.38421623383018
chr10,45709526,45710027,-0.7294564522042906,chr10,45575829,45714345,ENSMUSG00000038822.11,+,Hace1,protein_coding,4.68756057878338,2.54458669418433,2.82532287799775
chr11,21090974,21091475,-0.4384155400765442,chr11,21089291,21152323,ENSMUSG00000020134.9,+,Peli1,protein_coding,25.3240324495229,19.7750737376611,18.6921244270343
chr16,74128431,74128932,-0.6790934886122577,chr16,73890306,74413825,ENSMUSG00000052516.13,-,Robo2,protein_coding,2.54609864106561,1.70520355090794,1.58800349114628
chr2,57123924,57124425,-0.3452818070028843,chr2,57104830,57126003,ENSMUSG00000026826.9,-,Nr4a2,protein_coding,7.46399088175467,5.50556030196247,5.87561291724122
chr3,65658736,65659237,-0.4248037743595328,chr3,65657288,65661426,ENSMUSG00000098944.1,+,Mir8120,miRNA,12.4067838426498,9.07459098990933,9.24350365471394
chr4,85233056,85233557,-0.538768360395401,chr4,85203126,85641195,ENSMUSG00000028488.11,+,Sh3gl2,protein_coding,9.69883052024502,7.86508614566067,6.67623134402746
chr8,47533335,47533836,-0.4217926773597237,chr8,47488115,47535470,ENSMUSG00000038102.11,-,Trappc11,protein_coding,23.7490618964921,19.2793750310018,17.7327056511334
chr8,47533335,47533836,-0.4217926773597237,chr8,47531664,47554955,ENSMUSG00000031568.12,+,Rwdd4a,protein_coding,23.7490618964921,19.2793750310018,17.7327056511334
chr1,167392150,167392651,-0.5317395291860957,chr1,167369966,167395841,ENSMUSG00000026688.5,-,Mgst3,protein_coding,4.89921670053455,3.64173316492355,3.38774078111205
chr4,49179485,49179986,-0.7908932782329003,chr4,49057273,49342259,ENSMUSG00000063446.4,+,Lppr1,protein_coding,1.90490509576058,1.22933279251503,1.09836908137617
chr14,61360705,61361206,-0.3568841861977616,chr14,61337763,61362445,ENSMUSG00000021928.8,-,Ebpl,protein_coding,3.70398213064556,3.15925309044185,2.89148969012884
chr10,49788547,49789048,-0.4809339185042333,chr10,49097460,49790766,ENSMUSG00000056073.10,-,Grik2,protein_coding,18.8996466363696,14.5999792401382,13.5443464432351
chr4,25800151,25800652,-0.6140336032733997,chr4,25607332,25802244,ENSMUSG00000055373.8,-,Fut9,protein_coding,6.1691534310416,4.53399083691027,4.02955885878367
chr8,123719521,123720022,-0.2503723640931573,chr8,119908841,124347722,ENSMUSG00000092329.1,+,Gm20388,protein_coding,4.407926114495405,3.250283811382667,2.8009510218740226
chr7,75232677,75233178,-0.4408050584692068,chr7,75112897,75311262,ENSMUSG00000053025.9,-,Sv2b,protein_coding,2.24728999859336,2.10176251623537,1.65417030327737
chr6,72958217,72958718,-0.3726545272132581,chr6,72951236,72959249,ENSMUSG00000097569.1,+,Gm26640,lincRNA,23.3817762734533,17.098300721701,18.0635397117889
chr6,72958217,72958718,-0.3726545272132581,chr6,72955347,72960748,ENSMUSG00000079523.4,-,Tmsb10,protein_coding,23.3817762734533,17.098300721701,18.0635397117889
chr12,99929895,99930396,-0.397929552507015,chr12,99882517,99957219,ENSMUSG00000021177.11,+,Tdp1,protein_coding,1.60609645328833,1.59284517739851,1.21746934321214
chr6,56076422,56076923,-0.7206593673599323,chr6,56067821,56371634,ENSMUSG00000004347.12,-,Pde1c,protein_coding,3.4315772068476726,3.0749701625572707,3.8136035008820706
chr10,119847851,119848352,-0.5738161121880442,chr10,119823204,119854390,ENSMUSG00000085418.1,-,Grip1os1,antisense,1.80530221493649,1.30864458558051,1.21085266199903
chr10,119847851,119848352,-0.5738161121880442,chr10,119452034,120089261,ENSMUSG00000034813.12,+,Grip1,protein_coding,1.80530221493649,1.30864458558051,1.21085266199903
chr18,55015520,55016021,-0.4736184841035615,chr18,54988310,55081414,ENSMUSG00000096948.1,+,Gm4221,lincRNA,4.4759044570322,3.65495179710113,3.22232375078432
chr7,91420680,91421181,-0.3312729434919471,chr7,91088706,92449003,ENSMUSG00000052572.11,+,Dlg2,protein_coding,1.59987127323682,1.387956378646,1.27040279291702
chr8,68061613,68062114,-0.6678176293818714,chr8,67687082,68064286,ENSMUSG00000030465.14,-,Psd3,protein_coding,1.30728781081608,1.03105330985131,0.820468470425575
chr1,63445579,63446080,-0.3300276304747117,chr1,63443891,63598276,ENSMUSG00000025964.11,+,Adam23,protein_coding,19.2669322594084,15.9482797222514,15.3308503707747
chr3,92080807,92081308,-0.3648730093179306,chr3,92078271,92085142,ENSMUSG00000043165.7,-,Lor,protein_coding,9.98518880261426,8.79699971418013,7.75475038176431
chr5,57717281,57717782,-0.5230910337334239,chr5,57716021,58135234,ENSMUSG00000029108.10,+,Pcdh7,protein_coding,8.8335304930858,7.30990359420227,6.14689684697871
chr5,57717281,57717782,-0.5230910337334239,chr5,57568082,57722201,ENSMUSG00000097216.2,-,4932441J04Rik,antisense,8.8335304930858,7.30990359420227,6.14689684697871
chr3,135691073,135691574,-0.2910143485905033,chr3,135582655,135693547,ENSMUSG00000028163.13,-,Nfkb1,protein_coding,9.94783772230523,8.1228494731235,8.13190121091155
chr1,105356249,105356750,-0.2684129196533706,chr1,105354007,105363737,ENSMUSG00000097482.2,+,Gm17634,antisense,3.06901376539204,2.74286617684805,2.54742226704715
chr1,105356249,105356750,-0.2684129196533706,chr1,105274914,105358710,ENSMUSG00000047496.6,-,Rnf152,protein_coding,3.06901376539204,2.74286617684805,2.54742226704715
chr12,95694091,95694592,-0.5538065594279855,chr12,95690226,95787215,ENSMUSG00000047414.6,+,Flrt2,protein_coding,5.9263714090329,4.34892998642413,4.03617553999678
chr10,39732421,39732922,-0.3699327847815051,chr10,39619412,39734007,ENSMUSG00000087177.3,-,E130307A14Rik,processed_transcript,15.687453729793,12.0157366494211,12.1416100260559
chr10,39732421,39732922,-0.3699327847815051,chr10,39730118,39877211,ENSMUSG00000019841.11,+,Rev3l,protein_coding,15.687453729793,12.0157366494211,12.1416100260559
chr12,27339071,27339572,-0.3208984073693287,chr12,27332264,27344574,ENSMUSG00000063632.6,-,Sox11,protein_coding,9.4373729580818,8.71107860502585,7.55624994537103
chr15,72851734,72852235,-0.6553448858396488,chr15,72587621,73063204,ENSMUSG00000047921.11,-,Trappc9,protein_coding,5.60888722640614,4.05812007851735,3.5597744926529
chr3,153260470,153260971,-0.4392506121126338,chr3,153203405,153727062,ENSMUSG00000052544.5,-,St6galnac3,protein_coding,2.11033603746024,1.60606380957609,1.55492008508073
chr17,79354825,79355326,-0.3567635804105158,chr17,79352699,79360022,ENSMUSG00000097791.1,+,Gm17315,lincRNA,7.1340563390249,7.09840547936097,5.57124558143818
chr17,79354825,79355326,-0.3567635804105158,chr17,79332025,79357091,ENSMUSG00000036533.8,-,Cdc42ep3,protein_coding,7.1340563390249,7.09840547936097,5.57124558143818
chr8,112011898,112012399,-0.2772212713000582,chr8,112011433,112017036,ENSMUSG00000092086.1,-,Gm6793,protein_coding,5.37233038444894,4.61991194606454,4.43317641278335
chr8,112011898,112012399,-0.2772212713000582,chr8,111991440,112013323,ENSMUSG00000031948.9,-,Kars,protein_coding,5.37233038444894,4.61991194606454,4.43317641278335
chr8,112011898,112012399,-0.2772212713000582,chr8,112009359,112022528,ENSMUSG00000033430.9,+,Terf2ip,protein_coding,5.37233038444894,4.61991194606454,4.43317641278335
chr2,45019764,45020265,-0.5727853170058826,chr2,44981634,45119395,ENSMUSG00000026872.12,-,Zeb2,protein_coding,2.50252238070507,2.12819978059053,1.68063702812981
chr14,111282462,111282963,-0.799719321176305,chr14,111280046,111284134,ENSMUSG00000093362.1,+,Gm22802,miRNA,8.72147725215871,4.74548895175156,5.00882767832388
chr16,30996003,30996504,-0.3771709923402176,chr16,30953627,31083432,ENSMUSG00000047434.9,-,Xxylt1,protein_coding,4.0959157558258426,2.724683347100507,2.7603138183167357
chr3,142280711,142281212,-1.0155962183008769,chr3,142237586,142397696,ENSMUSG00000028273.11,-,Pdlim5,protein_coding,1.79907703488499,1.40117501082358,0.88663528255667
chrX,59070646,59071147,-0.892211321343697,chrX,59060145,59570071,ENSMUSG00000031137.13,-,Fgf13,protein_coding,2.19126337812981,1.71181286699673,1.17776925593349
chr3,153579393,153579894,-0.4175287299563584,chr3,153203405,153727062,ENSMUSG00000052544.5,-,St6galnac3,protein_coding,4.14596991430243,2.89488044689023,3.10322348894835
chr3,65957371,65957872,-0.4753666204951166,chr3,65944151,65960249,ENSMUSG00000027829.11,-,Ccnl1,protein_coding,11.2862514333788,8.85648355897924,8.11866784848533
chr3,65957371,65957872,-0.4753666204951166,chr3,65955758,65964036,ENSMUSG00000103041.1,+,RP24-372I24.4,antisense,11.2862514333788,8.85648355897924,8.11866784848533
chr10,56204277,56204778,-0.3135574525764445,chr10,56012298,56230689,ENSMUSG00000038122.8,-,Tbc1d32,protein_coding,13.2036068892424,10.1849560928261,10.6263900282538
chr10,39639180,39639681,-0.434311497266395,chr10,39610934,39657307,ENSMUSG00000019842.6,+,Traf3ip2,protein_coding,1.59364609318532,1.21611416033745,1.17776925593349
chr10,39639180,39639681,-0.434311497266395,chr10,39619412,39734007,ENSMUSG00000087177.3,-,E130307A14Rik,processed_transcript,1.59364609318532,1.21611416033745,1.17776925593349
chr3,126362346,126362847,-0.7310558539992416,chr3,126361827,126442374,ENSMUSG00000046561.8,+,Arsj,protein_coding,1.80530221493649,1.40778432691237,1.08513571894995
chr18,33455486,33455987,-0.5061824431590384,chr18,33435019,33466029,ENSMUSG00000042834.10,-,Nrep,protein_coding,2.5806916007500686,1.8258071588185019,2.5545075296641824
chr16,9662768,9663269,-0.4430174420355531,chr16,9575710,9996921,ENSMUSG00000059003.8,-,Grin2a,protein_coding,5.29359271093281,3.7548458590478955,2.6676357163640554
chr9,120495866,120496367,-0.3762995365354724,chr9,120490606,120497327,ENSMUSG00000006941.4,+,Eif1b,protein_coding,5.802187734021398,3.654255426334526,4.567752231856782
chr11,24117776,24118277,-0.4974652260579295,chr11,24076056,24176123,ENSMUSG00000000861.11,+,Bcl11a,protein_coding,4.9789892451729845,4.11363977776792,3.547103425461851
chr15,43867980,43868481,-0.5985988015342327,chr15,43864695,43872029,ENSMUSG00000054409.4,-,Tmem74,protein_coding,11.4418809346665,7.08518684718339,7.55624994537103
chr1,119420937,119421438,-0.3795827145815264,chr1,119413465,119424248,ENSMUSG00000037035.5,-,Inhbb,protein_coding,5.73339082743624,5.07595475619109,4.40670968793091
chr8,113635219,113635720,-0.5124066915399123,chr8,113633586,113647178,ENSMUSG00000078908.5,+,Mon1b,protein_coding,47.4234216323662,34.2362573399347,33.2554397770882
chr1,167784043,167784544,-0.4813170717373766,chr1,167687237,167850741,ENSMUSG00000026686.10,+,Lmx1a,protein_coding,5.24782678341884,3.92593375674154,3.75827492904618
chr15,21111226,21111727,-0.5138970100769554,chr15,21109452,21591533,ENSMUSG00000040452.8,+,Cdh12,protein_coding,5.49060880542754,4.14404118767163,3.84429178481661
chr12,52096071,52096572,-0.7394380163638938,chr12,52095737,52314744,ENSMUSG00000035142.14,+,Nubpl,protein_coding,3.80358501146965,2.08854388405779,2.27613833730966
chr14,63122215,63122716,-0.2546966686896971,chr14,63120462,63147919,ENSMUSG00000021939.7,+,Ctsb,protein_coding,12.9359241470277,12.1082670746642,10.8447405082864
chr2,45036804,45037305,-0.7988459435412063,chr2,44981634,45119395,ENSMUSG00000026872.12,-,Zeb2,protein_coding,3.03166268508301,2.2934326828103,1.74018715904779
chr14,117948801,117949302,-0.4910731241483385,chr14,116923297,117981529,ENSMUSG00000058571.6,+,Gpc6,protein_coding,3.49855118894589,1.92331098183803,2.48787213612916
chr17,52602124,52602625,-0.4438272624558561,chr17,52590981,52604660,ENSMUSG00000098552.1,-,Gm27217,antisense,1.22636047014651,0.839383143276391,0.899868644982889
chr17,52602124,52602625,-0.4438272624558561,chr17,52600709,52981194,ENSMUSG00000035580.10,+,Kcnh8,protein_coding,1.22636047014651,0.839383143276391,0.899868644982889
chr6,32142980,32143481,-0.4321496313904028,chr6,32142268,32590192,ENSMUSG00000029765.11,-,Plxna4,protein_coding,3.28689506719472,2.775912757292,2.43493868642429
chr14,70398969,70399470,-0.5052008748375347,chr14,70370480,70431094,ENSMUSG00000033644.4,-,Piwil2,protein_coding,1.15788348957996,0.641103660612676,0.813851789212466
chr19,28579818,28580319,-0.4122179394394183,chr19,28578533,28585294,ENSMUSG00000089952.1,-,4933413C19Rik,sense_intronic,4.28914905548705,3.29143941221766,3.22232375078432
chr19,28579818,28580319,-0.4122179394394183,chr19,28256851,28682077,ENSMUSG00000052942.9,-,Glis3,protein_coding,4.28914905548705,3.29143941221766,3.22232375078432
chr1,6382647,6383148,-0.4535218784703325,chr1,6378394,6383032,ENSMUSG00000103355.1,+,RP23-76C20.3,processed_pseudogene,5.42835700491249,4.15065050376042,3.96339204665258
chr1,6382647,6383148,-0.4535218784703325,chr1,6380634,6385106,ENSMUSG00000102706.1,-,RP23-76C20.2,processed_pseudogene,5.42835700491249,4.15065050376042,3.96339204665258
chr1,6382647,6383148,-0.4535218784703325,chr1,6357218,6396731,ENSMUSG00000087247.3,+,Fam150a,protein_coding,5.42835700491249,4.15065050376042,3.96339204665258
chr6,39592306,39592807,-0.3543284353299254,chr6,39590574,39605382,ENSMUSG00000002416.9,+,Ndufb2,protein_coding,18.9432228967302,16.9198491873036,14.8213659173652
chr6,39592306,39592807,-0.3543284353299254,chr6,39571873,39598595,ENSMUSG00000046947.8,+,Adck2,protein_coding,18.9432228967302,16.9198491873036,14.8213659173652
chr6,39592306,39592807,-0.3543284353299254,chr6,39582092,39594784,ENSMUSG00000086582.1,-,Gm16272,antisense,18.9432228967302,16.9198491873036,14.8213659173652
chr6,101319187,101319688,-0.5888478857299427,chr6,101147609,101379897,ENSMUSG00000035357.12,-,Pdzrn3,protein_coding,2.07298495715121,1.24255142469261,1.37626969232677
chr10,63291133,63291634,-0.7620352308029487,chr10,63290286,63297793,ENSMUSG00000096991.1,-,Gm26789,lincRNA,3.5047763689974,2.94775497560055,2.06440453849016
chr10,63291133,63291634,-0.7620352308029487,chr10,63241797,63319881,ENSMUSG00000020064.8,+,Herc4,protein_coding,3.5047763689974,2.94775497560055,2.06440453849016
chr2,110899180,110899681,-0.4638059147066982,chr2,110653201,110952923,ENSMUSG00000074968.7,-,Ano3,protein_coding,3.968033315178877,2.1779322343434164,2.89664533728373
chr5,73340793,73341294,-0.3405963774410633,chr5,73320199,73340947,ENSMUSG00000029153.8,-,Ociad2,protein_coding,5.115006813270127,5.1158677927272285,4.377413156741632
chr10,98925076,98925577,-0.6596162748790622,chr10,98913152,99028143,ENSMUSG00000019943.9,+,Atp2b1,protein_coding,4.075323236202765,3.9523504865383674,4.106061620864564
chr9,36857374,36857875,-0.6063995976110934,chr9,36819939,36880924,ENSMUSG00000032118.11,+,Fez1,protein_coding,3.86887638868686,2.7833132667693787,2.49722180109538
chr10,117709979,117710480,-0.2920203802297216,chr10,117686888,117712758,ENSMUSG00000020184.10,-,Mdm2,protein_coding,9.81710894122362,8.86970219115682,8.01941763028869
chr3,119301593,119302094,-0.7817161178014193,chr3,118560129,119434918,ENSMUSG00000033308.12,+,Dpyd,protein_coding,2.0949409783719304,1.1476525808284859,1.67202354357866
chr2,49451237,49451738,-0.3225734832294036,chr2,49449486,49553948,ENSMUSG00000069495.8,+,Epc2,protein_coding,21.0535589341904,18.3871173590151,16.8394536873636
chr13,97192558,97193059,-0.7198576473943774,chr13,97174332,97200357,ENSMUSG00000021665.7,-,Hexb,protein_coding,4.046596667247856,2.8425189742071186,2.4299743669832536
chr8,121678631,121679132,-0.2802345098372604,chr8,119908841,124347722,ENSMUSG00000092329.1,+,Gm20388,protein_coding,4.802479712549084,3.6786277237052687,3.0932772316618595
chr7,100495030,100495531,-0.2762509959187627,chr7,100491337,100504020,ENSMUSG00000033685.8,+,Ucp2,protein_coding,1.0831813289619,1.29542595340293,0.89325196376978
chr17,85335610,85336111,-0.3914064289256808,chr17,85088726,85460139,ENSMUSG00000071037.5,+,Camkmt,protein_coding,4.1148440140449,3.04689471693241,3.13630689501389
chr10,99338058,99338559,-0.616817533212664,chr10,99296888,99425047,ENSMUSG00000044633.3,+,B530045E10Rik,lincRNA,1.44424177194919,1.13680236727196,0.939568732261546
chr16,46010241,46010742,-0.3041288380055648,chr16,45957263,46012218,ENSMUSG00000087141.1,-,Plcxd2,protein_coding,16.2290443942739,14.2695134356986,13.1473455704485
chr1,155973071,155973572,-0.4156563242747748,chr1,155842964,155975255,ENSMUSG00000033671.13,-,Cep350,protein_coding,28.6420534169752,22.9872013568133,21.4777472177534
chr1,155973071,155973572,-0.4156563242747748,chr1,155971318,155976506,ENSMUSG00000102833.1,+,RP24-310B3.1,TEC,28.6420534169752,22.9872013568133,21.4777472177534
chr4,49059535,49060036,-0.3649007521195443,chr4,49057273,49342259,ENSMUSG00000063446.4,+,Lppr1,protein_coding,4.13351955419942,3.57564000403565,3.2090903883581
chr1,105342275,105342776,-0.6233125580313855,chr1,105274914,105358710,ENSMUSG00000047496.6,-,Rnf152,protein_coding,10.315123345344,5.49895098587368,6.69608138766679
chr10,122038518,122039019,-0.4617310143247162,chr10,121778991,122049315,ENSMUSG00000020121.11,-,Srgap1,protein_coding,1.97960725637864,1.65232902219762,1.43581982324476
chr1,54195201,54195702,-0.5714658075017063,chr1,53804876,54197168,ENSMUSG00000042807.11,-,Hecw2,protein_coding,2.79510584312581,2.00262277490351,1.87913746452309
chr3,97847071,97847572,-0.4168711161604753,chr3,97687824,97890707,ENSMUSG00000038170.11,-,Pde4dip,protein_coding,1.99828279653315,1.43422159126753,1.49536995416274
chr8,61318465,61318966,-0.4607066760478117,chr8,61222171,61398072,ENSMUSG00000031642.8,+,Sh3rf1,protein_coding,3.85338645188169,3.04028540084362,2.79885615314531
chr18,31634033,31634534,-0.4666143638094789,chr18,31632371,31725061,ENSMUSG00000024260.9,+,Sap130,protein_coding,28.2187411734728,20.4624426108953,20.425694904869
chr9,62122484,62122985,-0.2865176644892392,chr9,62120518,62124594,ENSMUSG00000092696.1,-,Mir5133,miRNA,29.7065592057826,26.0803612863672,24.3626202266691
chr9,62122484,62122985,-0.2865176644892392,chr9,62055248,62124655,ENSMUSG00000032252.10,-,Glce,protein_coding,29.7065592057826,26.0803612863672,24.3626202266691
chr1,7105572,7106073,-0.7496049907884292,chr1,7086920,7175628,ENSMUSG00000051285.13,+,Pcmtd1,protein_coding,2.12901157761476,1.33508184993568,1.26378611170391
chr16,59825622,59826123,-0.5462714038325776,chr16,59651483,60607531,ENSMUSG00000055540.11,-,Epha6,protein_coding,2.98808642472247,1.91670166574924,2.04455449485083
chr8,73142134,73142635,-0.544150293358059,chr8,72812599,73355540,ENSMUSG00000004383.13,-,Large,protein_coding,3.61060442987299,3.29143941221766,2.47463877370295
chr3,59344221,59344722,-0.5709942614798948,chr3,59314735,59346394,ENSMUSG00000036334.8,-,Igsf10,protein_coding,1.99828279653315,1.72503149917431,1.34318628626122
chr3,59344221,59344722,-0.5709942614798948,chr3,59342271,59353167,ENSMUSG00000103668.1,+,RP23-314I1.1,antisense,1.99828279653315,1.72503149917431,1.34318628626122
chr11,105126653,105127154,-0.3003187558805927,chr11,105124425,105142394,ENSMUSG00000020691.9,+,Mettl2,protein_coding,2.60835044158066,2.53797737809554,2.11733798819503
chr9,73019897,73020398,-0.3348821999567852,chr9,73005419,73042378,ENSMUSG00000079469.6,-,Pigb,protein_coding,1.22013529009501,1.01783467767373,0.966035457113984
chr7,91785858,91786359,-0.3490398034875978,chr7,91088706,92449003,ENSMUSG00000052572.11,+,Dlg2,protein_coding,6.02597428985698,5.39320192845303,4.73092706737328
chr1,193368067,193368568,-0.3030346342231591,chr1,193364840,193369467,ENSMUSG00000103895.1,+,RP23-59N15.7,TEC,10.0474406031293,8.77717176591375,8.14513457333777
chr1,193368067,193368568,-0.3030346342231591,chr1,193344346,193372298,ENSMUSG00000016179.7,-,Camk1g,protein_coding,10.0474406031293,8.77717176591375,8.14513457333777
chr1,16619098,16619599,-0.5189691024535741,chr1,16616560,16623539,ENSMUSG00000102457.1,+,RP23-382H8.2,TEC,28.8163584584173,20.0923209099231,20.1147108878528
chr1,16619098,16619599,-0.5189691024535741,chr1,16538790,16621489,ENSMUSG00000025939.13,-,Ube2w,protein_coding,28.8163584584173,20.0923209099231,20.1147108878528
chr17,57247616,57248117,-0.4417323129096019,chr17,57232914,57249641,ENSMUSG00000005823.8,-,Gpr108,protein_coding,43.4579819395574,34.1106803342477,32.0048870278106
chr17,57247616,57248117,-0.4417323129096019,chr17,57247451,57265697,ENSMUSG00000019487.10,+,Trip10,protein_coding,43.4579819395574,34.1106803342477,32.0048870278106
chr1,176063068,176063569,-0.7681128160015982,chr1,175960306,176277312,ENSMUSG00000055214.11,-,Pld5,protein_coding,7.56359376257875,4.21674366464832,4.43979309399646
chr2,62867814,62868315,-0.7346546493224579,chr2,62691414,63186287,ENSMUSG00000059742.6,-,Kcnh7,protein_coding,2.12901157761476,1.50692406824423,1.27701947413013
chr11,42608641,42609142,-0.6427109533276707,chr11,42417757,42631028,ENSMUSG00000007653.8,+,Gabrb2,protein_coding,4.41365265651715,2.87505249862386,2.82532287799775
chr13,9377088,9377589,-0.4688960738611584,chr13,9274528,9670928,ENSMUSG00000048264.11,+,Dip2c,protein_coding,2.1725878379753,1.387956378646,1.56815344750695
chr15,31530895,31531396,-0.380072049100772,chr15,31453899,31533037,ENSMUSG00000039100.9,-,March6,protein_coding,30.9827211163411,25.5912718957967,23.813435685981
chr18,24732957,24733458,-0.6123551464858801,chr18,24707445,25135500,ENSMUSG00000034295.9,+,Fhod3,protein_coding,3.81603537157266,2.35291652760941,2.49448881734227
chr17,75094577,75095078,-0.6397718208926151,chr17,75003568,75394512,ENSMUSG00000001870.11,+,Ltbp1,protein_coding,2.14768711776928,1.78451534397343,1.37626969232677
chr15,81346911,81347412,-0.423576140038366,chr15,81316921,81362765,ENSMUSG00000022404.7,-,Slc25a17,protein_coding,4.02146631327233,3.15264377435306,2.99735658953859
chr1,64122085,64122586,-0.3608117632424706,chr1,64027447,64124282,ENSMUSG00000025959.9,-,Klf7,protein_coding,17.2873250030298,14.732165561914,13.4649462686778
chr8,67752225,67752726,-0.5324944440768791,chr8,67687082,68064286,ENSMUSG00000030465.14,-,Psd3,protein_coding,4.14596991430243,2.64372643551619,2.8650229652764
chr3,30602632,30603133,-0.4353565406831129,chr3,30600065,30621873,ENSMUSG00000037730.9,+,Mynn,protein_coding,7.91842902551455,6.85386078407573,5.85576287360189
chr4,6795597,6796098,-0.6711578622831559,chr4,6684353,6993557,ENSMUSG00000041272.7,-,Tox,protein_coding,8.19856212783228,6.17310122693031,5.14777798379918
chr9,92541968,92542469,-0.3258848084375556,chr9,92537936,92542083,ENSMUSG00000099610.1,-,B430319G15Rik,processed_pseudogene,5.41590664480948,4.74548895175156,4.32069283216049
chr9,92541968,92542469,-0.3258848084375556,chr9,92540223,92610428,ENSMUSG00000032374.10,+,Plod2,protein_coding,5.41590664480948,4.74548895175156,4.32069283216049
chr9,92541968,92542469,-0.3258848084375556,chr9,92536801,92544869,ENSMUSG00000103622.1,-,RP23-298I7.2,TEC,5.41590664480948,4.74548895175156,4.32069283216049
chr10,59825293,59825794,-0.3967712264384564,chr10,59700477,59866132,ENSMUSG00000020111.11,+,Micu1,protein_coding,4.64398431842284,4.08455734287252,3.52669108658735
chr4,77038946,77039447,-0.559570728000155,chr4,75939238,78213961,ENSMUSG00000028399.13,-,Ptprd,protein_coding,3.31802096745224,3.01384813648846,2.24967161245722
chr6,67267231,67267732,-0.3754747016793193,chr6,67264979,67291302,ENSMUSG00000036371.4,+,Serbp1,protein_coding,10.4707528466317,8.66481339240432,8.07235107999356
chr2,73429047,73429548,-0.3343293902782562,chr2,73419909,73431142,ENSMUSG00000085768.1,+,Gm13707,antisense,4.85564044017402,4.24318092900349,3.85090846602972
chr2,73429047,73429548,-0.3343293902782562,chr2,73427610,73531734,ENSMUSG00000075284.6,-,Wipf1,protein_coding,4.85564044017402,4.24318092900349,3.85090846602972
chr10,73366018,73366519,-0.8291469788412935,chr10,73097342,74651737,ENSMUSG00000052613.12,+,Pcdh15,protein_coding,3.34292168765826,2.09515320014658,1.87913746452309
chr11,108188646,108189147,-0.3566556108219002,chr11,108179850,108196126,ENSMUSG00000084978.1,+,Gm11655,antisense,6.150710538475813,3.8353202052696975,4.147616730002824
chr11,108188646,108189147,-0.3566556108219002,chr11,107931387,108345928,ENSMUSG00000050965.10,-,Prkca,protein_coding,6.150710538475813,3.8353202052696975,4.147616730002824
chr2,102001577,102002078,-0.4985754185258649,chr2,101948203,102188385,ENSMUSG00000048058.13,-,Ldlrad3,protein_coding,4.04014185342684,3.67477974536751,2.8584062840633
chr8,41041142,41041643,-0.572872628715952,chr8,41037756,41044053,ENSMUSG00000086773.1,+,Gm16192,antisense,2.01073315663616,1.42761227517874,1.34980296747433
chr8,41041142,41041643,-0.572872628715952,chr8,40988914,41135726,ENSMUSG00000045636.12,-,Mtus1,protein_coding,2.01073315663616,1.42761227517874,1.34980296747433
chr16,43932017,43932518,-0.4582057956107022,chr16,43887800,43966314,ENSMUSG00000022701.13,+,2610015P09Rik,protein_coding,2.70172814235323,2.04227867143626,1.96515432029352
chr18,72299199,72299700,-0.9088914717843944,chr18,71256738,72353069,ENSMUSG00000060534.11,-,Dcc,protein_coding,2.47762166049905,1.95635756228198,1.31671956140879
chr15,26716170,26716671,-0.5693804081802873,chr15,26541084,26897049,ENSMUSG00000043556.9,-,Fbxl7,protein_coding,2.93828498431043,2.11498114841295,1.97838768271973
chr3,61363618,61364119,-0.6361245681632101,chr3,61359638,61370430,ENSMUSG00000036894.3,+,Rap2b,protein_coding,50.9095224612091,33.6744654723875,32.7658053673181
chr3,61363618,61364119,-0.6361245681632101,chr3,61360250,61367951,ENSMUSG00000053706.2,-,B430305J03Rik,protein_coding,50.9095224612091,33.6744654723875,32.7658053673181
chr3,61363618,61364119,-0.6361245681632101,chr3,61356549,61363897,ENSMUSG00000103473.1,-,RP23-390C13.3,antisense,50.9095224612091,33.6744654723875,32.7658053673181
chr16,63864441,63864942,-0.6862268695130975,chr16,63541538,63866158,ENSMUSG00000052504.6,-,Epha3,protein_coding,2.96318570451645,2.0158414070811,1.83943737724444
chr10,39370751,39371252,-0.464659080974688,chr10,39366855,39567381,ENSMUSG00000019843.10,+,Fyn,protein_coding,3.10636484570107,2.65694506769377,2.24967161245722
chr2,45042672,45043173,-0.445513146423208,chr2,44981634,45119395,ENSMUSG00000026872.12,-,Zeb2,protein_coding,6.385886034327829,5.808505376180013,4.840152475410354
chr16,67346862,67347363,-0.4511265113910598,chr16,66653421,67622908,ENSMUSG00000064115.9,-,Cadm2,protein_coding,2.09166049730573,1.60606380957609,1.52845336022829
chr4,15265432,15265933,-0.4360646813937864,chr4,15263831,15288753,ENSMUSG00000043252.8,+,Tmem64,protein_coding,23.3319748330413,17.1511752504113,17.2496879225764
chr17,84957643,84958144,-0.3931108426080253,chr17,84952967,84959710,ENSMUSG00000097047.1,-,1110020A21Rik,lincRNA,35.3465723324462,29.6361733421365,26.9232758561425
chr17,84957643,84958144,-0.3931108426080253,chr17,84954741,85025991,ENSMUSG00000061130.8,+,Ppm1b,protein_coding,35.3465723324462,29.6361733421365,26.9232758561425
chr6,29406471,29406972,-0.4297206194220953,chr6,29394309,29428994,ENSMUSG00000029769.12,+,Ccdc136,protein_coding,1.9360309960181,1.77129671179585,1.43581982324476
chr1,58973271,58973772,-0.3995285899471288,chr1,58898449,58975430,ENSMUSG00000026028.8,-,Trak2,protein_coding,24.7201899845269,20.4822705591617,18.7450578767392
chr1,58973271,58973772,-0.3995285899471288,chr1,58971522,58997715,ENSMUSG00000026027.9,+,Stradb,protein_coding,24.7201899845269,20.4822705591617,18.7450578767392
chr10,63202957,63203458,-0.4704981784576602,chr10,63113795,63205952,ENSMUSG00000020067.7,-,Mypn,protein_coding,5.93259658908441,4.10438529113889,4.28099274488183
chr3,33136131,33136632,-0.4619445097066654,chr3,32947408,33145247,ENSMUSG00000027674.12,-,Pex5l,protein_coding,4.046597026779266,3.5461935678166068,3.6944454501488964
chr5,5380424,5380925,-0.3301300099722265,chr5,4801391,5422312,ENSMUSG00000028926.11,-,Cdk14,protein_coding,8.09273406695669,6.76793967492145,6.43803082035552
chr10,127002768,127003269,-0.3968028870527308,chr10,126998709,127022994,ENSMUSG00000025432.7,+,Avil,protein_coding,1.58742091313381,1.55979859695455,1.20423598078593
chr3,142294799,142295300,-0.8457156341255709,chr3,142237586,142397696,ENSMUSG00000028273.11,-,Pdlim5,protein_coding,2.49007202060206,1.91670166574924,1.38288637353988
chr3,120728942,120729443,-0.7153702564020635,chr3,120602109,120888733,ENSMUSG00000098097.3,-,6530403H02Rik,lincRNA,1.99205761648165,1.59284517739851,1.21085266199903
chr1,86358598,86359099,-0.281936257442195,chr1,86342719,86361400,ENSMUSG00000026234.8,-,Ncl,protein_coding,13.1102291884698,12.0686111781314,10.7851903773685
chr1,86358598,86359099,-0.281936257442195,chr1,86357574,86375791,ENSMUSG00000073627.7,+,C130036L24Rik,processed_transcript,13.1102291884698,12.0686111781314,10.7851903773685
chr2,112378925,112379426,-0.4323228412393167,chr2,112377211,112416240,ENSMUSG00000027132.3,+,Katnbl1,protein_coding,18.1214991299315,13.9522662634367,13.4318628626122
chr2,112378925,112379426,-0.4323228412393167,chr2,112264314,112408319,ENSMUSG00000096764.1,+,Gm21985,protein_coding,18.1214991299315,13.9522662634367,13.4318628626122
chr4,109438448,109438949,-0.4513688114684757,chr4,109404623,109446745,ENSMUSG00000028555.11,+,Ttc39a,protein_coding,1.43179141184618,1.17645826380471,1.0454356316713
chr4,130112252,130112753,-0.3112995836084061,chr4,130100558,130130135,ENSMUSG00000028779.12,+,Pef1,protein_coding,1.64344753359736,1.13019305118317,1.3233362426219
chr7,56765514,56766015,-0.4069746921100223,chr7,56714465,57389188,ENSMUSG00000055026.9,-,Gabrg3,protein_coding,1.38821515148565,1.36812843037963,1.0454356316713
chr18,22433440,22433941,-0.7021428594952226,chr18,22342883,22532227,ENSMUSG00000045215.12,+,Asxl3,protein_coding,4.27669869538404,2.17446499321207,2.62682244160446
chr18,25713363,25713864,-0.4795433180606671,chr18,25475632,25755983,ENSMUSG00000024268.11,-,Celf4,protein_coding,1.98583243643014,2.04227867143626,1.42258646081854
chr9,10142783,10143284,-0.8034788315819181,chr9,9658891,10906775,ENSMUSG00000039488.11,-,Cntn5,protein_coding,1.8177525750395,1.23594210860382,1.03881895045819
chr9,28191950,28192451,-0.3163996670104167,chr9,27788775,28927410,ENSMUSG00000062257.8,+,Opcml,protein_coding,1.59987127323682,1.34830048211326,1.28363615534324
chr12,46819233,46819734,-0.3723880930078121,chr12,46692517,46820775,ENSMUSG00000021047.6,-,Nova1,protein_coding,19.7898473837349,15.6442511821671,15.291150283496
chr18,62542833,62543334,-0.5170054124535746,chr18,62502069,62550743,ENSMUSG00000042211.6,-,Fbxo38,protein_coding,8.32306572886238,6.27224096826216,5.81606278632323
chr10,99353442,99353943,-0.392635252837502,chr10,99296888,99425047,ENSMUSG00000044633.3,+,B530045E10Rik,lincRNA,1.6870237939579,1.27559800513656,1.28363615534324
chr8,56293352,56293853,-0.9615635437876594,chr8,56292552,56323046,ENSMUSG00000031613.8,+,Hpgd,protein_coding,2.04185905689369,1.13680236727196,1.0454356316713
chr11,36451537,36452038,-0.5250774572657894,chr11,36004656,37237964,ENSMUSG00000049336.12,-,Tenm2,protein_coding,4.061653611664762,2.661686376183333,2.2503821673745406
chr7,91863141,91863642,-0.3035613616811772,chr7,91088706,92449003,ENSMUSG00000052572.11,+,Dlg2,protein_coding,2.22238927838734,2.20751157365602,1.79973728996578
chr6,143037526,143038027,-0.553744259902084,chr6,143008920,143102107,ENSMUSG00000030279.11,-,C2cd5,protein_coding,2.35311805946895,1.83078055659496,1.60123685357249
chr16,34501753,34502254,-0.298685361943432,chr16,33972258,34575532,ENSMUSG00000061751.11,-,Kalrn,protein_coding,5.743523868971956,3.926714426980999,3.0501489934331167
chr16,9710959,9711460,-0.3864339136691856,chr16,9575710,9996921,ENSMUSG00000059003.8,-,Grin2a,protein_coding,1.70569933411241,1.45404953953391,1.30348619898257
chr16,89889883,89890384,-0.4012499107986264,chr16,89785111,89982080,ENSMUSG00000002489.11,-,Tiam1,protein_coding,3.24331880683418,3.07333198128757,2.45478873006362
chr15,39944434,39944935,-0.4974652260579292,chr15,39868603,39945994,ENSMUSG00000022305.8,-,Lrp12,protein_coding,1.82397775509101,1.4606588556227,1.29025283655635
chr6,57534828,57535329,-0.4320582300456865,chr6,57504502,57537426,ENSMUSG00000037826.3,-,Ppm1k,protein_coding,8.24836356824432,6.43747387048193,6.11381344091316
chr13,102749125,102749626,-0.5397760309158938,chr13,102730486,103336497,ENSMUSG00000034751.11,-,Mast4,protein_coding,11.8402924579628,8.69785997284827,8.14513457333777
chr6,24628477,24628978,-0.8770040441153869,chr6,24611805,24667009,ENSMUSG00000029684.10,-,Wasl,protein_coding,1.74305041442144,1.16323963162712,0.946185413474656
chr18,84588407,84588908,-0.4281824008726111,chr18,84126027,84591725,ENSMUSG00000048410.12,-,Zfp407,protein_coding,3.47365046873987,3.25839283177371,2.5805056731127
chr1,64111482,64111983,-0.778317377942376,chr1,64027447,64124282,ENSMUSG00000025959.9,-,Klf7,protein_coding,2.9226385009978824,2.2478276112836277,2.323660784138891
chr2,3739085,3739586,-0.3703007959140294,chr2,3611758,3784142,ENSMUSG00000026655.10,+,Fam107b,protein_coding,2.0543094169967,1.95635756228198,1.58800349114628
chr15,58215321,58215822,-0.3852214472609722,chr15,58212475,58326053,ENSMUSG00000086801.1,+,Gm15943,processed_transcript,10.6886341484343,7.79238366868397,8.18483466061643
chr15,58215321,58215822,-0.3852214472609722,chr15,58173879,58216892,ENSMUSG00000022358.6,-,Fbxo32,protein_coding,10.6886341484343,7.79238366868397,8.18483466061643
chr6,23839074,23839575,-0.3161668250290418,chr6,23260773,23841421,ENSMUSG00000017978.14,-,Cadps2,protein_coding,11.2675758932243,9.42488474261522,9.05161989953377
chr1,12947851,12948352,-0.5597495043122722,chr1,12864549,12994650,ENSMUSG00000025938.12,-,Slco5a1,protein_coding,1.31973817091909,0.588229131902353,0.89325196376978
chr11,93337549,93338050,-0.8221164888796679,chr11,93096028,93603749,ENSMUSG00000056158.10,+,Car10,protein_coding,2.9451362429978607,2.476023432261454,2.7254448629424957
chr13,23757214,23757715,-0.3732858148371994,chr13,23754203,23759620,ENSMUSG00000075029.6,-,4930558J22Rik,processed_transcript,4.98014404120412,4.39519519904567,3.84429178481661
chr13,23757214,23757715,-0.3732858148371994,chr13,23755013,23759409,ENSMUSG00000069266.5,+,Hist1h4b,protein_coding,4.98014404120412,4.39519519904567,3.84429178481661
chr13,29399169,29399670,-0.4764036105300998,chr13,29189746,29857674,ENSMUSG00000006191.13,-,Cdkal1,protein_coding,1.47536767220672,0.812945878921229,1.05866899409752
chr19,10855642,10856143,-0.4757701549586106,chr19,10837727,10861362,ENSMUSG00000024737.2,+,Slc15a3,protein_coding,1.22636047014651,1.22933279251503,0.880018601343561
chr19,10855642,10856143,-0.4757701549586106,chr19,10855822,10871940,ENSMUSG00000024736.10,-,Tmem132a,protein_coding,1.22636047014651,1.22933279251503,0.880018601343561
chr1,15568588,15569089,-0.674513448949307,chr1,15285254,15725750,ENSMUSG00000092083.4,+,Kcnb2,protein_coding,4.57550733785628,3.13942514217548,2.8650229652764
chr12,52958794,52959295,-0.670275618543817,chr12,52697383,53153015,ENSMUSG00000061603.7,+,Akap6,protein_coding,6.22518005150515,4.50755357255511,3.9104585969477
chr4,77710094,77710595,-0.8276138277502604,chr4,75939238,78213961,ENSMUSG00000028399.13,-,Ptprd,protein_coding,5.33497930413991,3.52937479141412,3.0039732707517
chr19,24424625,24425126,-0.3742016633797432,chr19,24414009,24432329,ENSMUSG00000085003.1,+,Pip5k1bos,antisense,2.47139648044754,1.84399918877254,1.90560418937553
chr19,24424625,24425126,-0.3742016633797432,chr19,24292794,24557872,ENSMUSG00000024867.10,-,Pip5k1b,protein_coding,2.47139648044754,1.84399918877254,1.90560418937553
chr12,33075647,33076148,-0.393128566243194,chr12,33031796,33094875,ENSMUSG00000035860.8,-,Cdhr3,protein_coding,1.48781803230973,0.9715694650522,1.13145248744172
chr6,32142432,32142933,-0.431288149453446,chr6,32142268,32590192,ENSMUSG00000029765.11,-,Plxna4,protein_coding,1.51894393256726,1.35490979820205,1.12483580622861
chr14,120477277,120477778,-0.4186961308312519,chr14,120476461,120509194,ENSMUSG00000051615.9,+,Rap2a,protein_coding,48.6933583628733,37.8118973439703,36.4380634405939
chr16,60463089,60463590,-0.707682933448275,chr16,59651483,60607531,ENSMUSG00000055540.11,-,Epha6,protein_coding,1.83020293514251,1.37473774646842,1.1182191250155
chr2,57238128,57238629,-0.4123486124199786,chr2,57234227,57240508,ENSMUSG00000054181.7,-,A930012O16Rik,processed_transcript,6.75432035588309,5.25440629058843,5.07499449045497
chr2,57238128,57238629,-0.4123486124199786,chr2,57235635,57372719,ENSMUSG00000026827.8,+,Gpd2,protein_coding,6.75432035588309,5.25440629058843,5.07499449045497
chr2,34066149,34066650,-0.3835090367608437,chr2,34016289,34109735,ENSMUSG00000087461.2,-,C230014O12Rik,lincRNA,1.35708925122812,1.22272347642624,1.03881895045819
chr16,76372822,76373323,-0.4147133971488125,chr16,76285400,76375827,ENSMUSG00000048490.9,-,Nrip1,protein_coding,23.2448223123202,17.1181286699673,17.4415716777566
chr3,101378061,101378562,-0.5225562070207599,chr3,101375125,101465059,ENSMUSG00000042035.7,+,Igsf3,protein_coding,1.79907703488499,1.61928244175367,1.25055274927769
chr4,73037537,73038038,-1.129531961906128,chr4,73027819,73038074,ENSMUSG00000084162.1,+,Gm11251,processed_pseudogene,1.7644160086523273,1.6458923359830937,1.7707331768290964
chr3,116968517,116969018,-0.4318202092504868,chr3,116916256,116970987,ENSMUSG00000033377.10,-,Palmd,protein_coding,10.5579053673527,8.38061280058633,7.82753387510851
chr3,116968517,116969018,-0.4318202092504868,chr3,116966267,116986406,ENSMUSG00000080907.1,+,4930455H04Rik,protein_coding,10.5579053673527,8.38061280058633,7.82753387510851
chr13,96074259,96074760,-0.5578901677309847,chr13,95957443,96134577,ENSMUSG00000051111.11,-,Sv2c,protein_coding,4.39497711636263,3.41040710181589,2.98412322711237
chr2,62697567,62698068,-0.5445272629299742,chr2,62691414,63186287,ENSMUSG00000059742.6,-,Kcnh7,protein_coding,1.83642811519402,1.36151911429084,1.2571694304908
chr15,53345992,53346493,-0.4502644498191077,chr15,53062038,53348159,ENSMUSG00000061731.5,-,Ext1,protein_coding,27.6024483483738,21.3216537024381,20.2073444248364
chr18,62734532,62735033,-0.2618733069666225,chr18,62605539,62743387,ENSMUSG00000073551.4,-,Spink13,protein_coding,3.3802727679673,2.96097360777813,2.81870619678464
chr10,29533410,29533911,-0.488363018950677,chr10,29451109,29537867,ENSMUSG00000019880.9,-,Rspo3,protein_coding,3.92808861249975,3.35092325701677,2.79885615314531
chr6,144209336,144209837,-0.594067236438839,chr6,143826425,144783977,ENSMUSG00000041540.12,-,Sox5,protein_coding,3.59815406976998,3.06672266519878,2.38200523671941
chr12,8928651,8929152,-0.6512054600390367,chr12,8919664,8940742,ENSMUSG00000020585.4,+,Laptm4a,protein_coding,1.71814969421542,1.46726817171149,1.09175240016306
chr8,109250842,109251343,-0.3972137524224283,chr8,109073222,109275811,ENSMUSG00000097393.3,+,D030068K23Rik,lincRNA,2.50252238070507,2.30004199889909,1.89898750816242
chr9,92250354,92250855,-0.5551128850577451,chr9,92247750,92274278,ENSMUSG00000032369.9,+,Plscr1,protein_coding,2.69550296230173,1.92992029792682,1.83282069603133
chr11,35142112,35142613,-0.4571331320227113,chr11,35119224,35710507,ENSMUSG00000056427.6,+,Slit3,protein_coding,3.61682960992449,3.38396983746072,2.63343912281757
chr6,50355269,50355770,-0.3724695675160614,chr6,50291330,50458201,ENSMUSG00000029822.11,-,Osbpl3,protein_coding,2.09166049730573,1.44744022344511,1.61447021599871
chrX,163000829,163001330,-0.8314661532458669,chrX,162899238,163034508,ENSMUSG00000031360.10,+,Ctps2,protein_coding,4.19577135471447,2.4983214815628,2.35553851186697
chr2,106805978,106806479,-0.5712216760109996,chr2,106691269,106870356,ENSMUSG00000016386.11,+,Mpped2,protein_coding,1.9298058159666,1.19628621207108,1.29686951776946
chr17,48942648,48943149,-0.36914112908239,chr17,48930379,49099588,ENSMUSG00000040490.4,+,Lrfn2,protein_coding,1.59987127323682,2.00262277490351,1.23731938685147
chr10,39541501,39542002,-0.612081903612871,chr10,39366855,39567381,ENSMUSG00000019843.10,+,Fyn,protein_coding,5.21047570310981,3.62190521665718,3.40759082475138
chr18,45695932,45696433,-0.6065948510398833,chr18,45681487,45898509,ENSMUSG00000098284.3,-,A330093E20Rik,antisense,4.05259221352985,2.80235002164716,2.65990584767001
chr2,109676520,109677021,-0.5914928621814093,chr2,109672700,109729007,ENSMUSG00000048482.10,+,Bdnf,protein_coding,5.86411960851785,4.26961819335865,3.89060855330837
chr3,57576291,57576792,-0.4145124367026192,chr3,57453649,57577910,ENSMUSG00000027803.10,-,Wwtr1,protein_coding,1.51894393256726,1.29542595340293,1.13806916865483
chr3,108782271,108782772,-0.4368388671064287,chr3,108737658,108784296,ENSMUSG00000049565.12,+,Aknad1,protein_coding,4.022543151459532,4.295623206806754,2.8136668443203923
chr4,70221446,70221947,-0.5499326459520649,chr4,70214856,70412443,ENSMUSG00000039298.12,-,Cdk5rap2,protein_coding,4.033099934488475,2.7230749287291203,2.8144545973893886
chr5,48460674,48461175,-0.5007329398918403,chr5,48387502,49526904,ENSMUSG00000029088.12,-,Kcnip4,protein_coding,1.36953961133113,1.06409989029527,0.966035457113984
chrX,74244578,74245079,-0.551857522876557,chrX,74221461,74251820,ENSMUSG00000031328.11,-,Flna,protein_coding,3.10636484570107,2.04888798752505,2.11733798819503
chr3,152811734,152812235,-0.4858023085323493,chr3,152712100,152982408,ENSMUSG00000039047.13,+,Pigk,protein_coding,1.91113027581208,1.92992029792682,1.36303632990055
chr15,32432812,32433313,-0.5175566439973984,chr15,32242813,32698341,ENSMUSG00000022231.9,+,Sema5a,protein_coding,2.91960944415591,2.04888798752505,2.03793781363772
chr1,167392747,167393248,-0.445248644213785,chr1,167369966,167395841,ENSMUSG00000026688.5,-,Mgst3,protein_coding,4.4696792769807,3.24517419959612,3.2818738817023
chr6,25673735,25674236,-0.7845297012547994,chr6,25666607,25692729,ENSMUSG00000039904.8,-,Gpr37,protein_coding,4.0848418133939335,4.72718401416809,4.945020948341507
chr14,119029327,119029828,-0.6642048627598773,chr14,118983039,119101430,ENSMUSG00000042104.14,-,Uggt2,protein_coding,5.09842246218272,3.36414188919435,3.21570706957121
chr8,99109939,99110440,-0.6452188465016218,chr8,99022471,99418471,ENSMUSG00000036510.13,-,Cdh8,protein_coding,2.7220737531989396,2.581099108545604,2.9420006276366717
chr10,50866869,50867370,-0.7478062386962722,chr10,50864075,50868364,ENSMUSG00000084635.1,-,Gm23883,misc_RNA,2.67060224209571,1.89026440139408,1.58800349114628
chr1,68142271,68142772,-0.9751476623257692,chr1,68030186,69110059,ENSMUSG00000062209.11,-,Erbb4,protein_coding,2.19126337812981,1.05749057420648,1.11160244380239
chr3,120787211,120787712,-0.5717974234187828,chr3,120602109,120888733,ENSMUSG00000098097.3,-,6530403H02Rik,lincRNA,1.41934105174317,1.02444399376252,0.952802094687765
chr19,57236592,57237093,-0.3692769568884396,chr19,57030733,57316919,ENSMUSG00000025085.12,-,Ablim1,protein_coding,4.21444689486898,2.90809907906781,3.26202383806297
chr1,13660331,13660832,-0.4354855571306181,chr1,13621330,13662546,ENSMUSG00000025937.6,-,Lactb2,protein_coding,11.6224111561601,8.84326492680166,8.59506889582921
chr12,7739956,7740457,-0.7294366242063948,chr12,7739553,7743622,ENSMUSG00000093053.1,-,Gm24815,miRNA,2.11033603746024,1.18967689598229,1.27040279291702
chr3,55652375,55652876,-0.3873554691402456,chr3,55623205,56185701,ENSMUSG00000027799.8,-,Nbea,protein_coding,2.70172814235323,1.98940414272593,2.06440453849016
chr1,43501247,43501748,-0.4901232507167612,chr1,43442579,43572515,ENSMUSG00000066877.7,+,Nck2,protein_coding,1.82397775509101,1.42761227517874,1.29686951776946
chr10,58477544,58478045,-0.5296839621082595,chr10,58444852,58496155,ENSMUSG00000003226.6,+,Ranbp2,protein_coding,3.51722672910041,2.51154011374038,2.43493868642429
chr2,109692194,109692695,-0.570770517538862,chr2,109672700,109729007,ENSMUSG00000048482.10,+,Bdnf,protein_coding,14.9466573036639,9.79500644358749,10.0639721251395
chr5,101962771,101963272,-0.3792023444381098,chr5,101830956,102071921,ENSMUSG00000043940.10,-,Wdfy3,protein_coding,3.7468756587205534,2.7572190799636993,2.386319547356246
chr2,44985506,44986007,-0.8496427014981968,chr2,44981634,45119395,ENSMUSG00000026872.12,-,Zeb2,protein_coding,4.1987097220506495,2.518788494273812,1.6998127032658774
chr6,86404474,86404975,-0.3062181483785515,chr6,86402219,86435403,ENSMUSG00000071337.7,+,Tia1,protein_coding,6.82279733644964,6.51678566354741,5.51831213173331
chr10,95514203,95514704,-0.3100103000580406,chr10,95513162,95547658,ENSMUSG00000074781.4,+,Ube2n,protein_coding,5.08597210207971,3.72104495798904,4.10234235212788
chr14,120353103,120353604,-0.4856880582815757,chr14,120273669,120433697,ENSMUSG00000022139.12,+,Mbnl2,protein_coding,1.51271875251575,1.28881663731414,1.07851903773685
chr12,49390212,49390713,-0.6017357087188777,chr12,49383174,49409346,ENSMUSG00000089922.1,+,3110039M20Rik,protein_coding,6.77922107608911,4.60669331388696,4.4662598188489
chr12,61655011,61655512,-0.8875850931324438,chr12,61521150,61860342,ENSMUSG00000035653.12,+,Lrfn5,protein_coding,1.78040149473047,0.958350832874619,0.959418775900874
chr2,7313364,7313865,-0.4168467658496449,chr2,6537694,7511563,ENSMUSG00000002107.14,-,Celf2,protein_coding,4.938322680677007,3.9421186432866993,3.1993255591440106
chr3,135556760,135557261,-0.6347217341337932,chr3,135483611,135573404,ENSMUSG00000028164.11,+,Manba,protein_coding,9.08253769514601,6.21936643955184,5.84914619238878
chr3,117837988,117838489,-0.8357059760808971,chr3,117779497,117870936,ENSMUSG00000028007.9,-,Snx7,protein_coding,3.52345190915191,2.10837183232416,1.97177100150662
chr5,89141601,89142102,-0.6766897882380037,chr5,88884818,89241653,ENSMUSG00000060961.10,+,Slc4a4,protein_coding,3.9903404130148,2.72303822858168,2.49448881734227
chr10,23802874,23803375,-0.6304673575729234,chr10,23794986,23829968,ENSMUSG00000037455.12,+,Slc18b1,protein_coding,3.28066988714321,2.10837183232416,2.11733798819503
chrX,81071219,81071720,-0.7324512142398187,chrX,81068694,81075102,ENSMUSG00000096919.1,-,Gm26775,lincRNA,3.03788786513451,1.86382713703891,1.82620401481822
chrX,81071219,81071720,-0.7324512142398187,chrX,81068698,81099872,ENSMUSG00000025666.12,+,Tmem47,protein_coding,3.03788786513451,1.86382713703891,1.82620401481822
chr15,44706915,44707416,-0.5132325419162461,chr15,44669859,44790063,ENSMUSG00000022340.10,-,Sybu,protein_coding,1.71192451416392,1.22933279251503,1.19761929957282
chr13,30336375,30336876,-0.4612725744345484,chr13,30334441,30384867,ENSMUSG00000049115.10,+,Agtr1a,protein_coding,2.68927778225022,2.081934567969,1.9519209578673
chr13,100785856,100786357,-0.268219133680419,chr13,100776650,100788570,ENSMUSG00000041431.12,-,Ccnb1,protein_coding,1.67457343385488,1.46726817171149,1.38950305475299
chr3,139205333,139205834,-0.4470107083768179,chr3,139203694,139712299,ENSMUSG00000047940.9,+,Stpg2,protein_coding,25.2680058290594,18.7968949565201,18.5399407591328
chr2,124530379,124530880,-0.879335861401574,chr2,124087969,124669770,ENSMUSG00000027200.13,+,Sema6d,protein_coding,3.74133321095459,2.2934326828103,2.03132113242461
chr4,49631249,49631750,-0.4202160617488726,chr4,49630006,49658887,ENSMUSG00000028309.10,+,Rnf20,protein_coding,6.8974994970677,5.56504414676158,5.15439466501228
chr1,119053441,119053942,-0.2900280402708766,chr1,118832132,119055619,ENSMUSG00000048402.10,-,Gli2,protein_coding,8.18611176772927,6.53661361181378,6.69608138766679
chr19,32757209,32757710,-0.5074378121327071,chr19,32755497,32828160,ENSMUSG00000013663.7,+,Pten,protein_coding,32.5265657691144,24.289236626305,22.8871003161457
chr18,43348157,43348658,-0.7042607923433589,chr18,43318979,43440286,ENSMUSG00000024501.15,-,Dpysl3,protein_coding,1.99828279653315,1.50031475215544,1.22408602442525
chr7,79466540,79467041,-0.2665316633911597,chr7,79446791,79468362,ENSMUSG00000039176.13,-,Polg,protein_coding,5.08597210207971,4.91072185397133,4.22805929517696
chr13,108577655,108578156,-1.0834615462721875,chr13,108447948,109955461,ENSMUSG00000021699.13,+,Pde4d,protein_coding,2.16636265792379,1.76468739570706,1.01896890681886
chr14,117536390,117536891,-1.2391532304665387,chr14,116923297,117981529,ENSMUSG00000058571.6,+,Gpc6,protein_coding,1.89867991570907,1.26898868904777,0.800618426786247
chr14,77473442,77473943,-0.5365347907365215,chr14,77154763,77723760,ENSMUSG00000022012.8,+,Enox1,protein_coding,1.62477199344284,1.4606588556227,1.1182191250155
chr16,34971346,34971847,-0.2961498054680707,chr16,34743210,35004420,ENSMUSG00000022836.10,+,Mylk,protein_coding,3.9545367073394107,3.3972047750583427,3.052769708538246
chr4,66055584,66056085,-0.7023886337787622,chr4,65378803,66406611,ENSMUSG00000028373.12,-,Astn2,protein_coding,2.93205980425892,1.77790602788464,1.79973728996578
chr18,84588971,84589472,-0.3033068454247107,chr18,84126027,84591725,ENSMUSG00000048410.12,-,Zfp407,protein_coding,14.0813572765046,12.5510912526131,11.4137750926139
chr3,107036432,107036933,-0.4717696115538651,chr3,107034162,107040129,ENSMUSG00000047959.3,+,Kcna3,protein_coding,2.93828498431043,2.79574070555837,2.11733798819503
chr3,107036432,107036933,-0.4717696115538651,chr3,106932382,107095894,ENSMUSG00000098108.3,-,Gm27008,antisense,2.93828498431043,2.79574070555837,2.11733798819503
chr12,50479742,50480243,-0.481697910199613,chr12,50339231,50651223,ENSMUSG00000002688.7,-,Prkd1,protein_coding,1.6932489740094,1.44744022344511,1.21085266199903
chr14,69885731,69886232,-0.2885460929997535,chr14,69838420,70061886,ENSMUSG00000022085.3,+,Pebp4,protein_coding,1.811527394988,1.51353338433302,1.48213659173652
chr3,127837293,127837794,-0.4918663568701911,chr3,127805264,127839492,ENSMUSG00000074238.2,-,Ap1ar,protein_coding,27.210262005129,20.5549730361384,19.3537925483452
chr8,61606772,61607273,-0.556358915111498,chr8,61511246,61904690,ENSMUSG00000058056.11,-,Palld,protein_coding,10.265321904932,7.0124843702067,6.9805986798305
chr9,122248162,122248663,-0.2513046387885318,chr9,122173879,122296374,ENSMUSG00000037949.7,-,Ano10,protein_coding,1.86755401545154,1.55318928086576,1.56815344750695
chr15,13173960,13174461,-0.5722738137064673,chr15,13032200,13175639,ENSMUSG00000039385.4,-,Cdh6,protein_coding,3.5047763689974,2.25377678627755,2.35553851186697
chr1,135562396,135562897,-0.368002220959665,chr1,135432580,135609295,ENSMUSG00000009418.11,-,Nav1,protein_coding,3.608782015874714,3.8261224371706417,2.8262525287692895
chr14,79838187,79838688,-0.4599905206392666,chr14,79834712,79960726,ENSMUSG00000097927.1,+,Gm6999,lincRNA,2.35934323952045,2.02245072316989,1.71372043419536
chr7,68749153,68749654,-0.4015966800758178,chr7,68735045,68751241,ENSMUSG00000042659.10,-,Arrdc4,protein_coding,33.8338535799305,28.2283890152241,25.6197896571599
chr11,86586745,86587246,-0.4605545360656959,chr11,86581865,86685836,ENSMUSG00000018171.5,-,Vmp1,protein_coding,6.11935199062956,4.63973989433092,4.44640977520957
chr18,33821998,33822499,-0.4890774405652104,chr18,33794327,34009206,ENSMUSG00000024376.6,-,Epb4.1l4a,protein_coding,4.26424833528103,3.17908103870822,3.03705667681725
chr3,145923949,145924450,-0.4811634137288291,chr3,145922378,145936283,ENSMUSG00000028191.10,+,Bcl10,protein_coding,40.2582393930838,31.5793122722409,28.8487300891573
chr9,40731049,40731550,-0.330593548593171,chr9,40683962,40787319,ENSMUSG00000032024.10,+,Clmp,protein_coding,2.93828498431043,2.74947549293684,2.33568846822765
chr6,35133529,35134030,-0.4794201108321975,chr6,35020066,35135737,ENSMUSG00000038784.9,-,Cnot4,protein_coding,32.3896118079813,23.4168069025847,23.2377844204405
chr13,91915639,91916140,-0.4812620012818759,chr13,91878400,92133656,ENSMUSG00000021708.12,-,Rasgrf2,protein_coding,7.15895705923092,5.92855653164506,5.12792794015985
chr4,24991455,24991956,-0.5900230360856322,chr4,24964407,25011233,ENSMUSG00000040372.2,+,Gpr63,protein_coding,3.24954398688569,2.13480909667932,2.15703807547369
chr4,24991455,24991956,-0.5900230360856322,chr4,24964517,25273099,ENSMUSG00000085885.1,+,Gm11906,processed_transcript,3.24954398688569,2.13480909667932,2.15703807547369
chr1,62336553,62337054,-0.6995090020025748,chr1,61636824,62644284,ENSMUSG00000052062.10,+,Pard3b,protein_coding,2.73285404261076,1.96296687837077,1.68063702812981
chr18,36793621,36794122,-0.2664255489442035,chr18,36781008,36794562,ENSMUSG00000019143.11,+,Hars2,protein_coding,17.4491796843689,16.0672474118497,14.5103819003491
chr18,36793621,36794122,-0.2664255489442035,chr18,36791923,36801660,ENSMUSG00000001383.8,+,Zmat2,protein_coding,17.4491796843689,16.0672474118497,14.5103819003491
chr18,73815261,73815762,-0.3565174437207996,chr18,73768040,73817392,ENSMUSG00000024556.3,-,Me2,protein_coding,28.1689397330608,24.289236626305,22.0070817148021
chr6,18856094,18856595,-0.5192833362636202,chr6,18846579,18857751,ENSMUSG00000044155.8,+,Lsm8,protein_coding,3.31179578740074,2.31326063107667,2.30922174337521
chr1,159163641,159164142,-0.5742224250419674,chr1,159132272,159168387,ENSMUSG00000104014.1,+,RP23-375F6.1,lincRNA,1.19523456988899,0.892257671986715,0.800618426786247
chr1,170731545,170732046,-0.5493041575775475,chr1,170702674,170869771,ENSMUSG00000026663.6,-,Atf6,protein_coding,1.58119573308231,1.60606380957609,1.07851903773685
chr3,57735739,57736240,-0.4228585277809176,chr3,57734066,57837233,ENSMUSG00000036503.9,+,Rnf13,protein_coding,27.0297317836354,20.660722093559,20.1676443375577
chr4,40264299,40264800,-0.675644942062053,chr4,40257601,40271850,ENSMUSG00000036822.6,-,Topors,protein_coding,3.8531269082528152,3.0830153776500038,3.39621876516266
chr8,109251489,109251990,-0.5496028493931048,chr8,109073222,109275811,ENSMUSG00000097393.3,+,D030068K23Rik,lincRNA,6.0446498300115,4.67939579086366,4.12880907698031
chr14,14885627,14886128,-0.7888050011118688,chr14,14818765,15008743,ENSMUSG00000042567.15,+,Nek10,protein_coding,3.2619943469887,2.31986994716546,1.8857541457362
chr14,119137977,119138478,-0.3723988055462174,chr14,119136415,119871594,ENSMUSG00000053465.5,+,Hs6st3,protein_coding,7.24610957995199,6.15327327866394,5.59771230629062
chr2,66634533,66635034,-0.420565040748689,chr2,66478080,66636962,ENSMUSG00000075316.7,-,Scn9a,protein_coding,4.7124612989894,3.70121700972267,3.52007440537424
chr2,12384337,12384838,-0.5235210151212694,chr2,12345263,12421470,ENSMUSG00000026767.8,-,Fam188a,protein_coding,5.38478074455195,3.39718846963831,3.74504156661997
chr13,115014048,115014549,-0.7556886393853999,chr13,114956079,115103964,ENSMUSG00000042284.9,-,Itga1,protein_coding,2.97563606461946,1.96296687837077,1.76003720268712
chr4,49788786,49789287,-0.6855375742105012,chr4,49659611,49847744,ENSMUSG00000039579.11,-,Grin3a,protein_coding,2.51497274080808,2.08854388405779,1.56153676629384
chr18,64515827,64516328,-0.3450884258264641,chr18,64497665,64518557,ENSMUSG00000024587.9,-,Nars,protein_coding,3.59815406976998,3.41701641790468,2.83193955921086
chr10,94807238,94807739,-0.4039533401347852,chr10,94788866,94946578,ENSMUSG00000074785.4,-,Plxnc1,protein_coding,2.08543531725422,2.42561900458611,1.57477012872006
chr2,17731508,17732009,-0.2699928873571284,chr2,17341909,17733464,ENSMUSG00000053702.12,-,Nebl,protein_coding,4.53193107749575,4.32249272206897,3.75827492904618
chr10,43579639,43580140,-0.3541344346273304,chr10,43577169,43586262,ENSMUSG00000047139.8,+,Cd24a,protein_coding,1.811527394988,1.61267312566488,1.41596977960543
chr5,135044526,135045027,-0.3682865669589263,chr5,135021482,135053100,ENSMUSG00000007207.6,+,Stx1a,protein_coding,2.45272094029303,2.40579105631973,1.89898750816242
chrX,110814067,110814568,-0.5967685628596682,chrX,110812280,110819207,ENSMUSG00000056854.4,+,Pou3f4,protein_coding,11.0372442313186,6.89351668060847,7.29819937805976
chr1,64791765,64792266,-0.4236368141997605,chr1,64783983,64958824,ENSMUSG00000051344.9,-,Plekhm3,protein_coding,7.81882614469047,5.63113730764949,5.82929614874945
chr17,93199183,93199684,-0.7092884056841899,chr17,93197422,93207485,ENSMUSG00000024256.6,+,Adcyap1,protein_coding,2.8949508890658318,1.6804959807329312,2.259294641470005
chr18,43359589,43360090,-0.7280781541993457,chr18,43318979,43440286,ENSMUSG00000024501.15,-,Dpysl3,protein_coding,2.18503819807831,1.49370543606665,1.31671956140879
chr15,77252005,77252506,-0.3051338115673376,chr15,77076990,77309053,ENSMUSG00000033565.12,-,Rbfox2,protein_coding,3.57325334956395,3.29143941221766,2.89148969012884
chr15,102525798,102526299,-0.3418143555977352,chr15,102521839,102526942,ENSMUSG00000023052.7,-,Npff,protein_coding,1.46914249215521,1.17645826380471,1.15791921229416
chr15,102525798,102526299,-0.3418143555977352,chr15,102521843,102627067,ENSMUSG00000052414.9,-,Gm28047,protein_coding,1.46914249215521,1.17645826380471,1.15791921229416
chr15,102525798,102526299,-0.3418143555977352,chr15,102523946,102627464,ENSMUSG00000099083.3,-,Atf7,protein_coding,1.46914249215521,1.17645826380471,1.15791921229416
chr2,117121064,117121565,-0.3960949548333692,chr2,117119374,117184279,ENSMUSG00000027351.10,+,Spred1,protein_coding,16.6274559175702,12.8551197926975,12.6378611170391
chr1,69440907,69441408,-0.7415755043050843,chr1,69439056,69446084,ENSMUSG00000099804.1,+,Gm28497,lincRNA,8.9518089140644,6.35816207741644,5.35289510140557
chr2,38346957,38347458,-0.5141164666080933,chr2,38345357,38350316,ENSMUSG00000098383.1,-,Gm27197,antisense,4.498083601454775,3.5728639171508974,3.1055982341309507
chr2,38346957,38347458,-0.5141164666080933,chr2,38337281,38371733,ENSMUSG00000000247.7,+,Lhx2,protein_coding,4.498083601454775,3.5728639171508974,3.1055982341309507
chr1,71891263,71891764,-0.7624181096224231,chr1,71886112,71893204,ENSMUSG00000099707.2,+,Gm8883,lincRNA,5.61511240645764,4.0250734980734,3.30834060655474
chr1,53785041,53785542,-0.4517557791132527,chr1,53753506,53787224,ENSMUSG00000026094.10,-,Stk17b,protein_coding,7.43909016154865,5.85585405466836,5.43891195717599
chr10,14666988,14667489,-0.6931403090185977,chr10,14662220,14670318,ENSMUSG00000085572.1,+,Gm16234,antisense,4.65643467852585,3.47650026270379,2.87825632770262
chr10,14666988,14667489,-0.6931403090185977,chr10,14652755,14707560,ENSMUSG00000019868.12,-,Vta1,protein_coding,4.65643467852585,3.47650026270379,2.87825632770262
chr16,77616837,77617338,-0.6307317569213937,chr16,77614311,77620334,ENSMUSG00000103049.1,+,RP24-252G15.3,TEC,2.459382958516865,2.3547407000840543,2.5934386541267593
chr16,77616837,77617338,-0.6307317569213937,chr16,77234317,77693403,ENSMUSG00000090386.5,+,Mir99ahg,processed_transcript,2.459382958516865,2.3547407000840543,2.5934386541267593
chr12,44328640,44329141,-0.4055129359488478,chr12,44326885,44603846,ENSMUSG00000020598.11,+,Nrcam,protein_coding,11.1555226522972,9.61655490919015,8.42303518428837
chr4,69110032,69110533,-0.6239332273958421,chr4,69108671,69112777,ENSMUSG00000065815.1,+,Gm24697,snRNA,4.865468167497251,3.65908451446754,6.715492196187764
chr12,5375515,5376016,-0.4926320723219859,chr12,5373870,5418631,ENSMUSG00000037735.7,+,2810032G03Rik,lincRNA,16.6897077180853,13.026962011006,11.8637094151053
chr12,5375515,5376016,-0.4926320723219859,chr12,5075472,5377682,ENSMUSG00000020627.9,-,Klhl29,protein_coding,16.6897077180853,13.026962011006,11.8637094151053
chr8,93955728,93956229,-0.293210231877281,chr8,93807966,93971388,ENSMUSG00000031748.11,+,Gnao1,protein_coding,5.799593479095581,5.1201215085393175,3.7728366742353003
chr16,34245585,34246086,-0.3178715763775839,chr16,33972258,34575532,ENSMUSG00000061751.11,-,Kalrn,protein_coding,5.408325727352363,5.96393344311895,4.528818744385314
chr2,164019885,164020386,-0.2841606775494405,chr2,163992960,164020588,ENSMUSG00000018326.5,+,Ywhab,protein_coding,1.6932489740094,1.67876628655278,1.38950305475299
chr3,98406215,98406716,-0.3265571274457943,chr3,98380481,98433948,ENSMUSG00000050064.10,+,Zfp697,protein_coding,3.03788786513451,2.56441464245071,2.42170532399807
chr5,44693599,44694100,-0.5192133325415349,chr5,44470133,44801707,ENSMUSG00000039706.7,-,Ldb2,protein_coding,15.3886450873207,11.9099875920004,10.7388736088767
chr11,23068537,23069038,-0.600558719022033,chr11,23065998,23077574,ENSMUSG00000085665.1,+,Gm12059,processed_transcript,3.402159037228354,4.1784775575953805,2.386320649506803
chr7,112332435,112332936,-0.2899078458844238,chr7,112223856,112357194,ENSMUSG00000038244.9,+,Mical2,protein_coding,2.42782022008701,2.80235002164716,1.98500436393284
chrX,104482504,104483005,-0.6070203118471456,chrX,104480818,104509490,ENSMUSG00000073016.3,+,Uprt,protein_coding,6.80412179629513,4.69922373913003,4.4662598188489
chr14,23468860,23469361,-0.4468391529879615,chr14,23287431,24006859,ENSMUSG00000063142.9,-,Kcnma1,protein_coding,1.56252019292779,1.27559800513656,1.14468584986794
chr18,67799777,67800278,-0.3008607767360316,chr18,67798107,67887168,ENSMUSG00000024542.8,+,Cep192,protein_coding,18.11527394988,15.7301722913213,14.7088823367424
chrX,169320228,169320729,-0.5768790875971843,chrX,169248193,169322372,ENSMUSG00000031352.6,-,Hccs,protein_coding,16.4407005160251,11.4473354657851,11.0233909010404
chrX,169320228,169320729,-0.5768790875971843,chrX,169318622,169370190,ENSMUSG00000087159.3,+,Gm15246,processed_transcript,16.4407005160251,11.4473354657851,11.0233909010404
chr12,80752249,80752750,-0.446417620467537,chr12,80752046,80762541,ENSMUSG00000062961.6,-,Ccdc177,protein_coding,1.46291731210371,1.16323963162712,1.07190235652374
chr3,98061821,98062322,-0.4405628348234524,chr3,98011538,98152367,ENSMUSG00000027878.10,+,Notch2,protein_coding,1.61854681339134,1.3218632177581,1.19100261835971
chr10,56105994,56106495,-0.6812624020817994,chr10,56104917,56118880,ENSMUSG00000047669.7,+,Msl3l2,protein_coding,3.89696271224222,2.775912757292,2.42832200521118
chr10,56105994,56106495,-0.6812624020817994,chr10,56012298,56230689,ENSMUSG00000038122.8,-,Tbc1d32,protein_coding,3.89696271224222,2.775912757292,2.42832200521118
chr2,52158144,52158645,-0.5513152000021839,chr2,52134647,52340798,ENSMUSG00000026950.12,-,Neb,protein_coding,2.88225836384688,1.85721782095012,1.96515432029352
chr3,117360218,117360719,-0.3838476655175712,chr3,117317145,117362876,ENSMUSG00000044667.8,-,Lppr4,protein_coding,10.4022758660651,8.98206056466626,7.97310086179692
chr6,12466949,12467450,-0.7468108914799778,chr6,12309610,12751410,ENSMUSG00000032625.10,-,Thsd7a,protein_coding,6.13180235073257,3.56903068794686,3.65240802963643
chr8,16596445,16596946,-0.331656333087849,chr8,15890537,17537586,ENSMUSG00000060924.10,-,Csmd1,protein_coding,1.4504669520007,1.48048680388907,1.15130253108105
chr7,45412947,45413448,-0.2524772756415893,chr7,45403960,45413382,ENSMUSG00000038201.9,+,Kcna7,protein_coding,1.12053240927093,1.14341168336075,0.939568732261546
chr7,45412947,45413448,-0.2524772756415893,chr7,45411695,45419178,ENSMUSG00000074121.2,+,Ntf5,protein_coding,1.12053240927093,1.14341168336075,0.939568732261546
chr2,6744341,6744842,-0.3807416197562468,chr2,6537694,7511563,ENSMUSG00000002107.14,-,Celf2,protein_coding,4.5965506606949065,3.626206550293578,3.7189576602029706
chr16,67310947,67311448,-0.5113192351380558,chr16,66653421,67622908,ENSMUSG00000064115.9,-,Cadm2,protein_coding,7.15895705923092,4.83801937699463,5.02206104075009
chr13,108316048,108316549,-0.3033132958087345,chr13,108311099,108318273,ENSMUSG00000090358.1,-,Gm2822,processed_transcript,9.673929800039,8.49297117409576,7.84076723753473
chr13,108316048,108316549,-0.3033132958087345,chr13,108314332,108409782,ENSMUSG00000021697.8,+,Depdc1b,protein_coding,9.673929800039,8.49297117409576,7.84076723753473
chr5,43285733,43286234,-0.6438217563618376,chr5,43231463,43291724,ENSMUSG00000039782.10,+,Cpeb2,protein_coding,2.63947634183818,2.26038610236634,1.68725370934292
chr10,86859861,86860362,-0.4192747774914342,chr10,86837094,86876954,ENSMUSG00000089959.1,+,Gm16268,antisense,7.53869304237273,5.95499379600022,5.63741239356928
chr10,86859861,86860362,-0.4192747774914342,chr10,86839198,87010025,ENSMUSG00000035459.11,-,Stab2,protein_coding,7.53869304237273,5.95499379600022,5.63741239356928
chr3,9250136,9250637,-0.2506714612313468,chr3,9248602,9287333,ENSMUSG00000069114.8,+,Zbtb10,protein_coding,4.16464545445694,3.58224932012444,3.50022436173491
chr15,62053879,62054380,-0.5937723304084607,chr15,62035986,62380096,ENSMUSG00000097039.4,+,Pvt1,lincRNA,1.68079861390639,1.07070920638406,1.11160244380239
chr9,92996098,92996599,-0.9527665955505004,chr9,92977914,93007739,ENSMUSG00000100294.2,-,1700034K08Rik,lincRNA,3.3864979480188,2.08854388405779,1.7468038402609
chr7,87745557,87746058,-0.5657712394488383,chr7,87600544,88136907,ENSMUSG00000049583.10,+,Grm5,protein_coding,2.14768711776928,2.02906003925868,1.44905318567098
chr1,174909762,174910263,-0.8511021806726299,chr1,174831785,174923819,ENSMUSG00000050069.3,-,Grem2,protein_coding,2.57099936127163,2.06871593579142,1.42258646081854
chr16,41969127,41969628,-0.6168803930027003,chr16,39982361,42183679,ENSMUSG00000061080.7,+,Lsamp,protein_coding,1.99205761648165,1.67876628655278,1.29686951776946
chr3,122983833,122984334,-0.4532436125337023,chr3,122931601,122986447,ENSMUSG00000039701.7,-,Usp53,protein_coding,14.1934105174317,11.0375578682801,10.3683394609426
chr7,54845811,54846312,-0.2976957136821521,chr7,54833959,55267366,ENSMUSG00000063297.6,+,Luzp2,protein_coding,1.88000437555455,1.55979859695455,1.52845336022829
chr3,152830211,152830712,-0.5855565556827864,chr3,152712100,152982408,ENSMUSG00000039047.13,+,Pigk,protein_coding,4.331262681298627,3.491815495157908,2.886551296639585
chr3,152830211,152830712,-0.5855565556827864,chr3,152815081,152984246,ENSMUSG00000039037.5,-,St6galnac5,protein_coding,4.331262681298627,3.491815495157908,2.886551296639585
chr1,98190646,98191147,-0.5600962143283337,chr1,98171648,98192698,ENSMUSG00000100711.1,+,Gm29461,lincRNA,4.679614385920846,5.468795485601216,5.52875754552449
chr6,6690347,6690848,-0.7860543900958343,chr6,6601712,6693521,ENSMUSG00000093675.3,-,Gm20618,lincRNA,1.62477199344284,1.17645826380471,0.939568732261546
chr4,100357988,100358489,-0.5038843469522067,chr4,100093791,100446765,ENSMUSG00000035305.5,+,Ror1,protein_coding,5.60266204635463,4.01185486589582,3.95015868422636
chrX,134585350,134585851,-0.5475341499035484,chrX,134583654,134590062,ENSMUSG00000079435.5,+,Rpl36a,protein_coding,14.9591076637669,10.4823753168217,10.2360058366804
chrX,134585350,134585851,-0.5475341499035484,chrX,134540336,134585570,ENSMUSG00000031264.9,-,Btk,protein_coding,14.9591076637669,10.4823753168217,10.2360058366804
chr5,45639189,45639690,-0.4034360288135586,chr5,45636705,45647469,ENSMUSG00000097825.1,+,9630001P10Rik,lincRNA,9.14478949566106,7.8452581973943,6.91443186769941
chr5,45639189,45639690,-0.4034360288135586,chr5,45527706,45641501,ENSMUSG00000015879.7,-,Fam184b,protein_coding,9.14478949566106,7.8452581973943,6.91443186769941
chr1,41905907,41906408,-0.6405901681565268,chr1,41779808,41941560,ENSMUSG00000100832.1,+,Gm29260,lincRNA,1.67457343385488,1.43422159126753,1.07190235652374
chr10,12842692,12843193,-0.6514165912925012,chr10,12380188,12863735,ENSMUSG00000019820.9,-,Utrn,protein_coding,1.53139429267027,1.05749057420648,0.972652138327093
chr6,117574113,117574614,-0.5127319827112399,chr6,117557697,117574329,ENSMUSG00000054488.10,+,Gm9946,lincRNA,1.76795113462746,1.81756192441738,1.23731938685147
chr10,95194047,95194548,-0.2916556889170858,chr10,95172746,95326097,ENSMUSG00000045867.9,-,Cradd,protein_coding,2.79510584312581,3.06672266519878,2.28275501852277
chr3,62506800,62507301,-0.4252168787279556,chr3,62466013,62509004,ENSMUSG00000027770.5,-,Dhx36,protein_coding,19.9952783254345,15.0295847859095,14.8941494107094
chr14,21052256,21052757,-0.3083472463857283,chr14,21029442,21054508,ENSMUSG00000021824.8,-,Ap3m1,protein_coding,22.4604496258306,20.3038190247643,18.1429398863462
chr14,21052256,21052757,-0.3083472463857283,chr14,21050574,21450568,ENSMUSG00000039197.9,+,Adk,protein_coding,22.4604496258306,20.3038190247643,18.1429398863462
chr18,47367036,47367537,-0.4444721384440452,chr18,47233598,47370870,ENSMUSG00000019647.12,-,Sema6a,protein_coding,2.73907922266226,2.30004199889909,2.01147108878528
chr1,25085584,25086085,-0.3886017503518958,chr1,25065476,25831707,ENSMUSG00000033569.13,-,Bai3,protein_coding,6.90372467711921,5.65096525591586,5.27349492684825
chr12,49384105,49384606,-0.630547457605751,chr12,49380693,49388867,ENSMUSG00000020950.9,+,Foxg1,protein_coding,15.712354449999,10.7004827477518,10.1499889809099
chr12,49384105,49384606,-0.630547457605751,chr12,49383174,49409346,ENSMUSG00000089922.1,+,3110039M20Rik,protein_coding,15.712354449999,10.7004827477518,10.1499889809099
chr5,34573437,34573938,-0.3280687811486913,chr5,34572151,34576213,ENSMUSG00000099082.1,+,Mir7036b,miRNA,22.6534302074272,19.8874321111705,18.0503063493627
chr5,34573437,34573938,-0.3280687811486913,chr5,34571664,34634308,ENSMUSG00000029106.10,+,Add1,protein_coding,22.6534302074272,19.8874321111705,18.0503063493627
chr1,111864723,111865224,-0.5068306442816078,chr1,111856702,111866918,ENSMUSG00000038702.6,-,Dsel,protein_coding,15.8679839512866,10.6872641155742,11.1689578877288
chr3,35932613,35933114,-0.3050606173286729,chr3,35931045,35944717,ENSMUSG00000085655.1,+,Gm15952,antisense,14.0004299358351,11.9099875920004,11.3343749180565
chr3,35932613,35933114,-0.3050606173286729,chr3,35890105,35934334,ENSMUSG00000027708.10,-,Dcun1d1,protein_coding,14.0004299358351,11.9099875920004,11.3343749180565
chr3,35932613,35933114,-0.3050606173286729,chr3,35893620,35934787,ENSMUSG00000103229.1,-,Dcun1d1,protein_coding,14.0004299358351,11.9099875920004,11.3343749180565
chr5,5338900,5339401,-0.7511768528206597,chr5,4801391,5422312,ENSMUSG00000028926.11,-,Cdk14,protein_coding,3.83471091172717,2.88166181471265,2.27613833730966
chrX,100625728,100626229,-0.4668068027214489,chrX,100620883,100628568,ENSMUSG00000015668.9,-,Pdzd11,protein_coding,9.84823484148114,7.46191786424445,7.12616566651891
chrX,100625728,100626229,-0.4668068027214489,chrX,100623737,100729214,ENSMUSG00000034311.3,+,Kif4,protein_coding,9.84823484148114,7.46191786424445,7.12616566651891
chr3,156638386,156638887,-0.7664244658488286,chr3,156559794,157318445,ENSMUSG00000040037.9,+,Negr1,protein_coding,1.51271875251575,0.96496014896341,0.88663528255667
chr15,25774531,25775032,-0.5574077665142118,chr15,25620525,25815673,ENSMUSG00000022272.13,+,Myo10,protein_coding,3.74133321095459,3.00723882039967,2.54080558583404
chr10,121955651,121956152,-0.5529603386496329,chr10,121778991,122049315,ENSMUSG00000020121.11,-,Srgap1,protein_coding,3.665542318673429,3.0555419893321876,2.943967811599701
chr13,9834140,9834641,-0.4747336013919678,chr13,9832469,9836525,ENSMUSG00000088609.1,-,Gm24187,miRNA,6.06955055021752,4.56703741735422,4.36700960065226
chr4,14826316,14826817,-0.5075285635984879,chr4,14807498,14828587,ENSMUSG00000040550.12,-,Otud6b,protein_coding,38.9509515822677,28.4068405496215,27.4062935846995
chr16,60468347,60468848,-0.4368388671064287,chr16,59651483,60607531,ENSMUSG00000055540.11,-,Epha6,protein_coding,1.44424177194919,1.13680236727196,1.06528567531063
chr18,22343752,22344253,-0.3974267837126294,chr18,22342883,22532227,ENSMUSG00000045215.12,+,Asxl3,protein_coding,17.8538163877168,13.7275495164178,13.5575798056613
chr4,53631668,53632169,-0.3894979449870253,chr4,53629471,53709009,ENSMUSG00000054752.12,+,Fsd1l,protein_coding,7.00332755794329,5.71705841680376,5.34627842019246
chr12,76895585,76896086,-0.4191368653729698,chr12,76763589,76923412,ENSMUSG00000033373.12,+,Fntb,protein_coding,3.373779797982313,2.180000495054051,2.5919970009855167
chr4,11156097,11156598,-0.4183322650945554,chr4,11154431,11176379,ENSMUSG00000028211.7,+,Trp53inp1,protein_coding,20.4746171894004,16.6224299633081,15.3242336895616
chr8,32008442,32008943,-0.3843434296361233,chr8,32006504,32017759,ENSMUSG00000097928.1,+,Gm26578,lincRNA,7.62584556309381,5.79637020986925,5.84252951117567
chr14,87538435,87538936,-0.7630724280098393,chr14,87414639,87547373,ENSMUSG00000022019.11,+,Tdrd3,protein_coding,5.58398650620012,3.17247172261943,3.28849056291541
chr3,123690671,123691172,-0.4750757168990465,chr3,123524166,123692852,ENSMUSG00000027977.11,-,Ndst3,protein_coding,19.0988523980178,14.4810115505399,13.7428468796284
chrX,23217094,23217595,-0.8041265642919816,chrX,23217271,23367082,ENSMUSG00000036782.9,-,Klhl13,protein_coding,2.62702598173517,1.50692406824423,1.50198663537585
chr1,163608395,163608896,-0.6807822680816509,chr1,163605377,163612269,ENSMUSG00000101869.1,+,Gm29500,lincRNA,5.88902032872387,2.8486152342687,3.67225807327576
chr1,98422178,98422679,-0.8214210022922741,chr1,98419124,98518991,ENSMUSG00000026336.9,+,Slco6d1,protein_coding,2.76397994286829,1.61267312566488,1.56153676629384
chr16,25956649,25957150,-0.5266569387727126,chr16,25954475,25962342,ENSMUSG00000090257.1,+,Gm4524,antisense,4.03391667337534,3.1922996708858,2.79885615314531
chr15,75558563,75559064,-0.2743472854500239,chr15,75549268,75569255,ENSMUSG00000022577.12,-,Ly6h,protein_coding,6.4585652351379395,5.515469929415309,4.134374973540773
chr16,34564913,34565414,-0.3177592038230318,chr16,33972258,34575532,ENSMUSG00000061751.11,-,Kalrn,protein_coding,2.43404540013851,2.42561900458611,1.9519209578673
chr1,21961316,21961817,-0.3808135667267132,chr1,21957842,21964530,ENSMUSG00000097109.1,+,Gm26580,lincRNA,12.9296989669762,9.99989524233999,9.93163850087733
chr1,21961316,21961817,-0.3808135667267132,chr1,21396403,21963942,ENSMUSG00000028033.12,-,Kcnq5,protein_coding,12.9296989669762,9.99989524233999,9.93163850087733
chr5,76828195,76828696,-0.4018340069629311,chr5,76654512,76875554,ENSMUSG00000036377.14,+,C530008M17Rik,protein_coding,3.21841808662816,3.23856488350733,2.43493868642429
chr8,61552644,61553145,-0.5724272837391515,chr8,61511246,61904690,ENSMUSG00000058056.11,-,Palld,protein_coding,1.96093171622412,1.2491607407814,1.31671956140879
chr3,117574558,117575059,-0.5298520439936502,chr3,117573227,117691507,ENSMUSG00000033342.9,+,Lppr5,protein_coding,8.8273053130343,7.29668496202469,6.11381344091316
chr1,37864925,37865426,-0.3138575830515541,chr1,37752776,37868429,ENSMUSG00000060771.10,-,Tsga10,protein_coding,43.9808970638839,38.3736892115175,35.3926278089226
chr1,37864925,37865426,-0.3138575830515541,chr1,37863299,37873388,ENSMUSG00000097268.1,+,Gm26805,antisense,43.9808970638839,38.3736892115175,35.3926278089226
chr4,72199792,72200293,-0.4395178768486501,chr4,72115142,72202919,ENSMUSG00000008305.14,-,Tle1,protein_coding,9.10743841535203,6.76793967492145,6.71593143130612
chr4,72199792,72200293,-0.4395178768486501,chr4,72199348,72217352,ENSMUSG00000084910.1,+,C630043F03Rik,processed_transcript,9.10743841535203,6.76793967492145,6.71593143130612
chr15,25018781,25019282,-0.4904787957418225,chr15,24979620,25029358,ENSMUSG00000097452.1,-,Gm2824,lincRNA,1.27616191055856,1.0442719420289,0.906485326195999
chr15,36792907,36793408,-0.3181415266133675,chr15,36768770,36796547,ENSMUSG00000022285.12,-,Ywhaz,protein_coding,9.51830029875137,7.9840538352589,7.63565011992834
chr13,19619552,19620053,-0.3884427267724826,chr13,19589709,19621830,ENSMUSG00000002808.6,-,Epdr1,protein_coding,10.1843945642624,8.16911468574503,7.78121710661675
chr16,55973451,55973952,-0.4592119480133071,chr16,55971268,55976617,ENSMUSG00000102101.1,-,2310061J03Rik,antisense,33.7031247988489,26.9461816939988,24.5214205757837
chr16,55973451,55973952,-0.4592119480133071,chr16,55971883,56010913,ENSMUSG00000022601.11,+,Zbtb11,protein_coding,33.7031247988489,26.9461816939988,24.5214205757837
chr16,55973451,55973952,-0.4592119480133071,chr16,55964343,55982721,ENSMUSG00000098371.1,+,Gm28037,processed_transcript,33.7031247988489,26.9461816939988,24.5214205757837
chr10,8287515,8288016,-0.3233205812422083,chr10,8202753,8520825,ENSMUSG00000047712.7,-,Ust,protein_coding,3.53590226925492,2.97419223995572,2.82532287799775
chr9,122673131,122673632,-0.3179158057272168,chr9,122570497,122681596,ENSMUSG00000097736.3,+,9530059O14Rik,lincRNA,1.54384465277328,1.3218632177581,1.23731938685147
chr5,50026946,50027447,-0.5407434744974047,chr5,49957951,50060996,ENSMUSG00000029090.8,-,Gpr125,protein_coding,3.89073753219072,2.95436429168934,2.67313921009623
chr1,6213856,6214357,-0.5632359218589007,chr1,6204197,6278648,ENSMUSG00000025907.10,+,Rb1cc1,protein_coding,2.85735764364086,2.06210661970263,1.93207091422797
chr1,6213856,6214357,-0.5632359218589007,chr1,6207866,6217293,ENSMUSG00000090031.2,-,4732440D04Rik,antisense,2.85735764364086,2.06210661970263,1.93207091422797
chr15,6708099,6708600,-0.3252000861611006,chr15,6706381,6802398,ENSMUSG00000050310.8,+,Rictor,protein_coding,15.3326184668572,12.6039657813234,12.2408602442525
chr3,152827799,152828300,-0.3275402246156172,chr3,152712100,152982408,ENSMUSG00000039047.13,+,Pigk,protein_coding,4.15219509435393,2.97419223995572,3.30834060655474
chr3,152827799,152828300,-0.3275402246156172,chr3,152815081,152984246,ENSMUSG00000039037.5,-,St6galnac5,protein_coding,4.15219509435393,2.97419223995572,3.30834060655474
chr1,25829975,25830476,-0.4245012703717383,chr1,25828657,25833878,ENSMUSG00000104516.1,+,RP23-184I13.1,TEC,23.3942266335563,17.3362361008974,17.4349549965435
chr1,25829975,25830476,-0.4245012703717383,chr1,25065476,25831707,ENSMUSG00000033569.13,-,Bai3,protein_coding,23.3942266335563,17.3362361008974,17.4349549965435
chr17,56325588,56326089,-0.2964809593043668,chr17,56324062,56404870,ENSMUSG00000024201.8,+,Kdm4b,protein_coding,43.2836768981153,36.7147508732311,35.2536775034473
chr16,97863885,97864386,-0.5888882538215243,chr16,97853210,97924633,ENSMUSG00000045975.7,-,C2cd2,protein_coding,2.12278639756326,2.06871593579142,1.40935309839232
chr16,81201942,81202443,-0.4850478421398534,chr16,81198697,81626285,ENSMUSG00000022762.13,+,Ncam2,protein_coding,6.83524769655265,5.76993294551409,4.8831107352748
chr1,132512234,132512735,-0.2913200367028639,chr1,132507427,132545256,ENSMUSG00000053024.10,-,Cntn2,protein_coding,2.93205980425892,2.83539660209111,2.39523859914563
chr2,13297754,13298255,-0.7247955702100444,chr2,13269601,13327827,ENSMUSG00000086358.2,+,Gm13270,processed_transcript,2.72662886255925,1.68537560264157,1.64755362206426
chr2,13297754,13298255,-0.7247955702100444,chr2,13274338,13493813,ENSMUSG00000026726.10,-,Cubn,protein_coding,2.72662886255925,1.68537560264157,1.64755362206426
chr11,24111660,24112161,-0.4430174420355529,chr11,24076056,24176123,ENSMUSG00000000861.11,+,Bcl11a,protein_coding,3.31179578740074,2.47849353329643,2.43493868642429
chr11,24111660,24112161,-0.4430174420355529,chr11,24097688,24117405,ENSMUSG00000086612.1,-,Gm12064,antisense,3.31179578740074,2.47849353329643,2.43493868642429
chr13,17943994,17944495,-0.4600218968757353,chr13,17878575,17946239,ENSMUSG00000008859.7,-,Rala,protein_coding,22.0122366621222,16.9727237160139,16.0057518545118
chr6,135818647,135819148,-0.5662492080298237,chr6,135814457,135819957,ENSMUSG00000102468.1,-,RP23-133P12.2,TEC,3.9991835567527665,3.082213234282777,2.4113579800504885
chr6,135818647,135819148,-0.5662492080298237,chr6,135711232,136175511,ENSMUSG00000030209.10,-,Grin2b,protein_coding,3.9991835567527665,3.082213234282777,2.4113579800504885
chr3,129216728,129217229,-0.9023069582308848,chr3,129197878,129221591,ENSMUSG00000028023.12,+,Pitx2,protein_coding,1.6263218613679775,1.362630408205196,2.192965676922522
chr18,65205451,65205952,-0.3011648091913196,chr18,64885756,65219826,ENSMUSG00000024589.11,+,Nedd4l,protein_coding,4.3807562458776905,2.8639030033004973,3.5484138258441003
chr17,94834591,94835092,-0.3789453239156148,chr17,94832906,94838642,ENSMUSG00000097460.1,+,Gm26734,lincRNA,10.4271765862711,7.83864888130551,8.01941763028869
chr17,94834591,94835092,-0.3789453239156148,chr17,94757944,94836799,ENSMUSG00000066057.6,-,Gm1976,lincRNA,10.4271765862711,7.83864888130551,8.01941763028869
chr12,104190791,104191292,-0.5485394106521988,chr12,104187517,104194926,ENSMUSG00000091553.1,-,Serpina3e-ps,unprocessed_pseudogene,1.42556623179468,1.16984894771591,0.972652138327093
chr4,104448112,104448613,-0.5247725720536647,chr4,103617359,104746844,ENSMUSG00000028519.12,+,Dab1,protein_coding,3.397486540609729,3.3558172004189557,3.0050533798164474
chr4,83861106,83861607,-0.7187309819400932,chr4,83523545,83866670,ENSMUSG00000052407.12,+,Ccdc171,protein_coding,1.98583243643014,1.61267312566488,1.20423598078593
chr5,77374990,77375491,-0.7578366038335366,chr5,77347240,77410045,ENSMUSG00000036256.9,-,Igfbp7,protein_coding,3.4071787778964775,2.737329769991115,3.2301316732418037
chr1,54864560,54865061,-0.5204020373350885,chr1,54643340,54928387,ENSMUSG00000052331.10,-,Ankrd44,protein_coding,1.96715689627563,1.20950484424866,1.36965301111366
chr11,9135597,9136098,-0.397929552507015,chr11,9116103,9138170,ENSMUSG00000020407.9,+,Upp1,protein_coding,1.6932489740094,1.53997064868818,1.28363615534324
chr14,115041952,115042453,-0.4916861824012979,chr14,115041671,115045754,ENSMUSG00000065508.1,+,Mir17,miRNA,16.278845834686,11.3019305118317,11.5791921229416
chr14,115041952,115042453,-0.4916861824012979,chr14,115041851,115045946,ENSMUSG00000065403.1,+,Mir18,miRNA,16.278845834686,11.3019305118317,11.5791921229416
chr14,115041952,115042453,-0.4916861824012979,chr14,115042000,115046081,ENSMUSG00000065416.1,+,Mir19a,miRNA,16.278845834686,11.3019305118317,11.5791921229416
chr14,115041952,115042453,-0.4916861824012979,chr14,115042157,115046263,ENSMUSG00000065442.1,+,Mir20a,miRNA,16.278845834686,11.3019305118317,11.5791921229416
chr14,115041952,115042453,-0.4916861824012979,chr14,115042305,115046391,ENSMUSG00000076256.1,+,Mir19b-1,miRNA,16.278845834686,11.3019305118317,11.5791921229416
chr14,115041952,115042453,-0.4916861824012979,chr14,115042427,115046506,ENSMUSG00000076062.1,+,Mir92-1,miRNA,16.278845834686,11.3019305118317,11.5791921229416
chr14,115041952,115042453,-0.4916861824012979,chr14,115040879,115048727,ENSMUSG00000089726.2,+,Mir17hg,lincRNA,16.278845834686,11.3019305118317,11.5791921229416
chrX,96124955,96125456,-0.8511021806726301,chrX,96094042,96170552,ENSMUSG00000031207.12,+,Msn,protein_coding,1.85510365534853,1.55979859695455,1.02558558803197
chr3,22075968,22076469,-0.5033219122102114,chr3,22074652,22218594,ENSMUSG00000027630.9,+,Tbl1xr1,protein_coding,27.6522497887859,21.4340120759475,19.5125928974599
chr15,55906721,55907222,-0.388601750351896,chr15,55636843,55908949,ENSMUSG00000060429.7,-,Sntb1,protein_coding,2.2970914390054,1.69859423481915,1.75342052147401
chr5,74194953,74195454,-0.3807057936532209,chr5,74193288,74201481,ENSMUSG00000049907.7,+,Rasl11b,protein_coding,22.0744884626373,15.9482797222514,16.9585539491996
chr12,12680033,12680534,-0.33759388927954,chr12,12680514,12684618,ENSMUSG00000098314.1,-,Gm27952,rRNA,2.38424395972647,2.16124636103449,1.8857541457362
chr5,90564672,90565173,-0.6326248093395652,chr5,90559209,90599906,ENSMUSG00000070690.4,+,5830473C10Rik,protein_coding,2.29086625895389,1.69859423481915,1.47551991052341
chr8,23868519,23869020,-0.4100023848075901,chr8,23634019,24158585,ENSMUSG00000037492.11,+,Zmat4,protein_coding,4.92411742074057,4.78514484828431,3.70534147934131
chr8,113634431,113634932,-0.4909519190992549,chr8,113633586,113647178,ENSMUSG00000078908.5,+,Mon1b,protein_coding,8.24836356824432,6.0409149051545,5.86899623602811
chr4,94614208,94614709,-0.4515182536381068,chr4,94612491,94695229,ENSMUSG00000028576.8,+,Ift74,protein_coding,21.5391229782078,16.7876628655278,15.7543179684137
chr8,10342992,10343493,-0.4174537120147417,chr8,10270572,10636741,ENSMUSG00000039057.9,+,Myo16,protein_coding,3.05033822523752,2.5710239585395,2.28275501852277
chr2,101759502,101760003,-0.6350412488676997,chr2,101712285,101885027,ENSMUSG00000032841.11,-,Prr5l,protein_coding,6.18782897119612,4.24318092900349,3.98324209029191
chr15,66824696,66825197,-0.5551807239142168,chr15,66778819,66833829,ENSMUSG00000022372.10,-,Sla,protein_coding,2.85113246358936,2.24716747018876,1.93868759544108
chr15,66824696,66825197,-0.5551807239142168,chr15,66668753,66852721,ENSMUSG00000053469.9,+,Tg,protein_coding,2.85113246358936,2.24716747018876,1.93868759544108
chr3,33060337,33060838,-0.428291140446071,chr3,32947408,33145247,ENSMUSG00000027674.12,-,Pex5l,protein_coding,3.16239146616461,2.63050780333861,2.34892183065387
chr3,33060337,33060838,-0.428291140446071,chr3,33022777,33090607,ENSMUSG00000087625.1,+,4930419G24Rik,antisense,3.16239146616461,2.63050780333861,2.34892183065387
chr4,6365393,6365894,-0.4044965967491664,chr4,6363650,6410423,ENSMUSG00000028249.11,+,Sdcbp,protein_coding,21.9250841414011,17.5675621640051,16.5681697576261
chr9,56235756,56236257,-0.448803107358341,chr9,56199126,56420067,ENSMUSG00000074305.5,-,Peak1,protein_coding,3.623054789976,2.775912757292,2.6532891664569
chr8,83165912,83166413,-0.3858893977008841,chr8,83163081,83168170,ENSMUSG00000074228.2,-,Gm10645,protein_coding,5.49060880542754,4.81158211263947,4.20159257032452
chr8,83165912,83166413,-0.3858893977008841,chr8,83163352,83274934,ENSMUSG00000031709.11,+,Tbc1d9,protein_coding,5.49060880542754,4.81158211263947,4.20159257032452
chrX,43429873,43430374,-0.6258056417286125,chrX,42525866,43431126,ENSMUSG00000016150.11,-,Tenm1,protein_coding,6.39325991289579,4.97020569877044,4.14204243940653
chr1,62259428,62259929,-0.808166065522038,chr1,61636824,62644284,ENSMUSG00000052062.10,+,Pard3b,protein_coding,4.668879680052965,3.0128901659728524,4.378722791424292
chr1,128102980,128103481,-0.4499432772141565,chr1,128095591,128103470,ENSMUSG00000103999.1,-,RP23-264E23.1,TEC,38.8451235213921,29.4907683881831,28.4451125351577
chr1,128102980,128103481,-0.4499432772141565,chr1,127952184,128105047,ENSMUSG00000036086.12,-,Zranb3,protein_coding,38.8451235213921,29.4907683881831,28.4451125351577
chr1,128102980,128103481,-0.4499432772141565,chr1,128101301,128239736,ENSMUSG00000056211.9,+,R3hdm1,protein_coding,38.8451235213921,29.4907683881831,28.4451125351577
chr1,172561682,172562183,-0.4703290961204154,chr1,172553938,172565717,ENSMUSG00000049598.5,+,Vsig8,protein_coding,4.41987783656865,3.04028540084362,3.18924034471877
chr6,31489739,31490240,-0.394371733093826,chr6,31396735,31518811,ENSMUSG00000025609.11,+,Mkln1,protein_coding,2.01073315663616,1.65232902219762,1.52845336022829
chr1,104980242,104980743,-0.8165783053382377,chr1,104766529,104997481,ENSMUSG00000050840.8,+,Cdh20,protein_coding,1.98583243643014,1.40778432691237,1.12483580622861
chr16,4511344,4511845,-0.2637154735586819,chr16,4478216,4543816,ENSMUSG00000022519.9,-,Srl,protein_coding,5.95749730929043,4.97681501485923,4.96251090983211
chr2,43786605,43787106,-0.543395729281727,chr2,43746824,44397953,ENSMUSG00000049744.11,+,Arhgap15,protein_coding,2.27841589885088,1.3218632177581,1.56153676629384
chr9,42097844,42098345,-0.2631898132055595,chr9,41962720,42126297,ENSMUSG00000049313.8,-,Sorl1,protein_coding,5.037998769573584,3.464571935212065,2.8603337767595303
chr17,75236458,75236959,-0.5408986486151378,chr17,75003568,75394512,ENSMUSG00000001870.11,+,Ltbp1,protein_coding,6.71074409552255,4.30927408989139,4.61182680553731
chr3,133544137,133544638,-0.5182492382128172,chr3,133461679,133546390,ENSMUSG00000040943.8,-,Tet2,protein_coding,30.6776872938174,22.1213809491817,21.4248137680485
chr12,40817300,40817801,-0.5148822791353388,chr12,40444053,40848486,ENSMUSG00000035954.9,+,Dock4,protein_coding,2.32821733926293,1.51353338433302,1.62770357842493
chr2,6306794,6307295,-0.2966462166698332,chr2,6191251,6323611,ENSMUSG00000087125.1,+,A230108P19Rik,antisense,5.26650232357335,4.19691571638195,4.28760942609494
chr8,109778316,109778817,-0.3155565328532944,chr8,109776554,109866204,ENSMUSG00000031731.12,+,Ap1g1,protein_coding,20.1446826466707,18.2417124050617,16.1910189284789
chr14,12184960,12185461,-0.6527021567569992,chr14,11551532,12244041,ENSMUSG00000021745.9,+,Ptprg,protein_coding,7.40796426129113,5.54521619849521,4.71107702373395
chr18,9449975,9450476,-0.5225831364544798,chr18,9312044,9452150,ENSMUSG00000024286.7,-,Ccny,protein_coding,52.6525728756305,36.1000844769736,36.6630306018396
chr9,42027555,42028056,-0.2863175618891042,chr9,42020615,42036113,ENSMUSG00000086360.1,+,Gm16214,antisense,3.9659575597492758,2.8910325187408996,2.6752377531961526
chr9,42027555,42028056,-0.2863175618891042,chr9,41962720,42126297,ENSMUSG00000049313.8,-,Sorl1,protein_coding,3.9659575597492758,2.8910325187408996,2.6752377531961526
chr5,34228148,34228649,-0.3939943309829838,chr5,34192874,34290449,ENSMUSG00000037224.11,-,Zfyve28,protein_coding,4.09616847389039,3.46328163052621,3.11645685137456
chr15,26309382,26309883,-0.3218038550664726,chr15,26307048,26411576,ENSMUSG00000022269.9,+,March11,protein_coding,6.24385559165966,5.18170381361174,4.99559431589766
chr10,84759585,84760086,-0.3530753167227547,chr10,84754062,84908538,ENSMUSG00000020037.11,+,Rfx4,protein_coding,1.17655902973447,1.07731852247285,0.919718688622218
chr13,117220864,117221365,-0.4416787467788994,chr13,117216701,117223075,ENSMUSG00000091423.1,-,Gm17509,protein_coding,11.9149946185809,9.06137235773175,8.77371928858317
chr13,117220864,117221365,-0.4416787467788994,chr13,117218625,117276098,ENSMUSG00000021728.7,+,Emb,protein_coding,11.9149946185809,9.06137235773175,8.77371928858317
chr6,24568905,24569406,-0.579713637817644,chr6,24526144,24575164,ENSMUSG00000029685.11,+,Asb15,protein_coding,2.46517130039604,1.70520355090794,1.64755362206426
chr1,54557446,54557947,-0.4116718400578819,chr1,54470994,54559684,ENSMUSG00000073678.4,-,Pgap1,protein_coding,23.1078683511871,18.1293540315523,17.3754048656255
chr6,108660244,108660745,-0.5293175223329522,chr6,108575039,108662934,ENSMUSG00000087341.2,-,0610040F04Rik,antisense,29.2147699817137,20.3963494500074,20.247044512115
chr6,108660244,108660745,-0.5293175223329522,chr6,108654917,108661417,ENSMUSG00000090576.1,+,Gm17055,lincRNA,29.2147699817137,20.3963494500074,20.247044512115
chr6,108660244,108660745,-0.5293175223329522,chr6,108658629,108668925,ENSMUSG00000030103.7,+,Bhlhe40,protein_coding,29.2147699817137,20.3963494500074,20.247044512115
chr10,39065392,39065893,-0.6053805652248172,chr10,38963515,39112188,ENSMUSG00000019846.7,+,Lama4,protein_coding,4.13974473425092,2.51154011374038,2.719455978588
chr13,95863476,95863977,-0.2567986332525901,chr13,95625177,95893922,ENSMUSG00000021676.9,-,Iqgap2,protein_coding,2.01695833668767,1.73164081526311,1.68725370934292
chr15,39943773,39944274,-0.4282213488347938,chr15,39868603,39945994,ENSMUSG00000022305.8,-,Lrp12,protein_coding,22.404423005367,18.3871173590151,16.6541866133966
chr1,172481914,172482415,-0.4291363691932184,chr1,172479788,172500878,ENSMUSG00000037995.11,+,Igsf9,protein_coding,19.310508519769,14.3488252287641,14.3449648700214
chr6,77285540,77286041,-0.6681644132128846,chr6,76879637,77981699,ENSMUSG00000063063.8,-,Ctnna2,protein_coding,4.34517567595059,1.9431389301044,2.73268934101421
chr13,102742181,102742682,-0.4974652260579295,chr13,102730486,103336497,ENSMUSG00000034751.11,-,Mast4,protein_coding,3.389527289453381,2.4029089723994392,2.6214919673230597
chr1,131910153,131910654,-0.3510960091915602,chr1,131908534,131938321,ENSMUSG00000026434.8,+,Nucks1,protein_coding,23.3132992928868,20.0658836455679,18.2818901918215
chr1,126454278,126454779,-0.6631432564000561,chr1,125911620,126832799,ENSMUSG00000049690.11,-,Nckap5,protein_coding,2.63325116178668,1.8043432922398,1.66078698449048
chr4,16163595,16164096,-0.5512184312485363,chr4,16120733,16165647,ENSMUSG00000041135.11,-,Ripk2,protein_coding,56.6740391889029,39.4377891018128,38.6877350530511
chr4,16163595,16164096,-0.5512184312485363,chr4,16162110,16268225,ENSMUSG00000085112.1,+,A530072M11Rik,processed_transcript,56.6740391889029,39.4377891018128,38.6877350530511
chr15,58214679,58215180,-0.2684314914594634,chr15,58212475,58326053,ENSMUSG00000086801.1,+,Gm15943,processed_transcript,5.00504476141014,4.15065050376042,4.15527580183275
chr15,58214679,58215180,-0.2684314914594634,chr15,58173879,58216892,ENSMUSG00000022358.6,-,Fbxo32,protein_coding,5.00504476141014,4.15065050376042,4.15527580183275
chr15,30286201,30286702,-0.5712216760109996,chr15,30170593,31031311,ENSMUSG00000022240.9,+,Ctnnd2,protein_coding,1.9298058159666,1.42761227517874,1.29686951776946
chr10,39731686,39732187,-0.4466452918714377,chr10,39619412,39734007,ENSMUSG00000087177.3,-,E130307A14Rik,processed_transcript,23.9544928381918,19.0810955483381,17.5805219832319
chr10,39731686,39732187,-0.4466452918714377,chr10,39730118,39877211,ENSMUSG00000019841.11,+,Rev3l,protein_coding,23.9544928381918,19.0810955483381,17.5805219832319
chr15,66193757,66194258,-0.389212335405906,chr15,65984387,66288224,ENSMUSG00000056258.8,-,Kcnq3,protein_coding,3.5257186368553937,3.409620119426065,3.0046615053317742
chr8,113645180,113645681,-0.552327161092448,chr8,113641213,113657533,ENSMUSG00000033409.9,+,Syce1l,protein_coding,2.49629720065356,1.60606380957609,1.70048707176914
chr8,113645180,113645681,-0.552327161092448,chr8,113633586,113647178,ENSMUSG00000078908.5,+,Mon1b,protein_coding,2.49629720065356,1.60606380957609,1.70048707176914
chr14,103843453,103843954,-0.399093485640651,chr14,103812625,103846173,ENSMUSG00000022122.10,-,Ednrb,protein_coding,3.08146412549505,2.2934326828103,2.33568846822765
chr18,32162717,32163218,-0.330974842718671,chr18,32161089,32238751,ENSMUSG00000024383.8,+,Map3k2,protein_coding,38.3906853776322,31.4008607378436,30.5293671172871
chr4,76449586,76450087,-0.4852726177759563,chr4,75939238,78213961,ENSMUSG00000028399.13,-,Ptprd,protein_coding,16.8640127595274,12.8485104766087,12.0489764890724
chr5,38554751,38555252,-0.3534686896061433,chr5,38524814,38563666,ENSMUSG00000005103.9,-,Wdr1,protein_coding,6.129770977054528,3.7931303088060635,3.7150269235203606
chr3,135438086,135438587,-0.5006385303431737,chr3,135434209,135440665,ENSMUSG00000097032.2,-,4930539J05Rik,antisense,52.4097908536218,37.0055607811379,37.0534147934131
chr3,135438086,135438587,-0.5006385303431737,chr3,135436297,135469178,ENSMUSG00000078578.5,+,Ube2d3,protein_coding,52.4097908536218,37.0055607811379,37.0534147934131
chr2,124235802,124236303,-0.3881402356195886,chr2,124087969,124669770,ENSMUSG00000027200.13,+,Sema6d,protein_coding,1.4566921320522,1.20950484424866,1.11160244380239
chr3,105721027,105721528,-0.4532566265403914,chr3,105702599,105722842,ENSMUSG00000048458.8,+,Fam212b,protein_coding,4.39497711636263,4.10438529113889,3.2090903883581
chr14,35206499,35207000,-0.4170714462071856,chr14,34817825,35585379,ENSMUSG00000041078.6,+,Grid1,protein_coding,2.16636265792379,1.69198491873036,1.62108689721182
chr1,164275335,164275836,-0.2639750958381511,chr1,164273585,164289847,ENSMUSG00000026578.6,+,Ccdc181,protein_coding,11.7406895771387,10.442719420289,9.77945483297581
chr16,7158931,7159432,-0.2910143485905033,chr16,6807222,7414479,ENSMUSG00000008658.11,+,Rbfox1,protein_coding,1.04583024865286,0.905476304164295,0.853551876491123
chr3,138489249,138489750,-0.4028283519198545,chr3,138456960,138491382,ENSMUSG00000005813.8,-,Metap1,protein_coding,38.9260508620617,30.5152123819456,29.4508480795503
chr1,178318001,178318502,-0.4318586202714866,chr1,178311328,178320549,ENSMUSG00000086350.1,-,B230369F24Rik,antisense,16.3846738955615,13.6878936198851,12.148226707269
chr1,178318001,178318502,-0.4318586202714866,chr1,178317130,178324693,ENSMUSG00000026500.6,+,Cox20,protein_coding,16.3846738955615,13.6878936198851,12.148226707269
chr3,68526086,68526587,-0.33759388927954,chr3,67890232,68628466,ENSMUSG00000102422.1,+,SCHIP1,protein_coding,1.18900938983748,1.08392783856164,0.939568732261546
chr3,68526086,68526587,-0.33759388927954,chr3,68062802,68628481,ENSMUSG00000027777.11,+,Schip1,protein_coding,1.18900938983748,1.08392783856164,0.939568732261546
chr13,54596811,54597312,-0.2539081947234394,chr13,54590401,54613344,ENSMUSG00000047547.10,-,Cltb,protein_coding,1.61854681339134,1.46726817171149,1.35641964868744
chr17,56716758,56717259,-0.2617543443746434,chr17,56711932,56719699,ENSMUSG00000054723.5,-,Vmac,protein_coding,28.2809929739879,24.1768782527956,23.5950852059484
chr17,56716758,56717259,-0.2617543443746434,chr17,56715762,56726248,ENSMUSG00000002379.6,+,Ndufa11,protein_coding,28.2809929739879,24.1768782527956,23.5950852059484
chr6,50457992,50458493,-0.5870717823651119,chr6,50291330,50458201,ENSMUSG00000029822.11,-,Osbpl3,protein_coding,7.4354396328002865,5.961517876255774,7.060777357714381
chr4,100170157,100170658,-0.3186620732691644,chr4,100093791,100446765,ENSMUSG00000035305.5,+,Ror1,protein_coding,1.33841371107361,0.991397413318572,1.07190235652374
chr14,86803011,86803512,-0.8547101501442373,chr14,86653367,87143224,ENSMUSG00000022021.9,-,Diap3,protein_coding,2.27841589885088,1.44083090735632,1.2571694304908
chr6,36774478,36774979,-0.5014341282608751,chr6,36713663,36813361,ENSMUSG00000029838.8,-,Ptn,protein_coding,1.12675758932243,0.852601775453972,0.794001745573138
chr15,37607500,37608001,-0.388081766550668,chr15,37364175,37794570,ENSMUSG00000051359.10,-,Ncald,protein_coding,2.72040368250775,2.57763327462829,2.07763790091638
chr1,120130377,120130878,-0.4614997287700569,chr1,120119187,120190189,ENSMUSG00000026388.11,+,3110009E18Rik,protein_coding,3.19974254647365,1.96957619445956,2.32245510580143
chr9,29866732,29867233,-0.3605985131949127,chr9,28992750,29965141,ENSMUSG00000059974.6,-,Ntm,protein_coding,3.5800547742558098,3.566313108760202,2.658590040996879
chr3,119415025,119415526,-0.7689118717079233,chr3,118560129,119434918,ENSMUSG00000033308.12,+,Dpyd,protein_coding,2.13523675766627,1.54657996477697,1.25055274927769
chr16,42910083,42910584,-0.3959746808787918,chr16,42873881,43644602,ENSMUSG00000022708.12,+,Zbtb20,protein_coding,5.50305916553055,4.42824177948962,4.18174252668519
chr18,73931861,73932362,-0.3286668900699014,chr18,73926486,74067359,ENSMUSG00000024558.8,-,Mapk4,protein_coding,2.65192670194119,1.97618551054835,2.11072130698192
chr17,53478924,53479425,-0.376078618342711,chr17,53477234,53509671,ENSMUSG00000017831.7,+,Rab5a,protein_coding,33.3607398960161,28.6249479805516,25.7124231941434
chr1,132528647,132529148,-0.3006645186242225,chr1,132507427,132545256,ENSMUSG00000053024.10,-,Cntn2,protein_coding,4.378851889136309,2.6424867954558717,3.179270450226561
chr10,22676836,22677337,-0.5736500547635822,chr10,22643011,22706285,ENSMUSG00000037490.5,+,Slc2a12,protein_coding,4.1086188339934,2.37274447587578,2.75915606586665
chr17,80283459,80283960,-0.4534875289973271,chr17,80236304,80292476,ENSMUSG00000035051.10,-,Dhx57,protein_coding,3.91563825239674,3.11298787782032,2.8584062840633
chr7,116123833,116124334,-0.4356492184561736,chr7,116121493,116310376,ENSMUSG00000045659.13,-,Plekha7,protein_coding,1.34463889112511,1.45404953953391,0.992502181966422
chr2,62696735,62697236,-0.4822628194142593,chr2,62691414,63186287,ENSMUSG00000059742.6,-,Kcnh7,protein_coding,1.46291731210371,0.845992459365181,1.0454356316713
chr1,164926243,164926744,-0.5396934614472269,chr1,164861133,164938775,ENSMUSG00000104117.1,+,RP23-152I6.3,processed_transcript,2.9071590840529,2.04227867143626,1.99823772635906
chr2,3730694,3731195,-0.2683312268424265,chr2,3611758,3784142,ENSMUSG00000026655.10,+,Fam107b,protein_coding,5.062226891279696,2.1442469256128858,2.617558658717873
chr1,70795011,70795512,-1.1090913912678737,chr1,70723715,70887397,ENSMUSG00000045648.11,+,Vwc2l,protein_coding,1.94848135612111,1.41439364300116,0.899868644982889
chr16,48993842,48994343,-0.3715352976300772,chr16,48922232,48996165,ENSMUSG00000064061.9,-,Dzip3,protein_coding,19.6840193228593,15.802874768298,15.2183667901518
chr16,48993842,48994343,-0.3715352976300772,chr16,48992185,49021709,ENSMUSG00000033031.9,+,C330027C09Rik,protein_coding,19.6840193228593,15.802874768298,15.2183667901518
chr18,69352423,69352924,-0.5134826233952976,chr18,69342146,69689967,ENSMUSG00000053477.11,+,Tcf4,protein_coding,4.280906038607903,2.9510405106458837,3.104550911756809
chr15,62328309,62328810,-0.5336854139706829,chr15,62035986,62380096,ENSMUSG00000097039.4,+,Pvt1,lincRNA,2.25351517864486,1.97618551054835,1.55492008508073
chr9,36767105,36767606,-0.3344596385554077,chr9,36727344,36769679,ENSMUSG00000032116.13,-,Stt3a,protein_coding,6.49908797377137,5.47912303760731,5.15439466501228
chr9,36767105,36767606,-0.3344596385554077,chr9,36765910,36784675,ENSMUSG00000096993.2,+,Gm26787,antisense,6.49908797377137,5.47912303760731,5.15439466501228
chr8,22543116,22543617,-0.2665550232797746,chr8,22474700,22571607,ENSMUSG00000037656.8,+,Slc20a2,protein_coding,4.66957761998662,2.9746077674591613,3.2968572856423384
chr2,117411928,117412429,-0.4739138129923821,chr2,117412392,117419697,ENSMUSG00000085681.1,-,Gm13982,lincRNA,5.47815844532453,4.21674366464832,3.94354200301325
chr1,160212697,160213198,-0.4165126731365686,chr1,160210943,160216816,ENSMUSG00000103006.1,+,RP23-71J17.5,TEC,45.1325553734123,35.9216329425762,33.8244743614157
chr1,160212697,160213198,-0.4165126731365686,chr1,160200367,160214875,ENSMUSG00000014226.6,-,Cacybp,protein_coding,45.1325553734123,35.9216329425762,33.8244743614157
chr14,12344625,12345126,-0.4383501119343402,chr14,12339892,12347865,ENSMUSG00000021743.5,-,Fezf2,protein_coding,8.1051844270597,6.01447764079933,5.98147981665097
chr14,99954993,99955494,-0.7045908907410667,chr14,99872486,100151764,ENSMUSG00000072294.4,-,Klf12,protein_coding,4.08994329383888,2.25377678627755,2.50772217976849
chr1,60898560,60899061,-0.6471157791677637,chr1,60885000,60917832,ENSMUSG00000026011.9,+,Ctla4,protein_coding,5.0797469220282,3.27822078004008,3.24217379442364
chr1,60898560,60899061,-0.6471157791677637,chr1,60898898,60903422,ENSMUSG00000081382.1,+,Rpl18-ps1,processed_pseudogene,5.0797469220282,3.27822078004008,3.24217379442364
chr16,34004587,34005088,-0.3498018360877729,chr16,33972258,34575532,ENSMUSG00000061751.11,-,Kalrn,protein_coding,1.75550077452445,1.63250107393125,1.37626969232677
chr4,19569329,19569830,-0.3540361526163382,chr4,19517254,19572108,ENSMUSG00000028228.5,-,Cpne3,protein_coding,4.66888503862886,4.01185486589582,3.65240802963643
chr3,158129757,158130258,-0.5417545022027261,chr3,158082439,158564221,ENSMUSG00000028176.7,-,Lrrc7,protein_coding,5.34742966424292,3.72765427407783,3.67225807327576
chr13,117691354,117691855,-0.6275257666223026,chr13,117600480,117978802,ENSMUSG00000021730.7,+,Hcn1,protein_coding,1.61854681339134,1.387956378646,1.0454356316713
chr1,54250427,54250928,-0.5278047161032557,chr1,54247102,54251208,ENSMUSG00000094013.1,-,Gm25829,snRNA,27.9635087913611,20.0791022777455,19.400109316837
chr1,54250427,54250928,-0.5278047161032557,chr1,54248683,54370727,ENSMUSG00000025983.7,+,Ccdc150,protein_coding,27.9635087913611,20.0791022777455,19.400109316837
chr4,31989516,31990017,-0.6494683195029793,chr4,31988857,31993286,ENSMUSG00000084201.1,-,Gm11926,processed_pseudogene,2.1725878379753,1.02444399376252,1.38288637353988
chr4,31989516,31990017,-0.6494683195029793,chr4,31962097,32025467,ENSMUSG00000028284.9,+,Map3k7,protein_coding,2.1725878379753,1.02444399376252,1.38288637353988
chr9,88482959,88483460,-0.3376682837640682,chr9,88447731,88484574,ENSMUSG00000032423.8,-,Syncrip,protein_coding,10.9687672507521,8.51279912236214,8.68108575159964
chr19,29044304,29044805,-0.2772670181343936,chr19,29018833,29049961,ENSMUSG00000024782.7,-,Ak3,protein_coding,5.731237601853178,5.015161568533161,3.730887558645831
chr19,29044304,29044805,-0.2772670181343936,chr19,29044245,29050729,ENSMUSG00000100075.1,+,1700018L02Rik,antisense,5.731237601853178,5.015161568533161,3.730887558645831
chr17,5389890,5390391,-0.2849797623875715,chr17,5386763,5421652,ENSMUSG00000101133.1,+,Gm29050,antisense,4.2715621403829305,2.597537421418759,2.6841528092077866
chr3,154945675,154946176,-0.5749986868055763,chr3,154784291,155057407,ENSMUSG00000040086.9,-,Tnni3k,protein_coding,17.5425573851415,13.8200799416609,11.7776925593349
chr3,33142302,33142803,-0.5028383981567809,chr3,32947408,33145247,ENSMUSG00000027674.12,-,Pex5l,protein_coding,5.01749512151315,3.76731017061057,3.53992444901357
chr2,102126626,102127127,-0.3962181702886703,chr2,101948203,102188385,ENSMUSG00000048058.13,-,Ldlrad3,protein_coding,2.09166049730573,1.2491607407814,1.58800349114628
chrX,98891206,98891707,-0.6875681094378722,chrX,98552277,98893025,ENSMUSG00000031214.9,-,Ophn1,protein_coding,1.50649357246425,1.0442719420289,0.932952051048437
chr1,172562874,172563375,-0.2729648338016129,chr1,172553938,172565717,ENSMUSG00000049598.5,+,Vsig8,protein_coding,6.07577573026902,5.29406218712117,5.0286777219632
chr18,78350537,78351038,-0.3743610813686107,chr18,78347754,78352701,ENSMUSG00000090451.1,+,Gm6133,protein_coding,3.69775695059406,3.38396983746072,2.85178960285019
chr10,100486627,100487128,-0.4296456738358215,chr10,100441902,100489350,ENSMUSG00000036676.10,-,Tmtc3,protein_coding,5.49060880542754,4.42163246340083,4.07587562727544
chr10,100486627,100487128,-0.4296456738358215,chr10,100486289,100575655,ENSMUSG00000019971.9,+,Cep290,protein_coding,5.49060880542754,4.42163246340083,4.07587562727544
chr10,62486650,62487151,-0.3379661670657379,chr10,62452843,62488805,ENSMUSG00000020078.11,-,Vps26a,protein_coding,32.5576916693719,25.3202899361563,25.7653566438483
chr11,83406309,83406810,-0.2667861935365208,chr11,83297024,83407035,ENSMUSG00000035152.10,+,Ap2b1,protein_coding,6.012617273007087,6.055096761433188,4.965603259271252
chr4,28839889,28840390,-0.6361714968895216,chr4,28811131,28969499,ENSMUSG00000028289.8,+,Epha7,protein_coding,2.23483963849035,1.65893833828641,1.43581982324476
chrX,13070396,13070897,-0.4850194702126051,chrX,13069498,13175328,ENSMUSG00000031010.13,+,Usp9x,protein_coding,11.1306219320912,7.76594640432881,7.95325081815759
chr1,55052992,55053493,-0.4167534267986701,chr1,55050770,55074702,ENSMUSG00000025981.9,+,Coq10b,protein_coding,4.70001093888639,3.56242137185807,3.52007440537424
chr1,55052992,55053493,-0.4167534267986701,chr1,55049319,55055112,ENSMUSG00000103030.1,-,RP23-16N14.2,TEC,4.70001093888639,3.56242137185807,3.52007440537424
chr1,66410180,66410681,-0.5872834883063984,chr1,66173273,66444583,ENSMUSG00000015222.13,+,Map2,protein_coding,3.80981019152115,3.07333198128757,2.53418890462093
chrX,42150237,42150738,-0.6320337261669587,chrX,42145988,42152181,ENSMUSG00000104042.1,-,RP23-295D9.3,TEC,10.2341960046745,7.17771727242646,6.60344785068326
chrX,42150237,42150738,-0.6320337261669587,chrX,42147317,42279185,ENSMUSG00000025862.10,+,Stag2,protein_coding,10.2341960046745,7.17771727242646,6.60344785068326
chr15,72852326,72852827,-0.3067816644488198,chr15,72587621,73063204,ENSMUSG00000047921.11,-,Trappc9,protein_coding,1.42556623179468,1.26237937295898,1.15130253108105
chr1,140246418,140246919,-0.5414898499499272,chr1,140244158,140614067,ENSMUSG00000052726.11,+,Kcnt2,protein_coding,3.41139866822482,3.06011334910999,2.34230514944076
chr15,64250191,64250692,-0.466169095568391,chr15,64084857,64384919,ENSMUSG00000022377.12,-,Asap1,protein_coding,2.12278639756326,1.72503149917431,1.5350700414414
chr3,144204622,144205123,-0.4178104126184854,chr3,144186530,144207220,ENSMUSG00000028266.13,-,Lmo4,protein_coding,7.99935636618411,6.50356703136983,5.98809649786408
chr13,81358776,81359277,-0.7133345238130431,chr13,81093068,81635154,ENSMUSG00000069170.9,-,Gpr98,protein_coding,4.1148440140449,3.13281582608669,2.50772217976849
chr8,4347583,4348084,-0.3454621326128794,chr8,4323210,4362020,ENSMUSG00000023235.9,+,Ccl25,protein_coding,1.33841371107361,1.18967689598229,1.05205231288441
chr10,50772638,50773139,-0.6788303791343229,chr10,50590669,50853202,ENSMUSG00000038774.8,+,Ascc3,protein_coding,2.25974035869637,1.75146876352948,1.40935309839232
chr2,63049855,63050356,-0.521829774457129,chr2,62691414,63186287,ENSMUSG00000059742.6,-,Kcnh7,protein_coding,2.59590008147765,1.88365508530529,1.80635397117889
chr9,96340115,96340616,-0.3194514046384419,chr9,96330655,96366442,ENSMUSG00000032412.8,-,Atp1b3,protein_coding,2.57722454132313,1.6655476543752,2.06440453849016
chrX,16911380,16911881,-0.8704386657702294,chrX,16883521,16913774,ENSMUSG00000040138.7,-,Ndp,protein_coding,2.09788567735723,1.37473774646842,1.14468584986794
chr1,21739597,21740098,-0.7435737163681847,chr1,21396403,21963942,ENSMUSG00000028033.12,-,Kcnq5,protein_coding,1.99828279653315,1.14341168336075,1.19100261835971
chr8,68687729,68688230,-0.6305563159409218,chr8,68354781,68737146,ENSMUSG00000036356.10,-,Csgalnact1,protein_coding,6.59869085459546,4.67939579086366,4.2611427012425
chr3,61363109,61363610,-0.5005299006907609,chr3,61359638,61370430,ENSMUSG00000036894.3,+,Rap2b,protein_coding,11.7282392170357,7.97083520308132,8.29070156002618
chr3,61363109,61363610,-0.5005299006907609,chr3,61360250,61367951,ENSMUSG00000053706.2,-,B430305J03Rik,protein_coding,11.7282392170357,7.97083520308132,8.29070156002618
chr3,61363109,61363610,-0.5005299006907609,chr3,61356549,61363897,ENSMUSG00000103473.1,-,RP23-390C13.3,antisense,11.7282392170357,7.97083520308132,8.29070156002618
chr4,40722219,40722720,-0.3734054473387235,chr4,40718154,40724398,ENSMUSG00000097123.1,-,Gm6297,lincRNA,28.2436418936789,23.4168069025847,21.8085812784088
chr4,40722219,40722720,-0.3734054473387235,chr4,40720917,40724995,ENSMUSG00000065452.1,+,Mir207,miRNA,28.2436418936789,23.4168069025847,21.8085812784088
chr4,40722219,40722720,-0.3734054473387235,chr4,40720150,40739149,ENSMUSG00000028410.9,+,Dnaja1,protein_coding,28.2436418936789,23.4168069025847,21.8085812784088
chr3,76074249,76074750,-0.6006705081849181,chr3,76072270,76712019,ENSMUSG00000034098.10,+,Fstl5,protein_coding,4.45722891687769,2.8486152342687,2.93780645862061
chr17,90551279,90551780,-0.4679612317478464,chr17,90031644,91094805,ENSMUSG00000024109.14,-,Nrxn1,protein_coding,2.25351517864486,1.91670166574924,1.62770357842493
chr5,48001045,48001546,-0.9125027253367732,chr5,48001066,48007707,ENSMUSG00000092309.1,-,4930518C09Rik,processed_transcript,1.94848135612111,1.36151911429084,1.03220226924508
chr5,48001045,48001546,-0.9125027253367732,chr5,47981155,48308282,ENSMUSG00000031558.11,+,Slit2,protein_coding,1.94848135612111,1.36151911429084,1.03220226924508
chr6,54391705,54392206,-0.2657349401421454,chr6,54267681,54432221,ENSMUSG00000073067.6,-,9130019P16Rik,lincRNA,4.92411742074057,4.79836348046189,4.09572567091477
chr8,92356241,92356742,-0.3949294657614128,chr8,92324038,92358120,ENSMUSG00000031736.6,-,Crnde,lincRNA,7.76902470427842,5.9682124281778,5.90869632330677
chr8,92356241,92356742,-0.3949294657614128,chr8,92355796,92363456,ENSMUSG00000031737.10,+,Irx5,protein_coding,7.76902470427842,5.9682124281778,5.90869632330677
chr5,128755747,128756248,-0.2780200887718185,chr5,128734246,128757474,ENSMUSG00000029423.6,+,Piwil1,protein_coding,1.30106263076458,1.02444399376252,1.07190235652374
chr2,43785080,43785581,-0.6884080087693252,chr2,43746824,44397953,ENSMUSG00000049744.11,+,Arhgap15,protein_coding,3.084961008882808,2.6559374070691018,2.939641220840865
chr10,77903370,77903871,-0.3967712264384564,chr10,77895575,77904536,ENSMUSG00000051652.4,-,Lrrc3,protein_coding,1.54384465277328,1.38134706255721,1.17115257472038
chr14,117938494,117938995,-0.5360722309535032,chr14,116923297,117981529,ENSMUSG00000058571.6,+,Gpc6,protein_coding,3.64795551018202,2.45866558503006,2.5143388609816
chr1,91943059,91943560,-0.3798612597456995,chr1,91926779,92182341,ENSMUSG00000026313.11,-,Hdac4,protein_coding,2.26596553874787,1.85060850486133,1.74018715904779
chr14,115232945,115233446,-0.8004761076026621,chr14,115090215,116527179,ENSMUSG00000022112.10,+,Gpc5,protein_coding,1.99828279653315,1.54657996477697,1.14468584986794
chr13,17804297,17804798,-0.4675327199810991,chr13,17713962,17807097,ENSMUSG00000041297.7,-,Cdk13,protein_coding,8.90200747365236,7.09179616327218,6.43803082035552
chr2,102356821,102357322,-0.560643802794415,chr2,102298119,102409828,ENSMUSG00000027189.12,-,Trim44,protein_coding,8.78372905267376,7.1512800080713,5.95501309179853
chr14,74797995,74798496,-0.3475978769568705,chr14,74752674,74949877,ENSMUSG00000068015.6,-,Lrch1,protein_coding,2.09788567735723,1.8770457692165,1.64755362206426
chr2,58662270,58662771,-0.5338758662476142,chr2,58565298,58794971,ENSMUSG00000026839.12,+,Upp2,protein_coding,5.98862320954795,4.61330262997575,4.13542575819342
chr13,76878975,76879476,-0.710599679533281,chr13,76382535,77033810,ENSMUSG00000021596.12,+,Mctp1,protein_coding,2.89470872394989,1.81095260832859,1.76665388390023
chr1,183345260,183345761,-0.3357023489351076,chr1,183324725,183371553,ENSMUSG00000056050.8,-,Mia3,protein_coding,17.2810998229783,15.5252834925688,13.6965301111366
chr10,128804207,128804708,-0.2685858556587405,chr10,128798036,128806370,ENSMUSG00000047090.9,-,Tmem198b,protein_coding,11.8340672779113,10.0792070354055,9.82577160146758
chr10,128804207,128804708,-0.2685858556587405,chr10,128803676,128821446,ENSMUSG00000025354.4,+,Dnajc14,protein_coding,11.8340672779113,10.0792070354055,9.82577160146758
chr12,10390530,10391031,-0.4640982425929828,chr12,10388780,10397562,ENSMUSG00000020621.5,+,Rdh14,protein_coding,18.3518307918372,13.5226607176653,13.3061459195632
chr12,10390530,10391031,-0.4640982425929828,chr12,10367973,10392173,ENSMUSG00000020622.11,+,Nt5c1b,protein_coding,18.3518307918372,13.5226607176653,13.3061459195632
chr1,164450021,164450522,-0.4532448311913339,chr1,164435109,164460355,ENSMUSG00000026576.8,-,Atp1b1,protein_coding,4.69378575883488,3.53598410750291,3.42744086839071
chr5,90366360,90366861,-0.4633635737432792,chr5,90365204,90370487,ENSMUSG00000054945.3,+,Gm9958,protein_coding,27.0608576838929,21.9164921504292,19.6316931592958
chr5,90366360,90366861,-0.4633635737432792,chr5,90225190,90368185,ENSMUSG00000055204.10,-,Ankrd17,protein_coding,27.0608576838929,21.9164921504292,19.6316931592958
chr3,55452677,55453178,-0.4795433180606671,chr3,55240526,55541064,ENSMUSG00000027797.11,+,Dclk1,protein_coding,3.2102492564690563,2.2958777507622083,2.373736000822452
chr12,80518714,80519215,-0.34877691918142,chr12,80507951,80520916,ENSMUSG00000097801.1,-,Gm26777,lincRNA,12.064398939817,11.0045112878361,9.47508749717277
chr12,80518714,80519215,-0.34877691918142,chr12,80516990,80605896,ENSMUSG00000021130.7,+,Galnt16,protein_coding,12.064398939817,11.0045112878361,9.47508749717277
chr3,31310094,31310595,-0.4439551704019365,chr3,31200858,31312378,ENSMUSG00000069072.5,-,Slc7a14,protein_coding,13.8323500744444,10.5286405294432,10.1698390245493
chr3,31310094,31310595,-0.4439551704019365,chr3,31283587,31318891,ENSMUSG00000085953.2,+,Gm15496,antisense,13.8323500744444,10.5286405294432,10.1698390245493
chr15,27596392,27596893,-0.5361753493449192,chr15,27464677,27596909,ENSMUSG00000022265.6,+,Ank,protein_coding,4.1086188339934,3.44345368225984,2.83193955921086
chr6,137753706,137754207,-0.4657026636731418,chr6,137733078,137753932,ENSMUSG00000030224.10,+,Strap,protein_coding,1.811527394988,1.91009234966045,1.31010288019568
chr6,137753706,137754207,-0.4657026636731418,chr6,137752542,137839891,ENSMUSG00000030225.9,+,Dera,protein_coding,1.811527394988,1.91009234966045,1.31010288019568
chr2,45159678,45160179,-0.4397497282016421,chr2,45154925,45170467,ENSMUSG00000100135.1,+,Gm28643,lincRNA,3.727840022412603,3.347426498245574,3.30734378848961
chr1,135687241,135687742,-0.3351937971590524,chr1,135604447,135690105,ENSMUSG00000090399.1,-,Nav1,lincRNA,1.17033384968297,1.01783467767373,0.926335369835327
chr18,7626110,7626611,-0.5849280673082687,chr18,7345962,7628863,ENSMUSG00000057440.7,-,Mpp7,protein_coding,1.89867991570907,1.30864458558051,1.26378611170391
chr4,87218145,87218646,-0.4045022064305011,chr4,86981124,87232477,ENSMUSG00000037996.13,-,Slc24a2,protein_coding,4.2135913053196585,3.334780071547883,2.9596989430829197
chr11,62911279,62911780,-0.3160445857777876,chr11,62877455,62918780,ENSMUSG00000014177.6,+,Tvp23b,protein_coding,4.66265985857736,4.88428458961616,3.74504156661997
chr12,64965985,64966486,-0.4019240960120414,chr12,64940440,64967536,ENSMUSG00000020948.8,-,Klhl28,protein_coding,9.44982331818481,6.85386078407573,7.15263239137135
chr12,64965985,64966486,-0.4019240960120414,chr12,64963742,65024573,ENSMUSG00000035614.10,+,Fam179b,protein_coding,9.44982331818481,6.85386078407573,7.15263239137135
chr3,9249613,9250114,-0.5169796589856502,chr3,9248602,9287333,ENSMUSG00000069114.8,+,Zbtb10,protein_coding,15.0524853645394,12.0025180172435,10.5205231288441
chr1,15483395,15483896,-0.6174866361450848,chr1,15285254,15725750,ENSMUSG00000092083.4,+,Kcnb2,protein_coding,26.4694655789999,17.3626733652526,17.2563046037895
chr10,95940913,95941414,-0.3240722060204139,chr10,95938663,96047518,ENSMUSG00000036499.8,+,Eea1,protein_coding,6.8912743170162,5.73688636507014,5.50507876930709
chr14,121035987,121036488,-0.2738609650526735,chr14,121033200,121285744,ENSMUSG00000025555.10,+,Farp1,protein_coding,3.16861664621612,3.31126736048403,2.62020576039135
chr15,64382567,64383068,-0.2940023269610754,chr15,64084857,64384919,ENSMUSG00000022377.12,-,Asap1,protein_coding,11.7282392170357,9.50419653568071,9.56772103415631
chrX,52164053,52164554,-0.6650193230374949,chrX,52051021,52167252,ENSMUSG00000031119.4,-,Gpc4,protein_coding,2.12278639756326,1.62589175784246,1.33656960504811
chr10,4386797,4387298,-0.3688594091777247,chr10,4365074,4390108,ENSMUSG00000075327.5,-,Zbtb2,protein_coding,38.6521429397955,30.977864508161,29.9404824893204
chr14,29996289,29996790,-0.3070761220559014,chr14,29994141,30010896,ENSMUSG00000015966.12,-,Il17rb,protein_coding,3.7946357926922643,3.766687390333164,3.7618237260334983
chr12,38780007,38780508,-0.5636019494231699,chr12,38777380,38870215,ENSMUSG00000004151.12,+,Etv1,protein_coding,11.8029413776538,8.84987424289045,7.98633422422314
chr18,12941611,12942112,-0.3258298568505141,chr18,12753314,12943841,ENSMUSG00000044252.13,-,Osbpl1a,protein_coding,6.99087719784028,7.04553095065065,5.57786226265129
chr7,64723279,64723780,-0.2696202486864354,chr7,64499706,64755870,ENSMUSG00000030519.10,+,Apba2,protein_coding,2.57722454132313,2.24055815409997,2.13718803183436
chr6,38253446,38253947,-0.3450446257250318,chr6,38121174,38256009,ENSMUSG00000063455.12,-,D630045J12Rik,protein_coding,4.29537423553855,3.65495179710113,3.38112409989894
chr2,121448961,121449462,-0.2544085224693552,chr2,121448670,121452770,ENSMUSG00000080374.1,-,Gm22953,miRNA,30.3228520308816,26.2191569242318,25.4279059019797
chr2,121448961,121449462,-0.2544085224693552,chr2,121437059,121458781,ENSMUSG00000046110.11,-,Serinc4,protein_coding,30.3228520308816,26.2191569242318,25.4279059019797
chr2,121448961,121449462,-0.2544085224693552,chr2,121447195,121460313,ENSMUSG00000074884.8,+,Serf2,protein_coding,30.3228520308816,26.2191569242318,25.4279059019797
chr1,151428291,151428792,-0.5070122960499112,chr1,151426542,151460161,ENSMUSG00000053286.7,+,Trmt1l,protein_coding,39.1626077040189,29.7881876121787,27.5650939338141
chr1,151428291,151428792,-0.5070122960499112,chr1,151365699,151430455,ENSMUSG00000052748.10,-,Swt1,protein_coding,39.1626077040189,29.7881876121787,27.5650939338141
chr6,35098606,35099107,-0.6705028393675774,chr6,35020066,35135737,ENSMUSG00000038784.9,-,Cnot4,protein_coding,4.86809080027703,2.86844318253507,3.05690672045658
chr18,57282693,57283194,-0.720882652795142,chr18,57131090,57299467,ENSMUSG00000024593.11,+,Megf10,protein_coding,2.18503819807831,1.29542595340293,1.3233362426219
chr1,138507577,138508078,-0.6494683195029796,chr1,138480875,138622141,ENSMUSG00000026393.6,-,Nek7,protein_coding,1.70569933411241,1.02444399376252,1.08513571894995
chr6,30477062,30477563,-0.3480625484889622,chr6,30477053,30511783,ENSMUSG00000029782.14,-,Tmem209,protein_coding,2.93205980425892,3.11298787782032,2.3026050621621
chr4,66367726,66368227,-0.6052917191861577,chr4,65378803,66406611,ENSMUSG00000028373.12,-,Astn2,protein_coding,8.33551608896539,4.50755357255511,5.47861204445465
chr1,163929044,163929545,-0.35217323763322,chr1,163927100,163957126,ENSMUSG00000026584.10,+,Scyl3,protein_coding,3.54835262935793,3.07994129737636,2.77900610950598
chr13,68946265,68946766,-0.6079218740133077,chr13,68618043,69001541,ENSMUSG00000021536.7,-,Adcy2,protein_coding,1.55629501287629,1.27559800513656,1.01896890681886
chr13,100015426,100015927,-0.4542369934089692,chr13,99946533,100017639,ENSMUSG00000021646.8,-,Mccc2,protein_coding,18.2086516506526,15.2939574294612,13.2929125571369
chr7,34774930,34775431,-0.3013227038793065,chr7,34672468,34814711,ENSMUSG00000060402.6,-,Chst8,protein_coding,5.705628130488291,5.271523054012519,4.040255282929319
chr13,117863445,117863946,-0.6434129274404319,chr13,117600480,117978802,ENSMUSG00000021730.7,+,Hcn1,protein_coding,1.96715689627563,1.24255142469261,1.2571694304908
chr5,9725920,9726421,-0.4942769484268821,chr5,9483236,9727352,ENSMUSG00000003974.5,-,Grm3,protein_coding,15.4695724279903,11.7315360576031,10.9836908137617
chr14,8577672,8578173,-0.788082890701657,chr14,8429192,8668240,ENSMUSG00000021747.11,-,4930452B06Rik,protein_coding,2.68927778225022,1.69198491873036,1.55492008508073
chr8,124672190,124672691,-0.4525528041823553,chr8,124669335,124723983,ENSMUSG00000037300.13,-,Ttc13,protein_coding,4.332303093816944,2.8202166871396366,3.4932257341529556
chr15,73185391,73185892,-0.3212045607231997,chr15,73093844,73186840,ENSMUSG00000036698.10,-,Ago2,protein_coding,8.9518089140644,8.10963084094592,7.16586575379757
chr18,16808591,16809092,-0.4747104698054162,chr18,16586877,16811246,ENSMUSG00000024304.10,-,Cdh2,protein_coding,18.2024264706011,13.7407681485954,13.1010288019568
chr15,60821951,60822452,-0.5098136184855745,chr15,60820271,60833793,ENSMUSG00000097493.3,+,9930014A18Rik,processed_transcript,3.28066988714321,2.38596310805336,2.3026050621621
chr15,60821951,60822452,-0.5098136184855745,chr15,60816994,60855778,ENSMUSG00000072568.4,-,Fam84b,protein_coding,3.28066988714321,2.38596310805336,2.3026050621621
chr13,5861089,5861590,-0.5739385757027251,chr13,5859489,5872393,ENSMUSG00000000078.6,+,Klf6,protein_coding,43.0408948761066,29.9269832500433,28.9215135825015
chr5,49432989,49433490,-0.6030193968160562,chr5,48387502,49526904,ENSMUSG00000029088.12,-,Kcnip4,protein_coding,3.5842075523977983,2.9534560101712772,3.188053471837453
chr14,62867202,62867703,-0.4004407716630649,chr14,62863542,62867651,ENSMUSG00000098858.1,+,Mir6541,miRNA,3.676616957563602,1.7532655923904297,2.932431628366192
chr14,62867202,62867703,-0.4004407716630649,chr14,62835690,62958886,ENSMUSG00000014547.9,+,Wdfy2,protein_coding,3.676616957563602,1.7532655923904297,2.932431628366192
chr1,77487229,77487730,-0.3292405136054565,chr1,77365185,77517088,ENSMUSG00000026235.10,-,Epha4,protein_coding,4.732740278491479,3.343516720507197,3.521278789181433
chr10,56228453,56228954,-0.4242808794539676,chr10,56012298,56230689,ENSMUSG00000038122.8,-,Tbc1d32,protein_coding,23.3817762734533,18.4399918877254,17.4283383153304
chr16,22118757,22119258,-0.3674489460522532,chr16,22057009,22165299,ENSMUSG00000033581.12,-,Igf2bp2,protein_coding,1.74305041442144,1.69198491873036,1.34980296747433
chr10,25447079,25447580,-0.7023886337787622,chr10,25357798,25525519,ENSMUSG00000019978.11,+,Epb4.1l2,protein_coding,2.93205980425892,1.57962654522092,1.79973728996578
chr17,42419841,42420342,-0.6508751407172251,chr17,42313947,42509741,ENSMUSG00000042256.4,+,Ptchd4,protein_coding,2.6234355322615115,1.9997423808731718,3.1163471882452747
chr11,41904542,41905043,-0.6293769015635104,chr11,41708342,41975117,ENSMUSG00000087306.3,+,A230004M16Rik,processed_transcript,3.101398927009034,2.6511093113950626,3.0202600137440268
chr18,52896246,52896747,-0.7668030609948098,chr18,52765709,52917935,ENSMUSG00000024534.11,+,Sncaip,protein_coding,2.27841589885088,1.42761227517874,1.33656960504811
chr10,52233351,52233852,-0.4198985406715224,chr10,52231619,52323378,ENSMUSG00000019891.9,+,Dcbld1,protein_coding,13.0106263076458,9.23982389212909,9.72652138327093
chr15,25020864,25021365,-0.6775976926867765,chr15,24979620,25029358,ENSMUSG00000097452.1,-,Gm2824,lincRNA,2.03563387684218,1.51353338433302,1.27040279291702
chr19,61227066,61227567,-0.3194624960338867,chr19,61222402,61230418,ENSMUSG00000059326.6,-,Csf2ra,protein_coding,18.102823589777,15.0295847859095,14.5103819003491
chr6,6182068,6182569,-0.5950760226843519,chr6,6039218,6219173,ENSMUSG00000015112.11,-,Slc25a13,protein_coding,1.99205761648165,1.49370543606665,1.31671956140879
chr1,59763123,59763624,-0.2919048866469756,chr1,59761400,59881014,ENSMUSG00000067336.6,+,Bmpr2,protein_coding,19.1611041985328,16.4505877449995,15.655067750217
chr10,105364413,105364914,-0.7186883686264223,chr10,105185663,105576451,ENSMUSG00000036019.8,-,Tmtc2,protein_coding,5.75206636759076,4.40841383122325,3.49360768052181
chr10,38965395,38965896,-0.4503222426587866,chr10,38963515,39112188,ENSMUSG00000019846.7,+,Lama4,protein_coding,1.77417631467897,1.10375578682801,1.29686951776946
chr9,28539821,28540322,-0.3275402246156172,chr9,27788775,28927410,ENSMUSG00000062257.8,+,Opcml,protein_coding,1.48781803230973,1.07731852247285,1.1843859371466
chr12,116581802,116582303,-0.379468016659478,chr12,116483720,117278849,ENSMUSG00000056553.10,+,Ptprn2,protein_coding,1.63722235354585,2.31326063107667,1.2571694304908
chr9,72218528,72219029,-0.3233645486444239,chr9,72205706,72232306,ENSMUSG00000099190.1,-,Gm27188,lincRNA,4.1512945174219125,2.279901517365507,3.718172335577106
chr13,88821904,88822405,-0.4316631676621834,chr13,88819472,89325223,ENSMUSG00000034488.10,+,Edil3,protein_coding,2.79510584312581,2.35291652760941,2.07102121970327
chr8,13648214,13648715,-0.2590849224175236,chr8,13564950,13679603,ENSMUSG00000031453.11,-,Rasa3,protein_coding,4.86186562022552,3.79374743496573,4.06264226484922
chr1,170418081,170418582,-0.5204568686841587,chr1,170300668,170591861,ENSMUSG00000038473.10,-,Nos1ap,protein_coding,1.5687453729793,1.49370543606665,1.09175240016306
chr1,9545039,9545540,-0.5189810008907966,chr1,9543408,9549455,ENSMUSG00000061024.8,+,Rrs1,protein_coding,33.0059046330803,24.2760179941274,23.0392839840472
chr1,54926162,54926663,-0.2689880422605042,chr1,54643340,54928387,ENSMUSG00000052331.10,-,Ankrd44,protein_coding,6.30610739217471,5.47251372151852,5.2337948395696
chr13,44730325,44730826,-0.2925623047914658,chr13,44727474,44923643,ENSMUSG00000038518.11,+,Jarid2,protein_coding,30.179672889697,26.1596730794327,24.6471375188328
chr1,22526293,22526794,-0.5114672289121447,chr1,22284251,22807724,ENSMUSG00000041670.11,-,Rims1,protein_coding,18.0405717892619,13.06000859145,12.6577111606784
chr2,93978704,93979205,-0.459568618299401,chr2,93954817,93998354,ENSMUSG00000098004.1,-,Gm27027,protein_coding,1.63099717349435,1.70520355090794,1.1843859371466
chr2,93978704,93979205,-0.459568618299401,chr2,93978034,93985575,ENSMUSG00000027196.7,+,4921507L20Rik,processed_transcript,1.63099717349435,1.70520355090794,1.1843859371466
chr2,93978704,93979205,-0.459568618299401,chr2,93978550,94012807,ENSMUSG00000040174.10,-,Alkbh3,protein_coding,1.63099717349435,1.70520355090794,1.1843859371466
chr18,20714720,20715221,-0.6872373623787253,chr18,20682599,20748404,ENSMUSG00000056124.5,-,B4galt6,protein_coding,4.00901595316931,2.08854388405779,2.48787213612916
chr2,7054475,7054976,-0.3991449654187394,chr2,6537694,7511563,ENSMUSG00000002107.14,-,Celf2,protein_coding,2.95073534441344,2.31986994716546,2.236438250031
chr12,11407125,11407626,-0.7097877887767916,chr12,11323247,11438649,ENSMUSG00000054459.6,-,Vsnl1,protein_coding,2.88225836384688,2.00262277490351,1.76003720268712
chr6,105771703,105772204,-0.7881745903345718,chr6,105675660,106701310,ENSMUSG00000064293.10,+,Cntn4,protein_coding,3.1252788331456287,2.454870685845792,2.591997008956597
chr11,46035000,46035501,-0.6064891198127846,chr11,46034440,46038781,ENSMUSG00000082870.1,+,Gm12165,processed_pseudogene,2.94451016436193,1.83738987268375,1.93207091422797
chr5,34487215,34487716,-0.3546763545531311,chr5,34367933,34488456,ENSMUSG00000037210.12,+,Fam193a,protein_coding,1.99828279653315,1.81095260832859,1.56153676629384
chr1,174502429,174502930,-0.4807588933255294,chr1,174499825,174824729,ENSMUSG00000028354.9,+,Fmn2,protein_coding,11.2177744528123,8.10963084094592,8.03926767392802
chr1,95666784,95667285,-0.6142788910406796,chr1,95585682,95669571,ENSMUSG00000040710.6,-,St8sia4,protein_coding,4.19577135471447,2.75608480902563,2.73930602222732
chr8,66860896,66861397,-0.3920159274741996,chr8,66858217,66892564,ENSMUSG00000014907.9,+,Naf1,protein_coding,3.93431379255125,3.01384813648846,2.99735658953859
chr11,4720472,4720973,-0.2848737598128811,chr11,4702678,4739669,ENSMUSG00000009076.6,+,Zmat5,protein_coding,1.30728781081608,1.48709611997786,1.07190235652374
chr6,25689714,25690215,-0.5416738255754677,chr6,25666607,25692729,ENSMUSG00000039904.8,-,Gpr37,protein_coding,13.6082435925903,9.73552259878837,9.34937055412369
chr6,37297620,37298121,-0.4409824058721823,chr6,36844022,37302184,ENSMUSG00000038665.11,-,Dgki,protein_coding,6.478467725232214,4.988260488072317,5.874827678094129
chr10,119819588,119820089,-0.2991245424515306,chr10,119452034,120089261,ENSMUSG00000034813.12,+,Grip1,protein_coding,3.43629938843084,3.3310953087504,2.7922394719322
chr14,84444780,84445281,-0.6579490292198064,chr14,84441563,84539060,ENSMUSG00000035566.6,+,Pcdh17,protein_coding,13.8012241741869,8.66481339240432,8.74725256373073
chr13,17162070,17162571,-0.8338702154910398,chr13,16855855,17696732,ENSMUSG00000055137.6,-,Sugct,protein_coding,5.99484838959946,3.16586240653064,3.36127405625962
chr18,5027872,5028373,-0.400662793060993,chr18,4918540,5121299,ENSMUSG00000024236.13,+,Svil,protein_coding,1.96715689627563,1.32847253384689,1.48875327294963
chr4,46935739,46936240,-0.2778988488002448,chr4,46660318,46993873,ENSMUSG00000039809.9,-,Gabbr2,protein_coding,1.35708925122812,1.48709611997786,1.1182191250155
chr5,53834398,53834899,-0.6552803198372263,chr5,53807627,53906380,ENSMUSG00000039178.6,+,Tbc1d19,protein_coding,5.67113902692119,3.93254307283033,3.59947457993156
chr2,121955750,121956251,-0.3496966382677846,chr2,121951752,121958092,ENSMUSG00000074881.4,-,Mageb3,protein_coding,21.2340891556841,18.6052247899452,16.6674199758228
chr2,121955750,121956251,-0.3496966382677846,chr2,121954001,122015642,ENSMUSG00000033411.12,+,Ctdspl2,protein_coding,21.2340891556841,18.6052247899452,16.6674199758228
chr16,9615656,9616157,-0.3374898850232219,chr16,9575710,9996921,ENSMUSG00000059003.8,-,Grin2a,protein_coding,2.40914467993249,2.17446499321207,1.90560418937553
chr16,37082767,37083268,-0.4124291222021299,chr16,37009786,37097417,ENSMUSG00000034206.11,+,Polq,protein_coding,1.73682523436994,1.61928244175367,1.30348619898257
chr6,99617053,99617554,-0.3864339136691858,chr6,99255484,99668797,ENSMUSG00000030068.3,-,Gm20696,protein_coding,2.1725878379753,1.91670166574924,1.66078698449048
chr12,36208465,36208966,-0.5516209961048346,chr12,36206345,36255398,ENSMUSG00000020545.7,-,Lrrc72,protein_coding,5.90769586887839,4.19030640029316,4.02955885878367
chr1,54925579,54926080,-0.4780999011909984,chr1,54643340,54928387,ENSMUSG00000052331.10,-,Ankrd44,protein_coding,3.21841808662816,2.97419223995572,2.30922174337521
chr13,91460220,91460721,-0.4252368985027505,chr13,91458283,91705429,ENSMUSG00000003992.10,+,Ssbp2,protein_coding,9.75485714070857,7.36938743900138,7.26511597199421
chr10,64182691,64183192,-0.7367561719677456,chr10,63428098,65005667,ENSMUSG00000060843.7,+,Ctnna3,protein_coding,4.27047351533253,2.08854388405779,2.56065562947337
chr1,17085076,17085577,-0.628709759336182,chr1,16896185,17093631,ENSMUSG00000101640.1,+,Gm28376,antisense,4.228473028974856,4.202044555527007,4.693333310043503
chr1,17085076,17085577,-0.628709759336182,chr1,16962560,17099889,ENSMUSG00000042686.5,-,Jph1,protein_coding,4.228473028974856,4.202044555527007,4.693333310043503
chr2,61806971,61807472,-0.3697890721425137,chr2,61800930,61816114,ENSMUSG00000035033.11,+,Tbr1,protein_coding,5.74584118753925,4.2365716129147,4.44640977520957
chr18,53537372,53537873,-0.8203090271270269,chr18,53462546,53577907,ENSMUSG00000069378.9,+,Prdm6,protein_coding,2.44649576024152,1.53336133259939,1.38288637353988
chr10,98923849,98924350,-0.6809608669065166,chr10,98913152,99028143,ENSMUSG00000019943.9,+,Atp2b1,protein_coding,4.60663323811381,3.08655061346515,2.87163964648951
chr10,4386249,4386750,-0.3918250509834791,chr10,4365074,4390108,ENSMUSG00000075327.5,-,Zbtb2,protein_coding,8.80240459282828,6.93978189323,6.70931475009301
chr3,139024867,139025368,-0.4946502104508753,chr3,138923906,139077199,ENSMUSG00000028149.8,-,Rap1gds1,protein_coding,1.58742091313381,1.1103651029168,1.12483580622861
chr10,123477024,123477525,-0.748032153986569,chr10,123262076,123743204,ENSMUSG00000044071.7,+,Fam19a2,protein_coding,3.29312024724622,2.02906003925868,1.95853763908041
chr1,132945715,132946216,-0.3964619073744537,chr1,132941512,132947320,ENSMUSG00000102709.1,-,RP23-393D20.1,TEC,4.88676634043154,4.36875793469051,3.71195816055442
chr2,80550102,80550603,-0.471930133950792,chr2,80547712,80552396,ENSMUSG00000081487.1,-,Gm13689,processed_pseudogene,1.38821515148565,1.16323963162712,0.999118863179531
chr2,80550102,80550603,-0.471930133950792,chr2,80498512,80583380,ENSMUSG00000027002.9,-,Nckap1,protein_coding,1.38821515148565,1.16323963162712,0.999118863179531
chr3,142881887,142882388,-0.477695383522736,chr3,142880495,142896644,ENSMUSG00000097858.1,+,9530052C20Rik,lincRNA,41.727381885239,31.1232694621144,29.9735658953859
chr3,142881887,142882388,-0.477695383522736,chr3,142788902,142884004,ENSMUSG00000004591.12,-,Pkn2,protein_coding,41.727381885239,31.1232694621144,29.9735658953859
chr2,44131200,44131701,-0.6827156438292032,chr2,43746824,44397953,ENSMUSG00000049744.11,+,Arhgap15,protein_coding,2.2858151490102987,1.835578490636068,2.3757045283289013
chr18,46741062,46741563,-0.4507843250792431,chr18,46730417,46743579,ENSMUSG00000032905.4,-,Atg12,protein_coding,9.26929309669116,7.58749486993147,6.78209824343722
chr18,46741062,46741563,-0.4507843250792431,chr18,46739917,46792826,ENSMUSG00000024480.7,+,Ap3s1,protein_coding,9.26929309669116,7.58749486993147,6.78209824343722
chr3,67952309,67952810,-0.4286263497299316,chr3,67890220,68058593,ENSMUSG00000051777.6,+,Iqcj,protein_coding,2.47762166049905,1.89687371748287,1.83943737724444
chr3,67952309,67952810,-0.4286263497299316,chr3,67890232,68628466,ENSMUSG00000102422.1,+,SCHIP1,protein_coding,2.47762166049905,1.89687371748287,1.83943737724444
chr6,77979425,77979926,-0.4786404363973952,chr6,76879637,77981699,ENSMUSG00000063063.8,-,Ctnna2,protein_coding,27.247613085438,20.2906003925868,19.5589096659516
chr1,69548119,69548620,-0.8421133974453754,chr1,69511932,69549707,ENSMUSG00000101156.1,+,Gm29114,antisense,4.4759044570322,2.80235002164716,2.49448881734227
chr1,69548119,69548620,-0.8421133974453754,chr1,69529214,69689245,ENSMUSG00000025997.9,-,Ikzf2,protein_coding,4.4759044570322,2.80235002164716,2.49448881734227
chr3,152210139,152210640,-0.4370435409909201,chr3,152176511,152212279,ENSMUSG00000028035.9,-,Dnajb4,protein_coding,39.0007530226798,29.5700801812486,28.8156466830918
chr3,152210139,152210640,-0.4370435409909201,chr3,152208458,152238830,ENSMUSG00000028034.11,+,Fubp1,protein_coding,39.0007530226798,29.5700801812486,28.8156466830918
chr11,3505309,3505810,-0.3100224633575874,chr11,3492375,3506821,ENSMUSG00000034570.8,-,Inpp5j,protein_coding,4.184689724516725,3.5315924038192232,2.923519151177473
chr1,180167054,180167555,-0.2991955989216556,chr1,180163238,180201602,ENSMUSG00000026489.9,-,Adck3,protein_coding,2.08543531725422,2.09515320014658,1.69387039055603
chr1,180167054,180167555,-0.2991955989216556,chr1,179958472,180167603,ENSMUSG00000026490.13,+,Cdc42bpa,protein_coding,2.08543531725422,2.09515320014658,1.69387039055603
chr9,78481567,78482068,-0.5069111504392491,chr9,78476449,78491151,ENSMUSG00000037742.10,-,Eef1a1,protein_coding,41.0114861793159,28.8430554114816,28.8685801327967
chr1,185287676,185288177,-0.3868211623739369,chr1,185282726,185331396,ENSMUSG00000026618.7,-,Iars2,protein_coding,3.7148614262868307,3.3239745032525585,2.3517140666405836
chr1,185287676,185288177,-0.3868211623739369,chr1,185202117,185288759,ENSMUSG00000039318.8,+,Rab3gap2,protein_coding,3.7148614262868307,3.3239745032525585,2.3517140666405836
chr15,20239000,20239501,-0.9733060043989732,chr15,20237299,20242650,ENSMUSG00000102810.1,-,RP23-75H23.1,TEC,1.8135635447121428,1.9229468763945345,2.25077632230199
chr12,90862184,90862685,-0.7557772216493202,chr12,90751208,90971768,ENSMUSG00000097071.1,-,4930544I03Rik,lincRNA,2.65192670194119,1.6655476543752,1.56815344750695
chr17,69157329,69157830,-0.2719262494046177,chr17,69154810,69291985,ENSMUSG00000024044.11,+,Epb4.1l3,protein_coding,5.69603974712721,4.93715911832649,4.71769370494706
chr3,63963939,63964440,-0.5286332441516088,chr3,63931507,63966768,ENSMUSG00000027822.12,-,Slc33a1,protein_coding,5.52795988573657,4.38858588295688,3.83105842239039
chr3,63963939,63964440,-0.5286332441516088,chr3,63961633,63970659,ENSMUSG00000097724.2,+,Gm26850,antisense,5.52795988573657,4.38858588295688,3.83105842239039
chr12,38608057,38608558,-0.6205307726050819,chr12,37878705,38635410,ENSMUSG00000036095.10,+,Dgkb,protein_coding,4.29537423553855,3.03367608475483,2.7922394719322
chr10,62650320,62650821,-0.4187979695206874,chr10,62614023,62653218,ENSMUSG00000020076.6,-,Ddx50,protein_coding,3.54835262935793,3.50293752705895,2.6532891664569
chr5,50015895,50016396,-0.6268305158232479,chr5,49957951,50060996,ENSMUSG00000029090.8,-,Gpr125,protein_coding,2.2401306933747556,2.273693933696328,2.1001550170951737
chr3,59343643,59344144,-0.62250127190271,chr3,59314735,59346394,ENSMUSG00000036334.8,-,Igsf10,protein_coding,1.64344753359736,1.28881663731414,1.06528567531063
chr3,59343643,59344144,-0.62250127190271,chr3,59342271,59353167,ENSMUSG00000103668.1,+,RP23-314I1.1,antisense,1.64344753359736,1.28881663731414,1.06528567531063
chr2,38346293,38346794,-0.341594315173166,chr2,38345357,38350316,ENSMUSG00000098383.1,-,Gm27197,antisense,2.7764303029713,2.31326063107667,2.19012148153924
chr2,38346293,38346794,-0.341594315173166,chr2,38337281,38371733,ENSMUSG00000000247.7,+,Lhx2,protein_coding,2.7764303029713,2.31326063107667,2.19012148153924
chr16,60398753,60399254,-0.4210521105387615,chr16,60395920,60400322,ENSMUSG00000087636.1,-,Gm4660,processed_pseudogene,3.9098876417278055,2.8107893919040583,2.8118312791911904
chr16,60398753,60399254,-0.4210521105387615,chr16,59651483,60607531,ENSMUSG00000055540.11,-,Epha6,protein_coding,3.9098876417278055,2.8107893919040583,2.8118312791911904
chr13,76383567,76384068,-0.4253154403020939,chr13,76382535,77033810,ENSMUSG00000021596.12,+,Mctp1,protein_coding,1.4504669520007,1.42761227517874,1.07851903773685
chr5,92905402,92905903,-0.389179290408003,chr5,92681435,92967318,ENSMUSG00000029381.11,+,Shroom3,protein_coding,1.63099717349435,1.79112466006222,1.24393606806458
chr13,109116805,109117306,-0.3864339136691856,chr13,108447948,109955461,ENSMUSG00000021699.13,+,Pde4d,protein_coding,3.72888285085158,2.88827113080144,2.85178960285019
chr13,21779210,21779711,-0.4870534601679463,chr13,21777883,21782625,ENSMUSG00000058773.2,-,Hist1h1b,protein_coding,13.3156601301695,9.72891328269958,9.50155422202521
chr13,84056239,84056740,-1.0824277267790854,chr13,84023297,84066772,ENSMUSG00000098087.1,-,Gm17750,lincRNA,1.563851647867176,1.4889718589192618,1.2490033789309198
chr8,106710501,106711002,-0.4574988187402846,chr8,106681068,106853439,ENSMUSG00000041949.5,+,Tango6,protein_coding,3.118703321068587,1.8225872868787267,2.5891126330027325
chr2,58704839,58705340,-0.7821060880810984,chr2,58565298,58794971,ENSMUSG00000026839.12,+,Upp2,protein_coding,1.83642811519402,1.48048680388907,1.06528567531063
chr2,58704839,58705340,-0.7821060880810984,chr2,58703769,58737396,ENSMUSG00000086129.1,+,Gm13558,sense_intronic,1.83642811519402,1.48048680388907,1.06528567531063
chr17,70387878,70388379,-0.457936861871292,chr17,69967073,70823413,ENSMUSG00000003279.12,+,Dlgap1,protein_coding,3.219938116873096,2.646971970975042,2.283153819942665
chr18,16809096,16809597,-0.500907293724714,chr18,16586877,16811246,ENSMUSG00000024304.10,-,Cdh2,protein_coding,14.3614903788224,11.0441671843689,10.1499889809099
chr10,119737879,119738380,-0.5561112208811896,chr10,119452034,120089261,ENSMUSG00000034813.12,+,Grip1,protein_coding,2.25974035869637,1.98940414272593,1.5350700414414
chr5,44537239,44537740,-0.3227866946449824,chr5,44470133,44801707,ENSMUSG00000039706.7,-,Ldb2,protein_coding,2.50874756075657,2.05549730361384,2.00485440757217
chr16,49698405,49698906,-0.4877500712247177,chr16,49697233,49767126,ENSMUSG00000032965.6,+,Ift57,protein_coding,4.13974473425092,3.29804872830645,2.95103982104683
chr2,14643492,14643993,-0.3719343439740706,chr2,14601088,14989908,ENSMUSG00000057914.11,+,Cacnb2,protein_coding,4.0843217872573945,3.2214292723261666,3.1461057075245416
chr8,109250232,109250733,-0.4466160845621766,chr8,109073222,109275811,ENSMUSG00000097393.3,+,D030068K23Rik,lincRNA,2.77020512291979,2.30665131498788,2.03132113242461
chr14,56168526,56169027,-0.3901712128860211,chr14,56163797,56176596,ENSMUSG00000015443.8,-,Gzmn,protein_coding,2.5336482809626,2.26699541845513,1.93207091422797
chr14,14347212,14347713,-0.4618413163272079,chr14,14344495,14357490,ENSMUSG00000068758.7,+,Il3ra,protein_coding,8.95803409411591,6.53000429572499,6.50419763248662
chr7,84143024,84143525,-0.2960499384878014,chr7,84107356,84153893,ENSMUSG00000038459.9,-,Abhd17c,protein_coding,1.78040149473047,1.87043645312771,1.44905318567098
chr7,114100991,114101492,-0.3666786185225754,chr7,114044785,114119781,ENSMUSG00000055723.5,-,Rras2,protein_coding,1.69947415406091,1.37473774646842,1.31671956140879
chr6,99320457,99320958,-0.3933927719102429,chr6,98923338,99524721,ENSMUSG00000030067.13,-,Foxp1,protein_coding,1.5749705530308,1.49370543606665,1.19761929957282
chr6,99320457,99320958,-0.3933927719102429,chr6,99255484,99668797,ENSMUSG00000030068.3,-,Gm20696,protein_coding,1.5749705530308,1.49370543606665,1.19761929957282
chr5,90365679,90366180,-0.3435860659754406,chr5,90365204,90370487,ENSMUSG00000054945.3,+,Gm9958,protein_coding,9.56187655911191,8.22859853054415,7.5363999017317
chr5,90365679,90366180,-0.3435860659754406,chr5,90225190,90368185,ENSMUSG00000055204.10,-,Ankrd17,protein_coding,9.56187655911191,8.22859853054415,7.5363999017317
chr13,17992606,17993107,-0.5245629910380323,chr13,17984640,17995351,ENSMUSG00000075054.4,-,Yae1d1,protein_coding,5.17934980285228,4.0250734980734,3.59947457993156
chr1,177014896,177015397,-0.3581458492792348,chr1,176812660,177022437,ENSMUSG00000026504.13,+,Sdccag8,protein_coding,4.93656778084358,4.46128835993357,3.85090846602972
chr14,60747714,60748215,-0.330593548593171,chr14,60632001,60766556,ENSMUSG00000021990.11,+,Spata13,protein_coding,2.93828498431043,2.25377678627755,2.33568846822765
chr10,119454114,119454615,-0.2775368446729624,chr10,119427367,119457379,ENSMUSG00000085454.1,-,Grip1os3,antisense,3.64173033013051,3.00062950431088,3.0039732707517
chr10,119454114,119454615,-0.2775368446729624,chr10,119452034,120089261,ENSMUSG00000034813.12,+,Grip1,protein_coding,3.64173033013051,3.00062950431088,3.0039732707517
chr6,31704286,31704787,-0.5314125579812671,chr6,31603211,31745316,ENSMUSG00000086804.3,+,Gm13847,lincRNA,1.3321885310221,1.05749057420648,0.919718688622218
chr15,11897168,11897669,-0.5791224456270632,chr15,11837896,11907674,ENSMUSG00000022206.6,-,Npr3,protein_coding,3.27444470709171,2.0158414070811,2.19012148153924
chr4,103946337,103946838,-0.4681212644757851,chr4,103617359,104746844,ENSMUSG00000028519.12,+,Dab1,protein_coding,4.028944932534071,3.1098023631615552,2.6352568510287773
chrX,48623201,48623702,-0.5273888626080497,chrX,48621413,48664294,ENSMUSG00000031105.12,+,Slc25a14,protein_coding,12.730493205328,9.50419653568071,8.83326941950116
chr9,121591951,121592452,-0.2535396431718404,chr9,121584997,121616255,ENSMUSG00000084995.3,+,Lyzl4os,antisense,2.47762166049905,2.41240037240852,2.07763790091638
chr9,121591951,121592452,-0.2535396431718404,chr9,121575843,121644096,ENSMUSG00000032530.9,-,Lyzl4,protein_coding,2.47762166049905,2.41240037240852,2.07763790091638
chr2,30954772,30955273,-0.2952225043428886,chr2,30950959,30961015,ENSMUSG00000026848.10,+,Tor1b,protein_coding,4.323477571833871,3.7896797480935347,3.001776840396508
chr4,34964899,34965400,-0.5187487844258947,chr4,34960220,34968965,ENSMUSG00000086792.1,+,Gm12364,antisense,3.8041547291769002,2.3815255112752705,2.6827098055038148
chr4,34964899,34965400,-0.5187487844258947,chr4,34947074,35159484,ENSMUSG00000073910.6,-,Mob3b,protein_coding,3.8041547291769002,2.3815255112752705,2.6827098055038148
chr16,42330241,42330742,-0.4839909916412391,chr16,42246442,42342651,ENSMUSG00000047261.9,-,Gap43,protein_coding,2.31576697915991,1.98940414272593,1.65417030327737
chr14,102982504,102983005,-0.4626790235278537,chr14,102974581,102984637,ENSMUSG00000098557.1,-,Kctd12,protein_coding,15.4259961676298,11.0309485521913,11.1954246125812
chr14,102982504,102983005,-0.4626790235278537,chr14,102976220,102984528,ENSMUSG00000097142.1,+,Gm26778,lincRNA,15.4259961676298,11.0309485521913,11.1954246125812
chr14,102982504,102983005,-0.4626790235278537,chr14,102976220,102984528,ENSMUSG00000104139.1,-,AC102815.1,pseudogene,15.4259961676298,11.0309485521913,11.1954246125812
chr14,102982504,102983005,-0.4626790235278537,chr14,102980549,102984632,ENSMUSG00000092901.1,-,Mir5130,miRNA,15.4259961676298,11.0309485521913,11.1954246125812
chr1,105990776,105991277,-0.4065255761954002,chr1,105977350,105992282,ENSMUSG00000099843.1,-,Gm7160,lincRNA,13.1973817091909,11.0309485521913,9.95810522572977
chr1,105990776,105991277,-0.4065255761954002,chr1,105988406,106036074,ENSMUSG00000038866.11,+,Zcchc2,protein_coding,13.1973817091909,11.0309485521913,9.95810522572977
chr8,48843475,48843976,-0.514240938808756,chr8,48841665,48871901,ENSMUSG00000100706.2,+,Gm19744,processed_transcript,10.7633363090524,7.83864888130551,7.5363999017317
chr8,48843475,48843976,-0.514240938808756,chr8,48225682,48846026,ENSMUSG00000031561.11,-,Tenm3,protein_coding,10.7633363090524,7.83864888130551,7.5363999017317
chr17,53478421,53478922,-0.3850818095019044,chr17,53477234,53509671,ENSMUSG00000017831.7,+,Rab5a,protein_coding,7.37061318098209,6.50356703136983,5.64402907478239
chr1,139421968,139422469,-0.4285101532864979,chr1,139420383,139455007,ENSMUSG00000033964.8,+,Zbtb41,protein_coding,23.2634978524747,17.75923233058,17.2893880098551
chr12,61524290,61524791,-0.5010855417366264,chr12,61521150,61860342,ENSMUSG00000035653.12,+,Lrfn5,protein_coding,7.44531534160016,5.16187586534536,5.26026156442204
chr11,25989264,25989765,-0.606500871349571,chr11,25600763,26212763,ENSMUSG00000032985.11,-,5730522E02Rik,protein_coding,2.60212526152915,2.07532525188021,1.70710375298225
chr12,51829371,51829872,-0.344657776956869,chr12,51741722,51831536,ENSMUSG00000035247.11,-,Hectd1,protein_coding,16.1792429538619,14.1968109587219,12.7437280164489
chr14,77718764,77719265,-0.4254539811425414,chr14,77154763,77723760,ENSMUSG00000022012.8,+,Enox1,protein_coding,2.36556841957196,1.6655476543752,1.76003720268712
chr9,87730257,87730758,-0.4418937601959837,chr9,87727285,87734090,ENSMUSG00000103710.1,+,RP23-353O7.5,TEC,4.43232819667166,3.60207726839081,3.26202383806297
chr9,87730257,87730758,-0.4418937601959837,chr9,87700800,87733260,ENSMUSG00000032419.8,-,Tbx18,protein_coding,4.43232819667166,3.60207726839081,3.26202383806297
chr1,71891782,71892283,-0.8432400628996596,chr1,71886112,71893204,ENSMUSG00000099707.2,+,Gm8883,lincRNA,1.51271875251575,1.09053715465043,0.840318514064904
chr1,71891782,71892283,-0.8432400628996596,chr1,71892068,71919125,ENSMUSG00000101211.1,-,Gm28818,lincRNA,1.51271875251575,1.09053715465043,0.840318514064904
chrX,48594280,48594781,-0.4745599105464114,chrX,48539625,48596504,ENSMUSG00000036916.9,-,Zfp280c,protein_coding,7.19008295948845,5.74349568115893,5.17424470865161
chr13,90112470,90112971,-0.3676973510876,chr13,90087123,90145907,ENSMUSG00000012422.10,+,Tmem167,protein_coding,1.58119573308231,1.10375578682801,1.22408602442525
chr8,13005014,13005515,-0.2990516676559212,chr8,12871806,13022905,ENSMUSG00000031442.16,+,Mcf2l,protein_coding,1.4504669520007,1.59284517739851,1.17776925593349
chr14,11758316,11758817,-0.6808635157785139,chr14,11551532,12244041,ENSMUSG00000021745.9,+,Ptprg,protein_coding,3.17484182626763,2.6371171194274,1.97838768271973
chr3,123213983,123214484,-0.697234738433707,chr3,123074519,123238149,ENSMUSG00000050315.9,-,Synpo2,protein_coding,2.16013747787229,1.46726817171149,1.32995292383501
chr8,127194911,127195412,-0.2717976726886204,chr8,127061893,127614286,ENSMUSG00000025812.13,+,Pard3,protein_coding,2.73285404261076,2.85522455035749,2.26290497488344
chr2,69441738,69442239,-0.7650723616815474,chr2,69422340,69588065,ENSMUSG00000027070.10,-,Lrp2,protein_coding,2.478246818759484,3.430313538648411,1.6081828095479878
chr8,39006509,39007010,-0.5142458997030779,chr8,39003867,39167112,ENSMUSG00000039530.12,+,Tusc3,protein_coding,15.8742091313381,10.1981747250037,11.1160244380239
chr3,37312241,37312742,-0.38839352691046,chr3,37305749,37314708,ENSMUSG00000045031.14,-,Cetn4,protein_coding,28.5300001760481,22.8021405063271,21.8019645971957
chr3,37312241,37312742,-0.38839352691046,chr3,37310554,37323453,ENSMUSG00000051444.9,+,Bbs12,protein_coding,28.5300001760481,22.8021405063271,21.8019645971957
chr3,37312241,37312742,-0.38839352691046,chr3,37310519,37407377,ENSMUSG00000037225.9,+,Fgf2,protein_coding,28.5300001760481,22.8021405063271,21.8019645971957
chr4,97783197,97783698,-0.4173368949662629,chr4,97770734,98120874,ENSMUSG00000028565.14,+,Nfia,protein_coding,2.88225836384688,2.10837183232416,2.15703807547369
chr8,23906710,23907211,-0.2771352711783739,chr8,23634019,24158585,ENSMUSG00000037492.11,+,Zmat4,protein_coding,1.86132883540004,1.7382501313519,1.5350700414414
chr13,77295514,77296015,-0.2636284607954239,chr13,77133540,77615291,ENSMUSG00000071252.5,+,2210408I21Rik,protein_coding,10.7135348686404,9.25304252430667,8.92590295648469
chr2,58004856,58005357,-0.7631251012985463,chr2,57995884,58047860,ENSMUSG00000026828.7,+,Galnt5,protein_coding,2.04808423694519,1.67876628655278,1.20423598078593
chr10,52234276,52234777,-0.4957886482505456,chr10,52231619,52323378,ENSMUSG00000019891.9,+,Dcbld1,protein_coding,2.67060224209571,1.77129671179585,1.89237082694931
chr10,87084195,87084696,-0.4948253441852254,chr10,87056045,87232589,ENSMUSG00000047129.7,+,1700113H08Rik,protein_coding,10.1906197443139,6.21275712346305,7.23203256592866
chr3,29446748,29447249,-0.5687591304147575,chr3,29080023,29693209,ENSMUSG00000063600.10,+,Egfem1,protein_coding,6.44928653335933,4.05812007851735,4.34715955701293
chr2,7071725,7072226,-0.3704260374687938,chr2,6537694,7511563,ENSMUSG00000002107.14,-,Celf2,protein_coding,2.96941088456796,2.96758292386692,2.29598838094899
chr2,91395652,91396153,-0.441611991324412,chr2,91273068,91446704,ENSMUSG00000040591.14,-,1110051M20Rik,protein_coding,1.41311587169167,1.29542595340293,1.03881895045819
chrX,23268732,23269233,-0.840352939580938,chrX,23217271,23367082,ENSMUSG00000036782.9,-,Klhl13,protein_coding,3.39272312807031,1.77129671179585,1.89237082694931
chr1,14755295,14755796,-0.3804891045645761,chr1,14751346,14757992,ENSMUSG00000025930.6,-,Msc,protein_coding,11.0496945914216,8.75734381764738,8.48920199641946
chr1,14755295,14755796,-0.3804891045645761,chr1,14750937,14778931,ENSMUSG00000054493.2,+,Gm9947,antisense,11.0496945914216,8.75734381764738,8.48920199641946
chr12,12680547,12681048,-0.3367735043936542,chr12,12680514,12684618,ENSMUSG00000098314.1,-,Gm27952,rRNA,5.1980253430068,4.77192621610673,4.1155757145541
chr18,57923461,57923962,-0.7108104069438773,chr18,57876678,57948821,ENSMUSG00000024597.10,+,Slc12a2,protein_coding,6.67339301521352,4.08455734287252,4.07587562727544
chr17,74384864,74385365,-0.7312624106666268,chr17,74336987,74393113,ENSMUSG00000024068.6,+,Spast,protein_coding,1.5749705530308,0.905476304164295,0.946185413474656
chr10,73391229,73391730,-0.6656558109653681,chr10,73097342,74651737,ENSMUSG00000052613.12,+,Pcdh15,protein_coding,7.43286498149715,4.01185486589582,4.68461029888151
chr1,59913776,59914277,-0.3428069812689276,chr1,59911006,59987346,ENSMUSG00000041040.8,+,Fam117b,protein_coding,5.90769586887839,5.30067150320996,4.65814357402907
chr15,39943050,39943551,-0.4042766592728982,chr15,39868603,39945994,ENSMUSG00000022305.8,-,Lrp12,protein_coding,7.08425489861286,5.34032739974271,5.35289510140557
chr3,57736308,57736809,-0.3712475098545096,chr3,57734066,57837233,ENSMUSG00000036503.9,+,Rnf13,protein_coding,3.2619943469887,2.83539660209111,2.52095554219471
chr14,23573320,23573821,-0.4029476272736396,chr14,23287431,24006859,ENSMUSG00000063142.9,-,Kcnma1,protein_coding,3.4680909365713,2.5062578286001544,3.1095315510641317
chr5,64802945,64803446,-0.3339808381734466,chr5,64801523,64832129,ENSMUSG00000029178.10,+,Klf3,protein_coding,11.1741981924517,9.02832577728779,8.8663528255667
chr5,64802945,64803446,-0.3339808381734466,chr5,64706207,64806117,ENSMUSG00000097640.3,-,Gm20033,processed_transcript,11.1741981924517,9.02832577728779,8.8663528255667
chr11,34733730,34734231,-0.5678545539493275,chr11,34224815,34785892,ENSMUSG00000020143.11,-,Dock2,protein_coding,2.34689287941744,1.79773397615101,1.58138680993317
chr4,120067198,120067699,-0.2756000092005402,chr4,119731784,120140045,ENSMUSG00000028634.12,+,Hivep3,protein_coding,2.42782022008701,2.89488044689023,2.00485440757217
chr6,50412037,50412538,-0.2947242703800268,chr6,50291330,50458201,ENSMUSG00000029822.11,-,Osbpl3,protein_coding,3.8720619920362,3.09315992955394,3.15615693865322
chr9,29428461,29428962,-0.3502392728747516,chr9,28992750,29965141,ENSMUSG00000059974.6,-,Ntm,protein_coding,2.25351517864486,1.9431389301044,1.76665388390023
chr1,188633680,188634181,-0.3846972958959798,chr1,188260023,188967041,ENSMUSG00000026609.11,+,Ush2a,protein_coding,2.29086625895389,1.90348303357166,1.75342052147401
chr4,6437025,6437526,-0.5616538035939516,chr4,6394207,6456271,ENSMUSG00000028245.11,-,Nsmaf,protein_coding,3.49855118894589,2.30004199889909,2.36877187429319
chr17,50006539,50007040,-0.3293981708361995,chr17,49990257,50192674,ENSMUSG00000039316.10,-,Rftn1,protein_coding,3.21841808662816,3.33770462483919,2.56065562947337
chr4,49108319,49108820,-0.6072106320412725,chr4,49057273,49342259,ENSMUSG00000063446.4,+,Lppr1,protein_coding,5.85789442846634,3.57564000403565,3.84429178481661
chr13,30235272,30235773,-0.639308453282758,chr13,30134498,30248717,ENSMUSG00000038732.10,+,Mboat1,protein_coding,1.75550077452445,1.43422159126753,1.12483580622861
chr8,61757035,61757536,-0.8106231113175598,chr8,61511246,61904690,ENSMUSG00000058056.11,-,Palld,protein_coding,1.78040149473047,1.13019305118317,1.01235222560575
chr2,132540404,132540905,-0.5144838099477753,chr2,132527082,132589729,ENSMUSG00000027346.11,-,Gpcpd1,protein_coding,2.91338426410441,2.00923209099231,2.03793781363772
chr15,85112602,85113103,-0.4360646813937864,chr15,85062691,85133957,ENSMUSG00000022432.6,-,Smc1b,protein_coding,1.5687453729793,1.70520355090794,1.15791921229416
chr1,67795171,67795672,-0.8587314688957923,chr1,67790481,67807324,ENSMUSG00000085075.1,+,Gm15669,lincRNA,2.94451016436193,1.65893833828641,1.62108689721182
chr12,50617240,50617741,-0.7308566463436345,chr12,50339231,50651223,ENSMUSG00000002688.7,-,Prkd1,protein_coding,2.45272094029303,1.99601345881472,1.47551991052341
chr17,3396896,3397397,-0.3310547087918539,chr17,3324573,3521397,ENSMUSG00000023800.10,+,Tiam2,protein_coding,1.69947415406091,1.64571970610883,1.34980296747433
chr3,107332986,107333487,-0.4544305593088186,chr3,107324110,107335289,ENSMUSG00000048109.9,-,Rbm15,protein_coding,42.6549337129133,34.5601138282854,31.1381017888932
chr18,73623030,73623531,-0.2567131927156959,chr18,73622928,73627037,ENSMUSG00000076941.1,+,Gm22065,miRNA,9.4373729580818,7.92456999045978,7.90031736845272
chr10,68142405,68142906,-0.487717249506367,chr10,68093593,68280726,ENSMUSG00000019947.9,-,Arid5b,protein_coding,1.83020293514251,1.55318928086576,1.30348619898257
chr13,90089392,90089893,-0.5932673682209986,chr13,90087123,90145907,ENSMUSG00000012422.10,+,Tmem167,protein_coding,36.7161119437774,25.7234582175725,24.3427701830298
chr13,90089392,90089893,-0.5932673682209986,chr13,89772027,90091608,ENSMUSG00000021615.9,-,Xrcc4,protein_coding,36.7161119437774,25.7234582175725,24.3427701830298
chr1,95667412,95667913,-0.5122884410277277,chr1,95585682,95669571,ENSMUSG00000040710.6,-,St8sia4,protein_coding,17.6546106260686,13.06000859145,12.3798105497278
chr1,164444701,164445202,-0.5811231551048393,chr1,164435109,164460355,ENSMUSG00000026576.8,-,Atp1b1,protein_coding,2.64570152188969,2.40579105631973,1.76665388390023
chr2,109917872,109918373,-0.4150030658659566,chr2,109915647,110016257,ENSMUSG00000050199.9,+,Lgr4,protein_coding,11.4232053945119,8.84326492680166,8.56860217097678
chr10,18407377,18407878,-0.343683417103443,chr10,18388322,18535892,ENSMUSG00000039835.11,+,Nhsl1,protein_coding,4.28292387543554,3.47650026270379,3.37450741868583
chr5,90565212,90565713,-0.5992943564784716,chr5,90559209,90599906,ENSMUSG00000070690.4,+,5830473C10Rik,protein_coding,4.33272531584758,3.43684436617105,2.8584062840633
chr5,143977685,143978186,-0.2821972391548631,chr5,143920577,143982991,ENSMUSG00000091351.1,-,Gm17135,antisense,4.950608530444299,4.858815546283227,3.428074139082979
chr5,143977685,143978186,-0.2821972391548631,chr5,143931035,143987719,ENSMUSG00000075569.5,+,Rsph10b,protein_coding,4.950608530444299,4.858815546283227,3.428074139082979
chr3,135730565,135731066,-0.6224652175963719,chr3,135725338,135730738,ENSMUSG00000045520.3,+,Gm9799,protein_coding,1.53139429267027,0.991397413318572,0.992502181966422
chr14,93889145,93889646,-0.5709273879989506,chr14,93011410,93892679,ENSMUSG00000055421.4,-,Pcdh9,protein_coding,5.26027714352185,3.85984059585364,3.53992444901357
chr6,141686979,141687480,-0.2630992256314226,chr6,141627518,141688646,ENSMUSG00000030236.8,+,Slco1b2,protein_coding,11.3049269735333,9.11424688644207,9.4221540474679
