,cv,feature,class,weight
0,0,gene_length.meta,down,-0.7237398860226848
1,0,9mo.2mo.activity.log_ratio.mean.5kb-20kb.enhancer_DMR,down,-0.024953816509981165
2,0,9mo.2mo.activity.log_ratio.median.5kb-20kb.enhancer_DMR,down,0.06694566243307874
3,0,9mo.2mo.activity.log_ratio.max.5kb-20kb.enhancer_DMR,down,0.2032934126879111
4,0,9mo.2mo.activity.log_ratio.min.5kb-20kb.enhancer_DMR,down,-0.23421710057117495
5,0,9mo.2mo.activity.log_ratio.count.5kb-20kb.enhancer_DMR,down,0.11696592003312808
6,0,18mo.2mo.activity.log_ratio.mean.5kb-20kb.enhancer_DMR,down,-0.07317664130216675
7,0,18mo.2mo.activity.log_ratio.median.5kb-20kb.enhancer_DMR,down,0.47744606283064184
8,0,18mo.2mo.activity.log_ratio.max.5kb-20kb.enhancer_DMR,down,-0.19040758653132892
9,0,18mo.2mo.activity.log_ratio.min.5kb-20kb.enhancer_DMR,down,-0.19032133852915525
10,0,18mo.2mo.activity.log_ratio.count.5kb-20kb.enhancer_DMR,down,-0.0745737592382616
11,0,18mo.9mo.activity.log_ratio.mean.5kb-20kb.enhancer_DMR,down,-0.17278223479028876
12,0,18mo.9mo.activity.log_ratio.median.5kb-20kb.enhancer_DMR,down,-0.2117612766425168
13,0,18mo.9mo.activity.log_ratio.max.5kb-20kb.enhancer_DMR,down,0.2734066532092614
14,0,18mo.9mo.activity.log_ratio.min.5kb-20kb.enhancer_DMR,down,0.20447956911327603
15,0,18mo.9mo.activity.log_ratio.count.5kb-20kb.enhancer_DMR,down,-0.04965966852167622
16,0,9mo.2mo.contact.log_ratio.mean.5kb-20kb.enhancer_DMR,down,-0.04971012062332097
17,0,9mo.2mo.contact.log_ratio.median.5kb-20kb.enhancer_DMR,down,-0.3841873371332943
18,0,9mo.2mo.contact.log_ratio.max.5kb-20kb.enhancer_DMR,down,-0.2868219752141468
19,0,9mo.2mo.contact.log_ratio.min.5kb-20kb.enhancer_DMR,down,0.5562248913691258
20,0,9mo.2mo.contact.log_ratio.count.5kb-20kb.enhancer_DMR,down,0.11696592003312808
21,0,18mo.2mo.contact.log_ratio.mean.5kb-20kb.enhancer_DMR,down,-0.10020788428872258
22,0,18mo.2mo.contact.log_ratio.median.5kb-20kb.enhancer_DMR,down,-0.14549298350022938
23,0,18mo.2mo.contact.log_ratio.max.5kb-20kb.enhancer_DMR,down,0.38952538052460345
24,0,18mo.2mo.contact.log_ratio.min.5kb-20kb.enhancer_DMR,down,0.023858656230104795
25,0,18mo.2mo.contact.log_ratio.count.5kb-20kb.enhancer_DMR,down,-0.0745737592382616
26,0,18mo.9mo.contact.log_ratio.mean.5kb-20kb.enhancer_DMR,down,-0.1273093722912991
27,0,18mo.9mo.contact.log_ratio.median.5kb-20kb.enhancer_DMR,down,-0.2971578277779068
28,0,18mo.9mo.contact.log_ratio.max.5kb-20kb.enhancer_DMR,down,0.0005401266361448993
29,0,18mo.9mo.contact.log_ratio.min.5kb-20kb.enhancer_DMR,down,0.11861780343605648
30,0,18mo.9mo.contact.log_ratio.count.5kb-20kb.enhancer_DMR,down,-0.04965966852167622
31,0,9mo.2mo.activity.log_ratio.mean.20kb-5Mb.enhancer_DMR,down,0.3569123331998957
32,0,9mo.2mo.activity.log_ratio.median.20kb-5Mb.enhancer_DMR,down,-0.38407846576127125
33,0,9mo.2mo.activity.log_ratio.max.20kb-5Mb.enhancer_DMR,down,0.1169097288947305
34,0,9mo.2mo.activity.log_ratio.min.20kb-5Mb.enhancer_DMR,down,-0.13346725193416215
35,0,9mo.2mo.activity.log_ratio.count.20kb-5Mb.enhancer_DMR,down,0.08322155400231943
36,0,18mo.2mo.activity.log_ratio.mean.20kb-5Mb.enhancer_DMR,down,0.009501877596583224
37,0,18mo.2mo.activity.log_ratio.median.20kb-5Mb.enhancer_DMR,down,-0.03637788102435993
38,0,18mo.2mo.activity.log_ratio.max.20kb-5Mb.enhancer_DMR,down,-0.09655158350786505
39,0,18mo.2mo.activity.log_ratio.min.20kb-5Mb.enhancer_DMR,down,-0.06239705013700667
40,0,18mo.2mo.activity.log_ratio.count.20kb-5Mb.enhancer_DMR,down,-0.08732394096003326
41,0,18mo.9mo.activity.log_ratio.mean.20kb-5Mb.enhancer_DMR,down,0.10799628244220577
42,0,18mo.9mo.activity.log_ratio.median.20kb-5Mb.enhancer_DMR,down,0.10348379511531931
43,0,18mo.9mo.activity.log_ratio.max.20kb-5Mb.enhancer_DMR,down,-0.10264341525950023
44,0,18mo.9mo.activity.log_ratio.min.20kb-5Mb.enhancer_DMR,down,-0.029716926070308246
45,0,18mo.9mo.activity.log_ratio.count.20kb-5Mb.enhancer_DMR,down,0.04878426269470702
46,0,9mo.2mo.contact.log_ratio.mean.20kb-5Mb.enhancer_DMR,down,-0.12662521026583806
47,0,9mo.2mo.contact.log_ratio.median.20kb-5Mb.enhancer_DMR,down,-0.03202967613286349
48,0,9mo.2mo.contact.log_ratio.max.20kb-5Mb.enhancer_DMR,down,0.04027440007305722
49,0,9mo.2mo.contact.log_ratio.min.20kb-5Mb.enhancer_DMR,down,0.06709885144218339
50,0,9mo.2mo.contact.log_ratio.count.20kb-5Mb.enhancer_DMR,down,0.08322155400231943
51,0,18mo.2mo.contact.log_ratio.mean.20kb-5Mb.enhancer_DMR,down,0.2863553568153789
52,0,18mo.2mo.contact.log_ratio.median.20kb-5Mb.enhancer_DMR,down,-0.013607695570864033
53,0,18mo.2mo.contact.log_ratio.max.20kb-5Mb.enhancer_DMR,down,-0.06756280053113319
54,0,18mo.2mo.contact.log_ratio.min.20kb-5Mb.enhancer_DMR,down,-0.3821127657443865
55,0,18mo.2mo.contact.log_ratio.count.20kb-5Mb.enhancer_DMR,down,-0.08732394096003326
56,0,18mo.9mo.contact.log_ratio.mean.20kb-5Mb.enhancer_DMR,down,-0.12674623109190394
57,0,18mo.9mo.contact.log_ratio.median.20kb-5Mb.enhancer_DMR,down,-0.3818760719533129
58,0,18mo.9mo.contact.log_ratio.max.20kb-5Mb.enhancer_DMR,down,0.06713040555632149
59,0,18mo.9mo.contact.log_ratio.min.20kb-5Mb.enhancer_DMR,down,0.19010035886503182
60,0,18mo.9mo.contact.log_ratio.count.20kb-5Mb.enhancer_DMR,down,0.04878426269470702
61,0,count.enhancer_DMR,down,0.11633228211400327
62,0,9mo.2mo.activity.log_ratio.count.0-5kb.enhancer_peak,down,0.17467058098583566
63,0,18mo.2mo.activity.log_ratio.mean.0-5kb.enhancer_peak,down,0.06053466132731869
64,0,18mo.2mo.activity.log_ratio.median.0-5kb.enhancer_peak,down,0.08369225154433937
65,0,18mo.2mo.activity.log_ratio.max.0-5kb.enhancer_peak,down,0.11574141615624561
66,0,18mo.2mo.activity.log_ratio.min.0-5kb.enhancer_peak,down,-0.3573714097453074
67,0,18mo.2mo.activity.log_ratio.count.0-5kb.enhancer_peak,down,-0.09124313290847459
68,0,18mo.9mo.activity.log_ratio.mean.0-5kb.enhancer_peak,down,0.08738134244078465
69,0,18mo.9mo.activity.log_ratio.median.0-5kb.enhancer_peak,down,-0.2328550316697871
70,0,18mo.9mo.activity.log_ratio.max.0-5kb.enhancer_peak,down,0.19547579387515987
71,0,18mo.9mo.activity.log_ratio.min.0-5kb.enhancer_peak,down,0.12340589691556553
72,0,18mo.9mo.activity.log_ratio.count.0-5kb.enhancer_peak,down,-0.009579901319685318
73,0,9mo.2mo.contact.log_ratio.count.0-5kb.enhancer_peak,down,0.17467058098583566
74,0,18mo.2mo.contact.log_ratio.mean.0-5kb.enhancer_peak,down,0.023451014390930027
75,0,18mo.2mo.contact.log_ratio.median.0-5kb.enhancer_peak,down,-0.1608103115850095
76,0,18mo.2mo.contact.log_ratio.max.0-5kb.enhancer_peak,down,0.035881449291105066
77,0,18mo.2mo.contact.log_ratio.min.0-5kb.enhancer_peak,down,0.050620422666783446
78,0,18mo.2mo.contact.log_ratio.count.0-5kb.enhancer_peak,down,-0.09124313290847459
79,0,18mo.9mo.contact.log_ratio.mean.0-5kb.enhancer_peak,down,0.018978360465431433
80,0,18mo.9mo.contact.log_ratio.median.0-5kb.enhancer_peak,down,-0.06778532936863121
81,0,18mo.9mo.contact.log_ratio.max.0-5kb.enhancer_peak,down,-0.11108772751664242
82,0,18mo.9mo.contact.log_ratio.min.0-5kb.enhancer_peak,down,0.272695521450451
83,0,18mo.9mo.contact.log_ratio.count.0-5kb.enhancer_peak,down,-0.009579901319685318
84,0,9mo.2mo.activity.log_ratio.count.5kb-20kb.enhancer_peak,down,-0.15520651478569955
85,0,18mo.2mo.activity.log_ratio.mean.5kb-20kb.enhancer_peak,down,-0.005114721069536055
86,0,18mo.2mo.activity.log_ratio.median.5kb-20kb.enhancer_peak,down,-0.049202561048049716
87,0,18mo.2mo.activity.log_ratio.max.5kb-20kb.enhancer_peak,down,0.014898902304093907
88,0,18mo.2mo.activity.log_ratio.min.5kb-20kb.enhancer_peak,down,0.09500077528766064
89,0,18mo.2mo.activity.log_ratio.count.5kb-20kb.enhancer_peak,down,0.017238955977633252
90,0,18mo.9mo.activity.log_ratio.mean.5kb-20kb.enhancer_peak,down,0.012025497641938561
91,0,18mo.9mo.activity.log_ratio.median.5kb-20kb.enhancer_peak,down,0.22180303743740507
92,0,18mo.9mo.activity.log_ratio.max.5kb-20kb.enhancer_peak,down,-0.11527629250589441
93,0,18mo.9mo.activity.log_ratio.min.5kb-20kb.enhancer_peak,down,-0.0883567141024254
94,0,18mo.9mo.activity.log_ratio.count.5kb-20kb.enhancer_peak,down,0.2949609118384448
95,0,9mo.2mo.contact.log_ratio.count.5kb-20kb.enhancer_peak,down,-0.15520651478569955
96,0,18mo.2mo.contact.log_ratio.mean.5kb-20kb.enhancer_peak,down,-0.020307597817856234
97,0,18mo.2mo.contact.log_ratio.median.5kb-20kb.enhancer_peak,down,0.15258421580936646
98,0,18mo.2mo.contact.log_ratio.max.5kb-20kb.enhancer_peak,down,0.05895239606724115
99,0,18mo.2mo.contact.log_ratio.min.5kb-20kb.enhancer_peak,down,-0.14401833555666427
100,0,18mo.2mo.contact.log_ratio.count.5kb-20kb.enhancer_peak,down,0.017238955977633252
101,0,18mo.9mo.contact.log_ratio.mean.5kb-20kb.enhancer_peak,down,-0.039005734231425164
102,0,18mo.9mo.contact.log_ratio.median.5kb-20kb.enhancer_peak,down,-0.052639318718607796
103,0,18mo.9mo.contact.log_ratio.max.5kb-20kb.enhancer_peak,down,0.03519970794922636
104,0,18mo.9mo.contact.log_ratio.min.5kb-20kb.enhancer_peak,down,0.013326240971245192
105,0,18mo.9mo.contact.log_ratio.count.5kb-20kb.enhancer_peak,down,0.2949609118384448
106,0,9mo.2mo.activity.log_ratio.mean.20kb-5Mb.enhancer_peak,down,-0.11544598983349057
107,0,9mo.2mo.activity.log_ratio.median.20kb-5Mb.enhancer_peak,down,0.09257837618327425
108,0,9mo.2mo.activity.log_ratio.std.20kb-5Mb.enhancer_peak,down,0.08261437552070557
109,0,9mo.2mo.activity.log_ratio.max.20kb-5Mb.enhancer_peak,down,-0.3178592317090074
110,0,9mo.2mo.activity.log_ratio.min.20kb-5Mb.enhancer_peak,down,0.07199320036662925
111,0,9mo.2mo.activity.log_ratio.count.20kb-5Mb.enhancer_peak,down,-0.03656197551916987
112,0,18mo.2mo.activity.log_ratio.mean.20kb-5Mb.enhancer_peak,down,0.26239416905960106
113,0,18mo.2mo.activity.log_ratio.median.20kb-5Mb.enhancer_peak,down,-0.19035417712620123
114,0,18mo.2mo.activity.log_ratio.std.20kb-5Mb.enhancer_peak,down,-0.0006093433808843301
115,0,18mo.2mo.activity.log_ratio.max.20kb-5Mb.enhancer_peak,down,0.12839725081966272
116,0,18mo.2mo.activity.log_ratio.min.20kb-5Mb.enhancer_peak,down,0.22476236798457644
117,0,18mo.2mo.activity.log_ratio.count.20kb-5Mb.enhancer_peak,down,0.16699506445772502
118,0,18mo.9mo.activity.log_ratio.mean.20kb-5Mb.enhancer_peak,down,0.07573482376248908
119,0,18mo.9mo.activity.log_ratio.median.20kb-5Mb.enhancer_peak,down,-0.0031281512728027895
120,0,18mo.9mo.activity.log_ratio.std.20kb-5Mb.enhancer_peak,down,-0.017364292852690453
121,0,18mo.9mo.activity.log_ratio.max.20kb-5Mb.enhancer_peak,down,-0.001886559430928356
122,0,18mo.9mo.activity.log_ratio.min.20kb-5Mb.enhancer_peak,down,-0.2831254546835594
123,0,18mo.9mo.activity.log_ratio.count.20kb-5Mb.enhancer_peak,down,-0.03618143987266785
124,0,9mo.2mo.contact.log_ratio.mean.20kb-5Mb.enhancer_peak,down,0.3246196513571679
125,0,9mo.2mo.contact.log_ratio.median.20kb-5Mb.enhancer_peak,down,-0.24952678560899028
126,0,9mo.2mo.contact.log_ratio.std.20kb-5Mb.enhancer_peak,down,0.1524577015690529
127,0,9mo.2mo.contact.log_ratio.max.20kb-5Mb.enhancer_peak,down,-0.099534192784631
128,0,9mo.2mo.contact.log_ratio.min.20kb-5Mb.enhancer_peak,down,0.014420695693729656
129,0,9mo.2mo.contact.log_ratio.count.20kb-5Mb.enhancer_peak,down,-0.03656197551916987
130,0,18mo.2mo.contact.log_ratio.mean.20kb-5Mb.enhancer_peak,down,-0.006075167208314985
131,0,18mo.2mo.contact.log_ratio.median.20kb-5Mb.enhancer_peak,down,0.15450640348006062
132,0,18mo.2mo.contact.log_ratio.std.20kb-5Mb.enhancer_peak,down,0.31799522970120636
133,0,18mo.2mo.contact.log_ratio.max.20kb-5Mb.enhancer_peak,down,-0.2849659772036577
134,0,18mo.2mo.contact.log_ratio.min.20kb-5Mb.enhancer_peak,down,0.17998713867102428
135,0,18mo.2mo.contact.log_ratio.count.20kb-5Mb.enhancer_peak,down,0.16699506445772502
136,0,18mo.9mo.contact.log_ratio.mean.20kb-5Mb.enhancer_peak,down,-0.04529399668530592
137,0,18mo.9mo.contact.log_ratio.median.20kb-5Mb.enhancer_peak,down,0.053447616193258926
138,0,18mo.9mo.contact.log_ratio.std.20kb-5Mb.enhancer_peak,down,-0.05043268545896474
139,0,18mo.9mo.contact.log_ratio.max.20kb-5Mb.enhancer_peak,down,-0.19129287851386995
140,0,18mo.9mo.contact.log_ratio.min.20kb-5Mb.enhancer_peak,down,0.014607742185251975
141,0,18mo.9mo.contact.log_ratio.count.20kb-5Mb.enhancer_peak,down,-0.03618143987266785
142,0,count.enhancer_peak,down,-0.08536297272757727
143,0,rel_pos.DAR,down,0.12673254408454981
144,0,9mo.2mo.log_ratio.DAR,down,-0.11660177639385692
145,0,18mo.9mo.log_ratio.DAR,down,-0.006599336612177073
146,0,18mo.2mo.log_ratio.DAR,down,-0.08993882379079439
147,0,count.DAR,down,0.1985652563504137
148,0,size.log2.DMR,down,-0.06519789021548776
149,0,rel_pos.DMR,down,-0.21298074840613168
150,0,9mo.2mo.log_ratio.DMR,down,-0.03758339178801363
151,0,18mo.9mo.log_ratio.DMR,down,-0.015627462705592537
152,0,18mo.2mo.log_ratio.DMR,down,-0.03404272588229608
153,0,distance.log2.DMR,down,0.186698954752275
154,0,count.DMR,down,0.29007167141706336
155,0,Qanova.mean.loops,down,0.1082597863131267
156,0,Qanova.median.loops,down,-0.21310909076877202
157,0,Qanova.std.loops,down,-0.028686223695987348
158,0,Qanova.max.loops,down,-0.5004919334449704
159,0,Qanova.min.loops,down,0.5433676430033519
160,0,Tanova.mean.loops,down,-0.22326388548775217
161,0,Tanova.median.loops,down,-0.05292095318366475
162,0,Tanova.std.loops,down,0.3173800185847524
163,0,Tanova.max.loops,down,0.03930231206669301
164,0,Tanova.min.loops,down,-0.0963390635671144
165,0,9mo.2mo.Q.mean.loops,down,-0.07976991135209155
166,0,9mo.2mo.Q.median.loops,down,0.00482296466554117
167,0,9mo.2mo.Q.std.loops,down,0.013476702926864674
168,0,9mo.2mo.Q.max.loops,down,-0.08289311477178425
169,0,9mo.2mo.Q.min.loops,down,0.05606517094296361
170,0,18mo.9mo.Q.mean.loops,down,0.11191650014936468
171,0,18mo.9mo.Q.median.loops,down,-0.3702637539424244
172,0,18mo.9mo.Q.std.loops,down,0.4005794959851436
173,0,18mo.9mo.Q.max.loops,down,0.09124758004135093
174,0,18mo.9mo.Q.min.loops,down,0.004063241636502742
175,0,18mo.2mo.Q.mean.loops,down,0.059089927664877445
176,0,18mo.2mo.Q.median.loops,down,-0.10452972037020188
177,0,18mo.2mo.Q.std.loops,down,0.2030261432650444
178,0,18mo.2mo.Q.max.loops,down,0.573605119608562
179,0,18mo.2mo.Q.min.loops,down,0.04788473708813876
180,0,9mo.2mo.T.mean.loops,down,0.12479563395991915
181,0,9mo.2mo.T.median.loops,down,-0.22949419356819065
182,0,9mo.2mo.T.std.loops,down,0.27149010799382095
183,0,9mo.2mo.T.max.loops,down,-0.15584356219520434
184,0,9mo.2mo.T.min.loops,down,0.10907131073576906
185,0,18mo.9mo.T.mean.loops,down,0.218951806397241
186,0,18mo.9mo.T.median.loops,down,-0.441448577792734
187,0,18mo.9mo.T.std.loops,down,0.004410215142030833
188,0,18mo.9mo.T.max.loops,down,0.000455316085766428
189,0,18mo.9mo.T.min.loops,down,-0.13661412884678137
190,0,18mo.2mo.T.mean.loops,down,0.3119503602896874
191,0,18mo.2mo.T.median.loops,down,0.02668358098955049
192,0,18mo.2mo.T.std.loops,down,-0.12155244361238464
193,0,18mo.2mo.T.max.loops,down,-0.37938922010259746
194,0,18mo.2mo.T.min.loops,down,-0.008547698657634486
195,0,loop_size.log.mean.loops,down,-0.03785337608171302
196,0,loop_size.log.median.loops,down,0.06200923658974162
197,0,loop_size.log.std.loops,down,-0.010952957567079952
198,0,loop_size.log.max.loops,down,0.03520028843895491
199,0,loop_size.log.min.loops,down,-0.427945609177807
200,0,min_distance.log.mean.loops,down,0.05190009937839039
201,0,min_distance.log.median.loops,down,-0.015786144439588534
202,0,min_distance.log.std.loops,down,-0.0511364821002899
203,0,min_distance.log.max.loops,down,0.015621154995406658
204,0,min_distance.log.min.loops,down,0.20849447513754346
205,0,count.loops,down,-0.10422727808571981
206,0,9mo.2mo.log_ratio.mcg_genebody,down,-0.04425953216448772
207,0,18mo.9mo.log_ratio.mcg_genebody,down,-0.006100718866617946
208,0,18mo.2mo.log_ratio.mcg_genebody,down,-0.024112600798251886
209,0,9mo.2mo.log_ratio.mch_genebody,down,0.41743883271574006
210,0,18mo.9mo.log_ratio.mch_genebody,down,0.04777055793671255
211,0,18mo.2mo.log_ratio.mch_genebody,down,0.343395534150656
212,0,9mo.2mo.log_ratio.mean.atac,down,0.2131082992014499
213,0,18mo.9mo.log_ratio.mean.atac,down,-0.2169871372570314
214,0,18mo.2mo.log_ratio.mean.atac,down,0.04455262162662484
215,0,log2_distance.mean.atac,down,-0.039471499693738046
216,0,9mo.2mo.log_ratio.std.atac,down,-0.16280840712083222
217,0,18mo.9mo.log_ratio.std.atac,down,-0.2255563669597248
218,0,18mo.2mo.log_ratio.std.atac,down,0.10583947187929518
219,0,log2_distance.std.atac,down,-0.029561937620710736
220,0,9mo.2mo.log_ratio.max.atac,down,0.08059914415437362
221,0,18mo.9mo.log_ratio.max.atac,down,0.3009349805601155
222,0,18mo.2mo.log_ratio.max.atac,down,0.04115979201393319
223,0,log2_distance.max.atac,down,0.2746629076632464
224,0,9mo.2mo.log_ratio.min.atac,down,0.01067051757118722
225,0,18mo.9mo.log_ratio.min.atac,down,0.04004898184292026
226,0,18mo.2mo.log_ratio.min.atac,down,0.009217159386327037
227,0,log2_distance.min.atac,down,-0.09889342874985825
228,0,count.atac,down,0.26135394592640265
229,1,gene_length.meta,down,-0.9019974226002121
230,1,9mo.2mo.activity.log_ratio.mean.5kb-20kb.enhancer_DMR,down,0.051853209810623455
231,1,9mo.2mo.activity.log_ratio.median.5kb-20kb.enhancer_DMR,down,0.15932462806128908
232,1,9mo.2mo.activity.log_ratio.max.5kb-20kb.enhancer_DMR,down,0.02699813640637227
233,1,9mo.2mo.activity.log_ratio.min.5kb-20kb.enhancer_DMR,down,-0.24529268404915933
234,1,9mo.2mo.activity.log_ratio.count.5kb-20kb.enhancer_DMR,down,0.0554660156294175
235,1,18mo.2mo.activity.log_ratio.mean.5kb-20kb.enhancer_DMR,down,0.03719668702999327
236,1,18mo.2mo.activity.log_ratio.median.5kb-20kb.enhancer_DMR,down,0.2518887831290283
237,1,18mo.2mo.activity.log_ratio.max.5kb-20kb.enhancer_DMR,down,-0.1452969917658484
238,1,18mo.2mo.activity.log_ratio.min.5kb-20kb.enhancer_DMR,down,-0.1492229216177745
239,1,18mo.2mo.activity.log_ratio.count.5kb-20kb.enhancer_DMR,down,0.011718687429190038
240,1,18mo.9mo.activity.log_ratio.mean.5kb-20kb.enhancer_DMR,down,-0.03936137996948632
241,1,18mo.9mo.activity.log_ratio.median.5kb-20kb.enhancer_DMR,down,0.15398580948561832
242,1,18mo.9mo.activity.log_ratio.max.5kb-20kb.enhancer_DMR,down,-0.03618941539421532
243,1,18mo.9mo.activity.log_ratio.min.5kb-20kb.enhancer_DMR,down,-0.04313154162072105
244,1,18mo.9mo.activity.log_ratio.count.5kb-20kb.enhancer_DMR,down,-0.041774560383994
245,1,9mo.2mo.contact.log_ratio.mean.5kb-20kb.enhancer_DMR,down,-0.011039374477511821
246,1,9mo.2mo.contact.log_ratio.median.5kb-20kb.enhancer_DMR,down,-0.188692908258184
247,1,9mo.2mo.contact.log_ratio.max.5kb-20kb.enhancer_DMR,down,-0.0005996596657188811
248,1,9mo.2mo.contact.log_ratio.min.5kb-20kb.enhancer_DMR,down,0.19927403503531155
249,1,9mo.2mo.contact.log_ratio.count.5kb-20kb.enhancer_DMR,down,0.0554660156294175
250,1,18mo.2mo.contact.log_ratio.mean.5kb-20kb.enhancer_DMR,down,-0.18056357139123383
251,1,18mo.2mo.contact.log_ratio.median.5kb-20kb.enhancer_DMR,down,-0.22876643785740322
252,1,18mo.2mo.contact.log_ratio.max.5kb-20kb.enhancer_DMR,down,0.37611446011668714
253,1,18mo.2mo.contact.log_ratio.min.5kb-20kb.enhancer_DMR,down,0.07557419786570282
254,1,18mo.2mo.contact.log_ratio.count.5kb-20kb.enhancer_DMR,down,0.011718687429190038
255,1,18mo.9mo.contact.log_ratio.mean.5kb-20kb.enhancer_DMR,down,-0.08321768732875648
256,1,18mo.9mo.contact.log_ratio.median.5kb-20kb.enhancer_DMR,down,-0.24989664579988283
257,1,18mo.9mo.contact.log_ratio.max.5kb-20kb.enhancer_DMR,down,0.0501405316699454
258,1,18mo.9mo.contact.log_ratio.min.5kb-20kb.enhancer_DMR,down,0.1756700849356165
259,1,18mo.9mo.contact.log_ratio.count.5kb-20kb.enhancer_DMR,down,-0.041774560383994
260,1,9mo.2mo.activity.log_ratio.mean.20kb-5Mb.enhancer_DMR,down,0.25209725097656704
261,1,9mo.2mo.activity.log_ratio.median.20kb-5Mb.enhancer_DMR,down,-0.3000344963769075
262,1,9mo.2mo.activity.log_ratio.max.20kb-5Mb.enhancer_DMR,down,0.14516993304462583
263,1,9mo.2mo.activity.log_ratio.min.20kb-5Mb.enhancer_DMR,down,-0.06749978229842638
264,1,9mo.2mo.activity.log_ratio.count.20kb-5Mb.enhancer_DMR,down,0.0837308305691994
265,1,18mo.2mo.activity.log_ratio.mean.20kb-5Mb.enhancer_DMR,down,0.09777091252209227
266,1,18mo.2mo.activity.log_ratio.median.20kb-5Mb.enhancer_DMR,down,0.1038957527938327
267,1,18mo.2mo.activity.log_ratio.max.20kb-5Mb.enhancer_DMR,down,-0.044760122982957944
268,1,18mo.2mo.activity.log_ratio.min.20kb-5Mb.enhancer_DMR,down,-0.08839244016153487
269,1,18mo.2mo.activity.log_ratio.count.20kb-5Mb.enhancer_DMR,down,-0.11758029115899161
270,1,18mo.9mo.activity.log_ratio.mean.20kb-5Mb.enhancer_DMR,down,0.10124525913639684
271,1,18mo.9mo.activity.log_ratio.median.20kb-5Mb.enhancer_DMR,down,0.25630826501208454
272,1,18mo.9mo.activity.log_ratio.max.20kb-5Mb.enhancer_DMR,down,-0.20491820675513886
273,1,18mo.9mo.activity.log_ratio.min.20kb-5Mb.enhancer_DMR,down,-0.19802062362277623
274,1,18mo.9mo.activity.log_ratio.count.20kb-5Mb.enhancer_DMR,down,0.03598774725580144
275,1,9mo.2mo.contact.log_ratio.mean.20kb-5Mb.enhancer_DMR,down,0.09729112717143523
276,1,9mo.2mo.contact.log_ratio.median.20kb-5Mb.enhancer_DMR,down,0.009724437845115152
277,1,9mo.2mo.contact.log_ratio.max.20kb-5Mb.enhancer_DMR,down,-0.002739406112841578
278,1,9mo.2mo.contact.log_ratio.min.20kb-5Mb.enhancer_DMR,down,0.09223974063241656
279,1,9mo.2mo.contact.log_ratio.count.20kb-5Mb.enhancer_DMR,down,0.0837308305691994
280,1,18mo.2mo.contact.log_ratio.mean.20kb-5Mb.enhancer_DMR,down,0.17738713097347364
281,1,18mo.2mo.contact.log_ratio.median.20kb-5Mb.enhancer_DMR,down,-0.1764491580209515
282,1,18mo.2mo.contact.log_ratio.max.20kb-5Mb.enhancer_DMR,down,-0.008382385306646735
283,1,18mo.2mo.contact.log_ratio.min.20kb-5Mb.enhancer_DMR,down,-0.25147908609177494
284,1,18mo.2mo.contact.log_ratio.count.20kb-5Mb.enhancer_DMR,down,-0.11758029115899161
285,1,18mo.9mo.contact.log_ratio.mean.20kb-5Mb.enhancer_DMR,down,-0.07331076714150345
286,1,18mo.9mo.contact.log_ratio.median.20kb-5Mb.enhancer_DMR,down,-0.3306784798168073
287,1,18mo.9mo.contact.log_ratio.max.20kb-5Mb.enhancer_DMR,down,0.06190547296028661
288,1,18mo.9mo.contact.log_ratio.min.20kb-5Mb.enhancer_DMR,down,0.26733206965085105
289,1,18mo.9mo.contact.log_ratio.count.20kb-5Mb.enhancer_DMR,down,0.03598774725580144
290,1,count.enhancer_DMR,down,0.05433560283998319
291,1,9mo.2mo.activity.log_ratio.count.0-5kb.enhancer_peak,down,0.22970045264736147
292,1,18mo.2mo.activity.log_ratio.mean.0-5kb.enhancer_peak,down,0.09414606689227807
293,1,18mo.2mo.activity.log_ratio.median.0-5kb.enhancer_peak,down,0.0914388369383885
294,1,18mo.2mo.activity.log_ratio.max.0-5kb.enhancer_peak,down,0.02154113889909774
295,1,18mo.2mo.activity.log_ratio.min.0-5kb.enhancer_peak,down,-0.20908115653035142
296,1,18mo.2mo.activity.log_ratio.count.0-5kb.enhancer_peak,down,-0.10989255318399278
297,1,18mo.9mo.activity.log_ratio.mean.0-5kb.enhancer_peak,down,0.09827837416123965
298,1,18mo.9mo.activity.log_ratio.median.0-5kb.enhancer_peak,down,-0.10528798594268356
299,1,18mo.9mo.activity.log_ratio.max.0-5kb.enhancer_peak,down,0.09870779155153193
300,1,18mo.9mo.activity.log_ratio.min.0-5kb.enhancer_peak,down,0.11604159082823501
301,1,18mo.9mo.activity.log_ratio.count.0-5kb.enhancer_peak,down,-0.06588090989199301
302,1,9mo.2mo.contact.log_ratio.count.0-5kb.enhancer_peak,down,0.22970045264736147
303,1,18mo.2mo.contact.log_ratio.mean.0-5kb.enhancer_peak,down,0.05502132290784802
304,1,18mo.2mo.contact.log_ratio.median.0-5kb.enhancer_peak,down,-0.2743120750352898
305,1,18mo.2mo.contact.log_ratio.max.0-5kb.enhancer_peak,down,0.1378119753752537
306,1,18mo.2mo.contact.log_ratio.min.0-5kb.enhancer_peak,down,0.01155544791610501
307,1,18mo.2mo.contact.log_ratio.count.0-5kb.enhancer_peak,down,-0.10989255318399278
308,1,18mo.9mo.contact.log_ratio.mean.0-5kb.enhancer_peak,down,0.05369759679382551
309,1,18mo.9mo.contact.log_ratio.median.0-5kb.enhancer_peak,down,-0.03498313814066224
310,1,18mo.9mo.contact.log_ratio.max.0-5kb.enhancer_peak,down,-0.05648842113929448
311,1,18mo.9mo.contact.log_ratio.min.0-5kb.enhancer_peak,down,0.14652062490861592
312,1,18mo.9mo.contact.log_ratio.count.0-5kb.enhancer_peak,down,-0.06588090989199301
313,1,9mo.2mo.activity.log_ratio.count.5kb-20kb.enhancer_peak,down,-0.04962691790555249
314,1,18mo.2mo.activity.log_ratio.mean.5kb-20kb.enhancer_peak,down,0.014652694424414041
315,1,18mo.2mo.activity.log_ratio.median.5kb-20kb.enhancer_peak,down,-0.04700855448655306
316,1,18mo.2mo.activity.log_ratio.max.5kb-20kb.enhancer_peak,down,-0.13200376472186387
317,1,18mo.2mo.activity.log_ratio.min.5kb-20kb.enhancer_peak,down,0.13309576909817783
318,1,18mo.2mo.activity.log_ratio.count.5kb-20kb.enhancer_peak,down,-0.11509890985929574
319,1,18mo.9mo.activity.log_ratio.mean.5kb-20kb.enhancer_peak,down,0.07949761756666054
320,1,18mo.9mo.activity.log_ratio.median.5kb-20kb.enhancer_peak,down,0.1278619113152214
321,1,18mo.9mo.activity.log_ratio.max.5kb-20kb.enhancer_peak,down,0.0036075609962081916
322,1,18mo.9mo.activity.log_ratio.min.5kb-20kb.enhancer_peak,down,-0.18299735271993295
323,1,18mo.9mo.activity.log_ratio.count.5kb-20kb.enhancer_peak,down,0.32547778811039835
324,1,9mo.2mo.contact.log_ratio.count.5kb-20kb.enhancer_peak,down,-0.04962691790555249
325,1,18mo.2mo.contact.log_ratio.mean.5kb-20kb.enhancer_peak,down,-0.10529380928516206
326,1,18mo.2mo.contact.log_ratio.median.5kb-20kb.enhancer_peak,down,-0.20146911992761268
327,1,18mo.2mo.contact.log_ratio.max.5kb-20kb.enhancer_peak,down,0.22037494416185952
328,1,18mo.2mo.contact.log_ratio.min.5kb-20kb.enhancer_peak,down,0.16380167934991757
329,1,18mo.2mo.contact.log_ratio.count.5kb-20kb.enhancer_peak,down,-0.11509890985929574
330,1,18mo.9mo.contact.log_ratio.mean.5kb-20kb.enhancer_peak,down,-0.09990256193437083
331,1,18mo.9mo.contact.log_ratio.median.5kb-20kb.enhancer_peak,down,-0.26436341019889403
332,1,18mo.9mo.contact.log_ratio.max.5kb-20kb.enhancer_peak,down,0.06907992274380492
333,1,18mo.9mo.contact.log_ratio.min.5kb-20kb.enhancer_peak,down,0.18931589808910754
334,1,18mo.9mo.contact.log_ratio.count.5kb-20kb.enhancer_peak,down,0.32547778811039835
335,1,9mo.2mo.activity.log_ratio.mean.20kb-5Mb.enhancer_peak,down,-0.10123507331367662
336,1,9mo.2mo.activity.log_ratio.median.20kb-5Mb.enhancer_peak,down,0.2632226997516056
337,1,9mo.2mo.activity.log_ratio.std.20kb-5Mb.enhancer_peak,down,-0.022910531761986385
338,1,9mo.2mo.activity.log_ratio.max.20kb-5Mb.enhancer_peak,down,-0.20717078344421935
339,1,9mo.2mo.activity.log_ratio.min.20kb-5Mb.enhancer_peak,down,0.026317552497105764
340,1,9mo.2mo.activity.log_ratio.count.20kb-5Mb.enhancer_peak,down,-0.045233637396534514
341,1,18mo.2mo.activity.log_ratio.mean.20kb-5Mb.enhancer_peak,down,0.08234299170895294
342,1,18mo.2mo.activity.log_ratio.median.20kb-5Mb.enhancer_peak,down,-0.2884346400772365
343,1,18mo.2mo.activity.log_ratio.std.20kb-5Mb.enhancer_peak,down,-0.07262682530471516
344,1,18mo.2mo.activity.log_ratio.max.20kb-5Mb.enhancer_peak,down,0.21986948133622167
345,1,18mo.2mo.activity.log_ratio.min.20kb-5Mb.enhancer_peak,down,0.21136267377049398
346,1,18mo.2mo.activity.log_ratio.count.20kb-5Mb.enhancer_peak,down,0.17252463566390644
347,1,18mo.9mo.activity.log_ratio.mean.20kb-5Mb.enhancer_peak,down,0.2119742901374739
348,1,18mo.9mo.activity.log_ratio.median.20kb-5Mb.enhancer_peak,down,-0.16821855770521918
349,1,18mo.9mo.activity.log_ratio.std.20kb-5Mb.enhancer_peak,down,-0.06901247560449798
350,1,18mo.9mo.activity.log_ratio.max.20kb-5Mb.enhancer_peak,down,0.05369565326849338
351,1,18mo.9mo.activity.log_ratio.min.20kb-5Mb.enhancer_peak,down,-0.2076530413852248
352,1,18mo.9mo.activity.log_ratio.count.20kb-5Mb.enhancer_peak,down,0.03292582847737565
353,1,9mo.2mo.contact.log_ratio.mean.20kb-5Mb.enhancer_peak,down,0.07259372185343484
354,1,9mo.2mo.contact.log_ratio.median.20kb-5Mb.enhancer_peak,down,-0.27340819034917485
355,1,9mo.2mo.contact.log_ratio.std.20kb-5Mb.enhancer_peak,down,0.23947185985690747
356,1,9mo.2mo.contact.log_ratio.max.20kb-5Mb.enhancer_peak,down,-0.05451814667372164
357,1,9mo.2mo.contact.log_ratio.min.20kb-5Mb.enhancer_peak,down,0.26023189011331166
358,1,9mo.2mo.contact.log_ratio.count.20kb-5Mb.enhancer_peak,down,-0.045233637396534514
359,1,18mo.2mo.contact.log_ratio.mean.20kb-5Mb.enhancer_peak,down,0.16374035517902405
360,1,18mo.2mo.contact.log_ratio.median.20kb-5Mb.enhancer_peak,down,0.08595837264437216
361,1,18mo.2mo.contact.log_ratio.std.20kb-5Mb.enhancer_peak,down,0.2326925605885264
362,1,18mo.2mo.contact.log_ratio.max.20kb-5Mb.enhancer_peak,down,-0.37069553991869364
363,1,18mo.2mo.contact.log_ratio.min.20kb-5Mb.enhancer_peak,down,0.05158757613087725
364,1,18mo.2mo.contact.log_ratio.count.20kb-5Mb.enhancer_peak,down,0.17252463566390644
365,1,18mo.9mo.contact.log_ratio.mean.20kb-5Mb.enhancer_peak,down,0.034634229602339084
366,1,18mo.9mo.contact.log_ratio.median.20kb-5Mb.enhancer_peak,down,-0.12917304705257576
367,1,18mo.9mo.contact.log_ratio.std.20kb-5Mb.enhancer_peak,down,0.07402327621821711
368,1,18mo.9mo.contact.log_ratio.max.20kb-5Mb.enhancer_peak,down,-0.1419904704889157
369,1,18mo.9mo.contact.log_ratio.min.20kb-5Mb.enhancer_peak,down,0.1222291304110788
370,1,18mo.9mo.contact.log_ratio.count.20kb-5Mb.enhancer_peak,down,0.03292582847737565
371,1,count.enhancer_peak,down,-0.0753301157451213
372,1,rel_pos.DAR,down,0.07448242342972218
373,1,9mo.2mo.log_ratio.DAR,down,-0.10223301374062789
374,1,18mo.9mo.log_ratio.DAR,down,0.04930687158644561
375,1,18mo.2mo.log_ratio.DAR,down,-0.04398256203991898
376,1,count.DAR,down,0.21423724066585242
377,1,size.log2.DMR,down,-0.01398268682313382
378,1,rel_pos.DMR,down,0.06832657745732516
379,1,9mo.2mo.log_ratio.DMR,down,-0.031958105512402905
380,1,18mo.9mo.log_ratio.DMR,down,0.05458194641831846
381,1,18mo.2mo.log_ratio.DMR,down,0.02376483905996626
382,1,distance.log2.DMR,down,-0.045086759830338996
383,1,count.DMR,down,0.3634764757221092
384,1,Qanova.mean.loops,down,0.03781554118723481
385,1,Qanova.median.loops,down,0.02397687283129059
386,1,Qanova.std.loops,down,0.011865463194112493
387,1,Qanova.max.loops,down,-0.5245005550830386
388,1,Qanova.min.loops,down,0.6025211254434422
389,1,Tanova.mean.loops,down,0.22165623231294954
390,1,Tanova.median.loops,down,-0.3084588153750497
391,1,Tanova.std.loops,down,0.0014338666946594257
392,1,Tanova.max.loops,down,0.026767087257466262
393,1,Tanova.min.loops,down,-0.08285306859233012
394,1,9mo.2mo.Q.mean.loops,down,-0.08352374926977052
395,1,9mo.2mo.Q.median.loops,down,0.047070222335277336
396,1,9mo.2mo.Q.std.loops,down,-0.16153461915115266
397,1,9mo.2mo.Q.max.loops,down,-0.02223624398046234
398,1,9mo.2mo.Q.min.loops,down,-0.08955139554412901
399,1,18mo.9mo.Q.mean.loops,down,0.1602721853748597
400,1,18mo.9mo.Q.median.loops,down,-0.3468922857010255
401,1,18mo.9mo.Q.std.loops,down,0.29193480902638586
402,1,18mo.9mo.Q.max.loops,down,-0.028894665091108475
403,1,18mo.9mo.Q.min.loops,down,-0.04907549968709442
404,1,18mo.2mo.Q.mean.loops,down,0.10383515735004185
405,1,18mo.2mo.Q.median.loops,down,-0.016828401747426194
406,1,18mo.2mo.Q.std.loops,down,0.2578859570415198
407,1,18mo.2mo.Q.max.loops,down,0.5799610055569654
408,1,18mo.2mo.Q.min.loops,down,0.09497310161593263
409,1,9mo.2mo.T.mean.loops,down,-0.07181082439715665
410,1,9mo.2mo.T.median.loops,down,-0.006716205558929206
411,1,9mo.2mo.T.std.loops,down,0.4606208219240643
412,1,9mo.2mo.T.max.loops,down,-0.16458033404066663
413,1,9mo.2mo.T.min.loops,down,0.3098958578094376
414,1,18mo.9mo.T.mean.loops,down,0.06459085717371688
415,1,18mo.9mo.T.median.loops,down,-0.4744409656578324
416,1,18mo.9mo.T.std.loops,down,0.14267841854907484
417,1,18mo.9mo.T.max.loops,down,-0.0012722320772671717
418,1,18mo.9mo.T.min.loops,down,0.029575429448013023
419,1,18mo.2mo.T.mean.loops,down,0.0024175437337565025
420,1,18mo.2mo.T.median.loops,down,0.07849633416043618
421,1,18mo.2mo.T.std.loops,down,0.06670416665452508
422,1,18mo.2mo.T.max.loops,down,-0.17991094564531976
423,1,18mo.2mo.T.min.loops,down,-0.1636398949871309
424,1,loop_size.log.mean.loops,down,-0.06807415118825282
425,1,loop_size.log.median.loops,down,0.10790258907758883
426,1,loop_size.log.std.loops,down,-0.1270881352442596
427,1,loop_size.log.max.loops,down,-0.3891065721601444
428,1,loop_size.log.min.loops,down,-0.6794388625577276
429,1,min_distance.log.mean.loops,down,0.17961031588466134
430,1,min_distance.log.median.loops,down,0.14481841731942693
431,1,min_distance.log.std.loops,down,-0.06291109930433707
432,1,min_distance.log.max.loops,down,0.21759080081523283
433,1,min_distance.log.min.loops,down,0.24217280989962534
434,1,count.loops,down,-0.08906054808423589
435,1,9mo.2mo.log_ratio.mcg_genebody,down,0.1276620841398888
436,1,18mo.9mo.log_ratio.mcg_genebody,down,0.04893252920315692
437,1,18mo.2mo.log_ratio.mcg_genebody,down,0.09654335169095982
438,1,9mo.2mo.log_ratio.mch_genebody,down,0.37572450592441203
439,1,18mo.9mo.log_ratio.mch_genebody,down,0.07241914826010705
440,1,18mo.2mo.log_ratio.mch_genebody,down,0.33353046027459315
441,1,9mo.2mo.log_ratio.mean.atac,down,-0.051223709362571423
442,1,18mo.9mo.log_ratio.mean.atac,down,-0.1543218504316022
443,1,18mo.2mo.log_ratio.mean.atac,down,-0.13410813353092718
444,1,log2_distance.mean.atac,down,0.20171569779151716
445,1,9mo.2mo.log_ratio.std.atac,down,0.030170539505063765
446,1,18mo.9mo.log_ratio.std.atac,down,-0.3037439762665953
447,1,18mo.2mo.log_ratio.std.atac,down,0.044781455898208124
448,1,log2_distance.std.atac,down,-0.1561970898241199
449,1,9mo.2mo.log_ratio.max.atac,down,0.14928239827014006
450,1,18mo.9mo.log_ratio.max.atac,down,0.332602965332528
451,1,18mo.2mo.log_ratio.max.atac,down,-0.00024193552481661595
452,1,log2_distance.max.atac,down,0.49293566981613457
453,1,9mo.2mo.log_ratio.min.atac,down,0.40452886124923093
454,1,18mo.9mo.log_ratio.min.atac,down,-0.051314577693757635
455,1,18mo.2mo.log_ratio.min.atac,down,-0.08149918696078806
456,1,log2_distance.min.atac,down,-0.49945452512900734
457,1,count.atac,down,0.13504897911562508
458,2,gene_length.meta,down,-0.6407728503915249
459,2,9mo.2mo.activity.log_ratio.mean.5kb-20kb.enhancer_DMR,down,0.08108829623976735
460,2,9mo.2mo.activity.log_ratio.median.5kb-20kb.enhancer_DMR,down,0.13739622936650378
461,2,9mo.2mo.activity.log_ratio.max.5kb-20kb.enhancer_DMR,down,0.04836308050222723
462,2,9mo.2mo.activity.log_ratio.min.5kb-20kb.enhancer_DMR,down,-0.3157029845764067
463,2,9mo.2mo.activity.log_ratio.count.5kb-20kb.enhancer_DMR,down,0.19068411387801532
464,2,18mo.2mo.activity.log_ratio.mean.5kb-20kb.enhancer_DMR,down,0.0378384579795594
465,2,18mo.2mo.activity.log_ratio.median.5kb-20kb.enhancer_DMR,down,0.3511095043814092
466,2,18mo.2mo.activity.log_ratio.max.5kb-20kb.enhancer_DMR,down,-0.23126273948944892
467,2,18mo.2mo.activity.log_ratio.min.5kb-20kb.enhancer_DMR,down,-0.20671783007284847
468,2,18mo.2mo.activity.log_ratio.count.5kb-20kb.enhancer_DMR,down,-0.0026425151633965435
469,2,18mo.9mo.activity.log_ratio.mean.5kb-20kb.enhancer_DMR,down,-0.22336870919587953
470,2,18mo.9mo.activity.log_ratio.median.5kb-20kb.enhancer_DMR,down,-0.10486844252834683
471,2,18mo.9mo.activity.log_ratio.max.5kb-20kb.enhancer_DMR,down,0.2518419926448819
472,2,18mo.9mo.activity.log_ratio.min.5kb-20kb.enhancer_DMR,down,0.24331937393178107
473,2,18mo.9mo.activity.log_ratio.count.5kb-20kb.enhancer_DMR,down,-0.084242745408951
474,2,9mo.2mo.contact.log_ratio.mean.5kb-20kb.enhancer_DMR,down,-0.11190376321437519
475,2,9mo.2mo.contact.log_ratio.median.5kb-20kb.enhancer_DMR,down,-0.15741795512254295
476,2,9mo.2mo.contact.log_ratio.max.5kb-20kb.enhancer_DMR,down,-0.48316898706196026
477,2,9mo.2mo.contact.log_ratio.min.5kb-20kb.enhancer_DMR,down,0.6082609507402525
478,2,9mo.2mo.contact.log_ratio.count.5kb-20kb.enhancer_DMR,down,0.19068411387801532
479,2,18mo.2mo.contact.log_ratio.mean.5kb-20kb.enhancer_DMR,down,-0.06044537255701287
480,2,18mo.2mo.contact.log_ratio.median.5kb-20kb.enhancer_DMR,down,0.17614141418601315
481,2,18mo.2mo.contact.log_ratio.max.5kb-20kb.enhancer_DMR,down,0.2168392089564873
482,2,18mo.2mo.contact.log_ratio.min.5kb-20kb.enhancer_DMR,down,-0.2534194203373445
483,2,18mo.2mo.contact.log_ratio.count.5kb-20kb.enhancer_DMR,down,-0.0026425151633965435
484,2,18mo.9mo.contact.log_ratio.mean.5kb-20kb.enhancer_DMR,down,-0.0431075244092786
485,2,18mo.9mo.contact.log_ratio.median.5kb-20kb.enhancer_DMR,down,-0.3187315375242758
486,2,18mo.9mo.contact.log_ratio.max.5kb-20kb.enhancer_DMR,down,-0.0405822822897268
487,2,18mo.9mo.contact.log_ratio.min.5kb-20kb.enhancer_DMR,down,0.1302185116502031
488,2,18mo.9mo.contact.log_ratio.count.5kb-20kb.enhancer_DMR,down,-0.084242745408951
489,2,9mo.2mo.activity.log_ratio.mean.20kb-5Mb.enhancer_DMR,down,0.17489866939644677
490,2,9mo.2mo.activity.log_ratio.median.20kb-5Mb.enhancer_DMR,down,-0.0664803864193839
491,2,9mo.2mo.activity.log_ratio.max.20kb-5Mb.enhancer_DMR,down,-0.054754377342148164
492,2,9mo.2mo.activity.log_ratio.min.20kb-5Mb.enhancer_DMR,down,-0.11282972006691253
493,2,9mo.2mo.activity.log_ratio.count.20kb-5Mb.enhancer_DMR,down,0.10037775640756255
494,2,18mo.2mo.activity.log_ratio.mean.20kb-5Mb.enhancer_DMR,down,-0.008366076148737345
495,2,18mo.2mo.activity.log_ratio.median.20kb-5Mb.enhancer_DMR,down,0.026486542055847617
496,2,18mo.2mo.activity.log_ratio.max.20kb-5Mb.enhancer_DMR,down,0.15526604226928228
497,2,18mo.2mo.activity.log_ratio.min.20kb-5Mb.enhancer_DMR,down,-0.12157008089152167
498,2,18mo.2mo.activity.log_ratio.count.20kb-5Mb.enhancer_DMR,down,-0.23870901474282902
499,2,18mo.9mo.activity.log_ratio.mean.20kb-5Mb.enhancer_DMR,down,0.06135872667522191
500,2,18mo.9mo.activity.log_ratio.median.20kb-5Mb.enhancer_DMR,down,0.12152742168867892
501,2,18mo.9mo.activity.log_ratio.max.20kb-5Mb.enhancer_DMR,down,-0.23503381399345882
502,2,18mo.9mo.activity.log_ratio.min.20kb-5Mb.enhancer_DMR,down,0.007302255685040923
503,2,18mo.9mo.activity.log_ratio.count.20kb-5Mb.enhancer_DMR,down,0.08067592852388769
504,2,9mo.2mo.contact.log_ratio.mean.20kb-5Mb.enhancer_DMR,down,0.048799295204061406
505,2,9mo.2mo.contact.log_ratio.median.20kb-5Mb.enhancer_DMR,down,0.23362989175249319
506,2,9mo.2mo.contact.log_ratio.max.20kb-5Mb.enhancer_DMR,down,-0.06644993334372427
507,2,9mo.2mo.contact.log_ratio.min.20kb-5Mb.enhancer_DMR,down,-0.20282310245195573
508,2,9mo.2mo.contact.log_ratio.count.20kb-5Mb.enhancer_DMR,down,0.10037775640756255
509,2,18mo.2mo.contact.log_ratio.mean.20kb-5Mb.enhancer_DMR,down,0.2796350770799419
510,2,18mo.2mo.contact.log_ratio.median.20kb-5Mb.enhancer_DMR,down,-0.2157967090167615
511,2,18mo.2mo.contact.log_ratio.max.20kb-5Mb.enhancer_DMR,down,-0.07134639380734491
512,2,18mo.2mo.contact.log_ratio.min.20kb-5Mb.enhancer_DMR,down,-0.14910675602086848
513,2,18mo.2mo.contact.log_ratio.count.20kb-5Mb.enhancer_DMR,down,-0.23870901474282902
514,2,18mo.9mo.contact.log_ratio.mean.20kb-5Mb.enhancer_DMR,down,-0.0007091776189789508
515,2,18mo.9mo.contact.log_ratio.median.20kb-5Mb.enhancer_DMR,down,-0.17818046920644331
516,2,18mo.9mo.contact.log_ratio.max.20kb-5Mb.enhancer_DMR,down,0.013925477453367665
517,2,18mo.9mo.contact.log_ratio.min.20kb-5Mb.enhancer_DMR,down,-0.056237698453311946
518,2,18mo.9mo.contact.log_ratio.count.20kb-5Mb.enhancer_DMR,down,0.08067592852388769
519,2,count.enhancer_DMR,down,0.2970679091527581
520,2,9mo.2mo.activity.log_ratio.count.0-5kb.enhancer_peak,down,0.25429526006488423
521,2,18mo.2mo.activity.log_ratio.mean.0-5kb.enhancer_peak,down,0.04650629048509934
522,2,18mo.2mo.activity.log_ratio.median.0-5kb.enhancer_peak,down,0.26354123765210336
523,2,18mo.2mo.activity.log_ratio.max.0-5kb.enhancer_peak,down,-0.08511824442722823
524,2,18mo.2mo.activity.log_ratio.min.0-5kb.enhancer_peak,down,-0.2249791166728133
525,2,18mo.2mo.activity.log_ratio.count.0-5kb.enhancer_peak,down,-0.07469640732622321
526,2,18mo.9mo.activity.log_ratio.mean.0-5kb.enhancer_peak,down,0.09459040501836238
527,2,18mo.9mo.activity.log_ratio.median.0-5kb.enhancer_peak,down,-0.09431320168124752
528,2,18mo.9mo.activity.log_ratio.max.0-5kb.enhancer_peak,down,-0.02316351476053391
529,2,18mo.9mo.activity.log_ratio.min.0-5kb.enhancer_peak,down,0.13234402558891475
530,2,18mo.9mo.activity.log_ratio.count.0-5kb.enhancer_peak,down,-0.03840085615541621
531,2,9mo.2mo.contact.log_ratio.count.0-5kb.enhancer_peak,down,0.25429526006488423
532,2,18mo.2mo.contact.log_ratio.mean.0-5kb.enhancer_peak,down,-0.019217188824642743
533,2,18mo.2mo.contact.log_ratio.median.0-5kb.enhancer_peak,down,-0.11936104212478721
534,2,18mo.2mo.contact.log_ratio.max.0-5kb.enhancer_peak,down,0.2642796948197424
535,2,18mo.2mo.contact.log_ratio.min.0-5kb.enhancer_peak,down,-0.13386649687535856
536,2,18mo.2mo.contact.log_ratio.count.0-5kb.enhancer_peak,down,-0.07469640732622321
537,2,18mo.9mo.contact.log_ratio.mean.0-5kb.enhancer_peak,down,0.044062658106893825
538,2,18mo.9mo.contact.log_ratio.median.0-5kb.enhancer_peak,down,0.13154820410984333
539,2,18mo.9mo.contact.log_ratio.max.0-5kb.enhancer_peak,down,-0.17540409600854237
540,2,18mo.9mo.contact.log_ratio.min.0-5kb.enhancer_peak,down,0.07019350046017886
541,2,18mo.9mo.contact.log_ratio.count.0-5kb.enhancer_peak,down,-0.03840085615541621
542,2,9mo.2mo.activity.log_ratio.count.5kb-20kb.enhancer_peak,down,-0.12212610445531186
543,2,18mo.2mo.activity.log_ratio.mean.5kb-20kb.enhancer_peak,down,0.036688885262496466
544,2,18mo.2mo.activity.log_ratio.median.5kb-20kb.enhancer_peak,down,-0.08738569963642995
545,2,18mo.2mo.activity.log_ratio.max.5kb-20kb.enhancer_peak,down,-0.11965261381005417
546,2,18mo.2mo.activity.log_ratio.min.5kb-20kb.enhancer_peak,down,0.1284497709950767
547,2,18mo.2mo.activity.log_ratio.count.5kb-20kb.enhancer_peak,down,-0.012033436038488571
548,2,18mo.9mo.activity.log_ratio.mean.5kb-20kb.enhancer_peak,down,0.06665020658293389
549,2,18mo.9mo.activity.log_ratio.median.5kb-20kb.enhancer_peak,down,0.11752742279244081
550,2,18mo.9mo.activity.log_ratio.max.5kb-20kb.enhancer_peak,down,-0.09472463040845129
551,2,18mo.9mo.activity.log_ratio.min.5kb-20kb.enhancer_peak,down,-0.08892642513273727
552,2,18mo.9mo.activity.log_ratio.count.5kb-20kb.enhancer_peak,down,0.2638356227096722
553,2,9mo.2mo.contact.log_ratio.count.5kb-20kb.enhancer_peak,down,-0.12212610445531186
554,2,18mo.2mo.contact.log_ratio.mean.5kb-20kb.enhancer_peak,down,-0.0985509397970777
555,2,18mo.2mo.contact.log_ratio.median.5kb-20kb.enhancer_peak,down,-0.08001841706614811
556,2,18mo.2mo.contact.log_ratio.max.5kb-20kb.enhancer_peak,down,0.3294378655064218
557,2,18mo.2mo.contact.log_ratio.min.5kb-20kb.enhancer_peak,down,-0.058881183795645
558,2,18mo.2mo.contact.log_ratio.count.5kb-20kb.enhancer_peak,down,-0.012033436038488571
559,2,18mo.9mo.contact.log_ratio.mean.5kb-20kb.enhancer_peak,down,-0.06558912062123537
560,2,18mo.9mo.contact.log_ratio.median.5kb-20kb.enhancer_peak,down,-0.23089477137627507
561,2,18mo.9mo.contact.log_ratio.max.5kb-20kb.enhancer_peak,down,0.058990004965643175
562,2,18mo.9mo.contact.log_ratio.min.5kb-20kb.enhancer_peak,down,0.1344791425262689
563,2,18mo.9mo.contact.log_ratio.count.5kb-20kb.enhancer_peak,down,0.2638356227096722
564,2,9mo.2mo.activity.log_ratio.mean.20kb-5Mb.enhancer_peak,down,-0.038208156934976235
565,2,9mo.2mo.activity.log_ratio.median.20kb-5Mb.enhancer_peak,down,0.3542540310123104
566,2,9mo.2mo.activity.log_ratio.std.20kb-5Mb.enhancer_peak,down,0.04856089525853915
567,2,9mo.2mo.activity.log_ratio.max.20kb-5Mb.enhancer_peak,down,-0.26617113803650205
568,2,9mo.2mo.activity.log_ratio.min.20kb-5Mb.enhancer_peak,down,0.020809437603132735
569,2,9mo.2mo.activity.log_ratio.count.20kb-5Mb.enhancer_peak,down,-0.035448417548674754
570,2,18mo.2mo.activity.log_ratio.mean.20kb-5Mb.enhancer_peak,down,-0.007870752323253084
571,2,18mo.2mo.activity.log_ratio.median.20kb-5Mb.enhancer_peak,down,-0.23383613774740936
572,2,18mo.2mo.activity.log_ratio.std.20kb-5Mb.enhancer_peak,down,-0.04910598513668924
573,2,18mo.2mo.activity.log_ratio.max.20kb-5Mb.enhancer_peak,down,0.13674959026777486
574,2,18mo.2mo.activity.log_ratio.min.20kb-5Mb.enhancer_peak,down,0.1761623502934014
575,2,18mo.2mo.activity.log_ratio.count.20kb-5Mb.enhancer_peak,down,0.1699006959987557
576,2,18mo.9mo.activity.log_ratio.mean.20kb-5Mb.enhancer_peak,down,0.15906393456319584
577,2,18mo.9mo.activity.log_ratio.median.20kb-5Mb.enhancer_peak,down,-0.03375883409529638
578,2,18mo.9mo.activity.log_ratio.std.20kb-5Mb.enhancer_peak,down,-0.07299062487036347
579,2,18mo.9mo.activity.log_ratio.max.20kb-5Mb.enhancer_peak,down,0.06612596344250952
580,2,18mo.9mo.activity.log_ratio.min.20kb-5Mb.enhancer_peak,down,-0.2936213279995327
581,2,18mo.9mo.activity.log_ratio.count.20kb-5Mb.enhancer_peak,down,-0.015116187819919288
582,2,9mo.2mo.contact.log_ratio.mean.20kb-5Mb.enhancer_peak,down,0.24408708618493768
583,2,9mo.2mo.contact.log_ratio.median.20kb-5Mb.enhancer_peak,down,-0.14481079846203038
584,2,9mo.2mo.contact.log_ratio.std.20kb-5Mb.enhancer_peak,down,0.1684441881253151
585,2,9mo.2mo.contact.log_ratio.max.20kb-5Mb.enhancer_peak,down,-0.1595707578999144
586,2,9mo.2mo.contact.log_ratio.min.20kb-5Mb.enhancer_peak,down,0.04101412412673651
587,2,9mo.2mo.contact.log_ratio.count.20kb-5Mb.enhancer_peak,down,-0.035448417548674754
588,2,18mo.2mo.contact.log_ratio.mean.20kb-5Mb.enhancer_peak,down,0.43068933286494954
589,2,18mo.2mo.contact.log_ratio.median.20kb-5Mb.enhancer_peak,down,-0.1242015321390736
590,2,18mo.2mo.contact.log_ratio.std.20kb-5Mb.enhancer_peak,down,0.36175057669691635
591,2,18mo.2mo.contact.log_ratio.max.20kb-5Mb.enhancer_peak,down,-0.5433017237850593
592,2,18mo.2mo.contact.log_ratio.min.20kb-5Mb.enhancer_peak,down,0.13118144184166655
593,2,18mo.2mo.contact.log_ratio.count.20kb-5Mb.enhancer_peak,down,0.1699006959987557
594,2,18mo.9mo.contact.log_ratio.mean.20kb-5Mb.enhancer_peak,down,-0.039081938319643524
595,2,18mo.9mo.contact.log_ratio.median.20kb-5Mb.enhancer_peak,down,-0.04637669564337064
596,2,18mo.9mo.contact.log_ratio.std.20kb-5Mb.enhancer_peak,down,0.15257704880183734
597,2,18mo.9mo.contact.log_ratio.max.20kb-5Mb.enhancer_peak,down,-0.24145316914491938
598,2,18mo.9mo.contact.log_ratio.min.20kb-5Mb.enhancer_peak,down,0.281450478446085
599,2,18mo.9mo.contact.log_ratio.count.20kb-5Mb.enhancer_peak,down,-0.015116187819919288
600,2,count.enhancer_peak,down,-0.039398724135148555
601,2,rel_pos.DAR,down,-0.001433073881732512
602,2,9mo.2mo.log_ratio.DAR,down,-0.11122048720197847
603,2,18mo.9mo.log_ratio.DAR,down,-0.01854728555672332
604,2,18mo.2mo.log_ratio.DAR,down,-0.09176798591184644
605,2,count.DAR,down,0.1560229065639798
606,2,size.log2.DMR,down,-0.18549608359052744
607,2,rel_pos.DMR,down,0.03696783972943479
608,2,9mo.2mo.log_ratio.DMR,down,0.06522443694148732
609,2,18mo.9mo.log_ratio.DMR,down,0.02416722563203612
610,2,18mo.2mo.log_ratio.DMR,down,0.056292367557301326
611,2,distance.log2.DMR,down,0.2249132693321528
612,2,count.DMR,down,0.34531736266672836
613,2,Qanova.mean.loops,down,0.24320671377459863
614,2,Qanova.median.loops,down,-0.14682548548512722
615,2,Qanova.std.loops,down,-0.06117428278615655
616,2,Qanova.max.loops,down,-0.48445011095367563
617,2,Qanova.min.loops,down,0.7248037776649794
618,2,Tanova.mean.loops,down,0.03170254479731324
619,2,Tanova.median.loops,down,-0.297583444673796
620,2,Tanova.std.loops,down,0.22678957037105243
621,2,Tanova.max.loops,down,0.01774816710208158
622,2,Tanova.min.loops,down,0.13309550330487624
623,2,9mo.2mo.Q.mean.loops,down,-0.004729989722561612
624,2,9mo.2mo.Q.median.loops,down,-0.10733474735677827
625,2,9mo.2mo.Q.std.loops,down,0.06271685241632972
626,2,9mo.2mo.Q.max.loops,down,-0.22382827307765427
627,2,9mo.2mo.Q.min.loops,down,-0.12773323158249003
628,2,18mo.9mo.Q.mean.loops,down,0.12280177522039251
629,2,18mo.9mo.Q.median.loops,down,-0.569171958320298
630,2,18mo.9mo.Q.std.loops,down,0.14838026385268976
631,2,18mo.9mo.Q.max.loops,down,0.2781259324099268
632,2,18mo.9mo.Q.min.loops,down,-0.15775119649235683
633,2,18mo.2mo.Q.mean.loops,down,0.11448796972661866
634,2,18mo.2mo.Q.median.loops,down,0.10710192869719534
635,2,18mo.2mo.Q.std.loops,down,0.2044792093912449
636,2,18mo.2mo.Q.max.loops,down,0.4389781973185297
637,2,18mo.2mo.Q.min.loops,down,0.10949733938041786
638,2,9mo.2mo.T.mean.loops,down,0.27502727017745815
639,2,9mo.2mo.T.median.loops,down,-0.40441383566449374
640,2,9mo.2mo.T.std.loops,down,0.299299460925778
641,2,9mo.2mo.T.max.loops,down,-0.20378488203405412
642,2,9mo.2mo.T.min.loops,down,0.13768302017662057
643,2,18mo.9mo.T.mean.loops,down,0.01638587681380308
644,2,18mo.9mo.T.median.loops,down,-0.40949733989518855
645,2,18mo.9mo.T.std.loops,down,0.0067265752671081805
646,2,18mo.9mo.T.max.loops,down,0.1297336178357377
647,2,18mo.9mo.T.min.loops,down,-0.10518255521347672
648,2,18mo.2mo.T.mean.loops,down,0.24303053060216084
649,2,18mo.2mo.T.median.loops,down,0.02713134823753772
650,2,18mo.2mo.T.std.loops,down,-0.09646700173685459
651,2,18mo.2mo.T.max.loops,down,-0.1514737598521308
652,2,18mo.2mo.T.min.loops,down,-0.013726437823543072
653,2,loop_size.log.mean.loops,down,-0.04811704206377172
654,2,loop_size.log.median.loops,down,0.14938355717885582
655,2,loop_size.log.std.loops,down,0.02643899224406431
656,2,loop_size.log.max.loops,down,-0.3122822630398348
657,2,loop_size.log.min.loops,down,-0.6349964729803412
658,2,min_distance.log.mean.loops,down,0.1384700291035384
659,2,min_distance.log.median.loops,down,0.005343944670723145
660,2,min_distance.log.std.loops,down,-0.13308840206923137
661,2,min_distance.log.max.loops,down,0.1611758994094385
662,2,min_distance.log.min.loops,down,0.2848326365624598
663,2,count.loops,down,-0.15887622753075623
664,2,9mo.2mo.log_ratio.mcg_genebody,down,0.03760292667017955
665,2,18mo.9mo.log_ratio.mcg_genebody,down,-0.011216493147329098
666,2,18mo.2mo.log_ratio.mcg_genebody,down,0.005999870513405133
667,2,9mo.2mo.log_ratio.mch_genebody,down,0.35136574709082663
668,2,18mo.9mo.log_ratio.mch_genebody,down,0.07633906830126556
669,2,18mo.2mo.log_ratio.mch_genebody,down,0.3156239465327087
670,2,9mo.2mo.log_ratio.mean.atac,down,-0.043062631866052824
671,2,18mo.9mo.log_ratio.mean.atac,down,-0.09710750478560186
672,2,18mo.2mo.log_ratio.mean.atac,down,-0.09374544967219864
673,2,log2_distance.mean.atac,down,-0.13616816349234093
674,2,9mo.2mo.log_ratio.std.atac,down,-0.0844278415866339
675,2,18mo.9mo.log_ratio.std.atac,down,-0.3342141109024968
676,2,18mo.2mo.log_ratio.std.atac,down,0.027198996358160886
677,2,log2_distance.std.atac,down,-0.03355727801115552
678,2,9mo.2mo.log_ratio.max.atac,down,0.06530295990128766
679,2,18mo.9mo.log_ratio.max.atac,down,0.3004324634733853
680,2,18mo.2mo.log_ratio.max.atac,down,0.17434285989497578
681,2,log2_distance.max.atac,down,0.44172990007743546
682,2,9mo.2mo.log_ratio.min.atac,down,0.20156768740384165
683,2,18mo.9mo.log_ratio.min.atac,down,-0.14772256427042837
684,2,18mo.2mo.log_ratio.min.atac,down,0.08634062114918563
685,2,log2_distance.min.atac,down,-0.12249830860696743
686,2,count.atac,down,0.12248522548501754
687,3,gene_length.meta,down,-0.8885791227505344
688,3,9mo.2mo.activity.log_ratio.mean.5kb-20kb.enhancer_DMR,down,-0.066255533142303
689,3,9mo.2mo.activity.log_ratio.median.5kb-20kb.enhancer_DMR,down,0.25547615109079114
690,3,9mo.2mo.activity.log_ratio.max.5kb-20kb.enhancer_DMR,down,0.17951883316223674
691,3,9mo.2mo.activity.log_ratio.min.5kb-20kb.enhancer_DMR,down,-0.41877752731336876
692,3,9mo.2mo.activity.log_ratio.count.5kb-20kb.enhancer_DMR,down,0.058252947667099604
693,3,18mo.2mo.activity.log_ratio.mean.5kb-20kb.enhancer_DMR,down,0.07023085217724943
694,3,18mo.2mo.activity.log_ratio.median.5kb-20kb.enhancer_DMR,down,0.501183905923069
695,3,18mo.2mo.activity.log_ratio.max.5kb-20kb.enhancer_DMR,down,-0.37210060720546334
696,3,18mo.2mo.activity.log_ratio.min.5kb-20kb.enhancer_DMR,down,-0.2062274105799889
697,3,18mo.2mo.activity.log_ratio.count.5kb-20kb.enhancer_DMR,down,0.032729699856644714
698,3,18mo.9mo.activity.log_ratio.mean.5kb-20kb.enhancer_DMR,down,-0.0965369794906751
699,3,18mo.9mo.activity.log_ratio.median.5kb-20kb.enhancer_DMR,down,-0.2696321306212474
700,3,18mo.9mo.activity.log_ratio.max.5kb-20kb.enhancer_DMR,down,0.3448068480193672
701,3,18mo.9mo.activity.log_ratio.min.5kb-20kb.enhancer_DMR,down,0.1762028923025721
702,3,18mo.9mo.activity.log_ratio.count.5kb-20kb.enhancer_DMR,down,-0.08501632043200642
703,3,9mo.2mo.contact.log_ratio.mean.5kb-20kb.enhancer_DMR,down,-0.19585849347009687
704,3,9mo.2mo.contact.log_ratio.median.5kb-20kb.enhancer_DMR,down,-0.30922138275303307
705,3,9mo.2mo.contact.log_ratio.max.5kb-20kb.enhancer_DMR,down,-0.4160255499578449
706,3,9mo.2mo.contact.log_ratio.min.5kb-20kb.enhancer_DMR,down,0.6200854444049128
707,3,9mo.2mo.contact.log_ratio.count.5kb-20kb.enhancer_DMR,down,0.058252947667099604
708,3,18mo.2mo.contact.log_ratio.mean.5kb-20kb.enhancer_DMR,down,-0.10229848006426681
709,3,18mo.2mo.contact.log_ratio.median.5kb-20kb.enhancer_DMR,down,-0.05858394123178197
710,3,18mo.2mo.contact.log_ratio.max.5kb-20kb.enhancer_DMR,down,0.48310955361771735
711,3,18mo.2mo.contact.log_ratio.min.5kb-20kb.enhancer_DMR,down,-0.05312232749698403
712,3,18mo.2mo.contact.log_ratio.count.5kb-20kb.enhancer_DMR,down,0.032729699856644714
713,3,18mo.9mo.contact.log_ratio.mean.5kb-20kb.enhancer_DMR,down,-0.17399861654087254
714,3,18mo.9mo.contact.log_ratio.median.5kb-20kb.enhancer_DMR,down,-0.2862316774496708
715,3,18mo.9mo.contact.log_ratio.max.5kb-20kb.enhancer_DMR,down,-0.008578971804819053
716,3,18mo.9mo.contact.log_ratio.min.5kb-20kb.enhancer_DMR,down,0.11934618319331115
717,3,18mo.9mo.contact.log_ratio.count.5kb-20kb.enhancer_DMR,down,-0.08501632043200642
718,3,9mo.2mo.activity.log_ratio.mean.20kb-5Mb.enhancer_DMR,down,0.3715604975288696
719,3,9mo.2mo.activity.log_ratio.median.20kb-5Mb.enhancer_DMR,down,-0.35906539384175545
720,3,9mo.2mo.activity.log_ratio.max.20kb-5Mb.enhancer_DMR,down,0.13068505865838662
721,3,9mo.2mo.activity.log_ratio.min.20kb-5Mb.enhancer_DMR,down,-0.11176967483908723
722,3,9mo.2mo.activity.log_ratio.count.20kb-5Mb.enhancer_DMR,down,-0.05047673853389934
723,3,18mo.2mo.activity.log_ratio.mean.20kb-5Mb.enhancer_DMR,down,0.29884955334414925
724,3,18mo.2mo.activity.log_ratio.median.20kb-5Mb.enhancer_DMR,down,0.18018179899127185
725,3,18mo.2mo.activity.log_ratio.max.20kb-5Mb.enhancer_DMR,down,-0.3730568541734814
726,3,18mo.2mo.activity.log_ratio.min.20kb-5Mb.enhancer_DMR,down,-0.352798716605835
727,3,18mo.2mo.activity.log_ratio.count.20kb-5Mb.enhancer_DMR,down,-0.11346883008836178
728,3,18mo.9mo.activity.log_ratio.mean.20kb-5Mb.enhancer_DMR,down,-0.0704264791995038
729,3,18mo.9mo.activity.log_ratio.median.20kb-5Mb.enhancer_DMR,down,0.17368785399054457
730,3,18mo.9mo.activity.log_ratio.max.20kb-5Mb.enhancer_DMR,down,-0.0719352297924877
731,3,18mo.9mo.activity.log_ratio.min.20kb-5Mb.enhancer_DMR,down,0.014784275213969548
732,3,18mo.9mo.activity.log_ratio.count.20kb-5Mb.enhancer_DMR,down,0.10178766402704859
733,3,9mo.2mo.contact.log_ratio.mean.20kb-5Mb.enhancer_DMR,down,-0.14017334485797617
734,3,9mo.2mo.contact.log_ratio.median.20kb-5Mb.enhancer_DMR,down,0.1433047470503092
735,3,9mo.2mo.contact.log_ratio.max.20kb-5Mb.enhancer_DMR,down,0.12491374108239318
736,3,9mo.2mo.contact.log_ratio.min.20kb-5Mb.enhancer_DMR,down,-0.04950148984953753
737,3,9mo.2mo.contact.log_ratio.count.20kb-5Mb.enhancer_DMR,down,-0.05047673853389934
738,3,18mo.2mo.contact.log_ratio.mean.20kb-5Mb.enhancer_DMR,down,0.4927931179958648
739,3,18mo.2mo.contact.log_ratio.median.20kb-5Mb.enhancer_DMR,down,-0.16708755195306027
740,3,18mo.2mo.contact.log_ratio.max.20kb-5Mb.enhancer_DMR,down,-0.13662643694093374
741,3,18mo.2mo.contact.log_ratio.min.20kb-5Mb.enhancer_DMR,down,-0.4339355089732603
742,3,18mo.2mo.contact.log_ratio.count.20kb-5Mb.enhancer_DMR,down,-0.11346883008836178
743,3,18mo.9mo.contact.log_ratio.mean.20kb-5Mb.enhancer_DMR,down,0.08255220782114961
744,3,18mo.9mo.contact.log_ratio.median.20kb-5Mb.enhancer_DMR,down,-0.33147139992128627
745,3,18mo.9mo.contact.log_ratio.max.20kb-5Mb.enhancer_DMR,down,0.04905579635279342
746,3,18mo.9mo.contact.log_ratio.min.20kb-5Mb.enhancer_DMR,down,0.08020795011059215
747,3,18mo.9mo.contact.log_ratio.count.20kb-5Mb.enhancer_DMR,down,0.10178766402704859
748,3,count.enhancer_DMR,down,0.07427937574890388
749,3,9mo.2mo.activity.log_ratio.count.0-5kb.enhancer_peak,down,0.21740693557230445
750,3,18mo.2mo.activity.log_ratio.mean.0-5kb.enhancer_peak,down,0.08579340316765155
751,3,18mo.2mo.activity.log_ratio.median.0-5kb.enhancer_peak,down,0.07638641056265238
752,3,18mo.2mo.activity.log_ratio.max.0-5kb.enhancer_peak,down,0.007288058422155468
753,3,18mo.2mo.activity.log_ratio.min.0-5kb.enhancer_peak,down,-0.2125472770612709
754,3,18mo.2mo.activity.log_ratio.count.0-5kb.enhancer_peak,down,-0.13194149940922553
755,3,18mo.9mo.activity.log_ratio.mean.0-5kb.enhancer_peak,down,0.10124346373279164
756,3,18mo.9mo.activity.log_ratio.median.0-5kb.enhancer_peak,down,-0.032936744193080056
757,3,18mo.9mo.activity.log_ratio.max.0-5kb.enhancer_peak,down,-0.02895743679982913
758,3,18mo.9mo.activity.log_ratio.min.0-5kb.enhancer_peak,down,0.22573480103432864
759,3,18mo.9mo.activity.log_ratio.count.0-5kb.enhancer_peak,down,0.012180826332827403
760,3,9mo.2mo.contact.log_ratio.count.0-5kb.enhancer_peak,down,0.21740693557230445
761,3,18mo.2mo.contact.log_ratio.mean.0-5kb.enhancer_peak,down,0.027291579816100166
762,3,18mo.2mo.contact.log_ratio.median.0-5kb.enhancer_peak,down,-0.12367675565994794
763,3,18mo.2mo.contact.log_ratio.max.0-5kb.enhancer_peak,down,0.12538356792993383
764,3,18mo.2mo.contact.log_ratio.min.0-5kb.enhancer_peak,down,-0.045987628434406985
765,3,18mo.2mo.contact.log_ratio.count.0-5kb.enhancer_peak,down,-0.13194149940922553
766,3,18mo.9mo.contact.log_ratio.mean.0-5kb.enhancer_peak,down,0.04071990844647205
767,3,18mo.9mo.contact.log_ratio.median.0-5kb.enhancer_peak,down,-0.05231561620585471
768,3,18mo.9mo.contact.log_ratio.max.0-5kb.enhancer_peak,down,-0.0025111835544170814
769,3,18mo.9mo.contact.log_ratio.min.0-5kb.enhancer_peak,down,0.17235771507736464
770,3,18mo.9mo.contact.log_ratio.count.0-5kb.enhancer_peak,down,0.012180826332827403
771,3,9mo.2mo.activity.log_ratio.count.5kb-20kb.enhancer_peak,down,-0.1598190622923166
772,3,18mo.2mo.activity.log_ratio.mean.5kb-20kb.enhancer_peak,down,-0.0001743164155439191
773,3,18mo.2mo.activity.log_ratio.median.5kb-20kb.enhancer_peak,down,-0.13288697097341146
774,3,18mo.2mo.activity.log_ratio.max.5kb-20kb.enhancer_peak,down,-0.03878194251978993
775,3,18mo.2mo.activity.log_ratio.min.5kb-20kb.enhancer_peak,down,0.16930674587004238
776,3,18mo.2mo.activity.log_ratio.count.5kb-20kb.enhancer_peak,down,-0.08208773122708446
777,3,18mo.9mo.activity.log_ratio.mean.5kb-20kb.enhancer_peak,down,0.07034462753435769
778,3,18mo.9mo.activity.log_ratio.median.5kb-20kb.enhancer_peak,down,0.04767031421587262
779,3,18mo.9mo.activity.log_ratio.max.5kb-20kb.enhancer_peak,down,0.01634114644817427
780,3,18mo.9mo.activity.log_ratio.min.5kb-20kb.enhancer_peak,down,-0.08026515719614148
781,3,18mo.9mo.activity.log_ratio.count.5kb-20kb.enhancer_peak,down,0.3294877676323462
782,3,9mo.2mo.contact.log_ratio.count.5kb-20kb.enhancer_peak,down,-0.1598190622923166
783,3,18mo.2mo.contact.log_ratio.mean.5kb-20kb.enhancer_peak,down,-0.01294413286814983
784,3,18mo.2mo.contact.log_ratio.median.5kb-20kb.enhancer_peak,down,0.05013627165928067
785,3,18mo.2mo.contact.log_ratio.max.5kb-20kb.enhancer_peak,down,0.35863833507694015
786,3,18mo.2mo.contact.log_ratio.min.5kb-20kb.enhancer_peak,down,-0.26380120827577525
787,3,18mo.2mo.contact.log_ratio.count.5kb-20kb.enhancer_peak,down,-0.08208773122708446
788,3,18mo.9mo.contact.log_ratio.mean.5kb-20kb.enhancer_peak,down,0.002719037436164725
789,3,18mo.9mo.contact.log_ratio.median.5kb-20kb.enhancer_peak,down,0.12527128888446296
790,3,18mo.9mo.contact.log_ratio.max.5kb-20kb.enhancer_peak,down,0.1395147850643998
791,3,18mo.9mo.contact.log_ratio.min.5kb-20kb.enhancer_peak,down,-0.4024728633954675
792,3,18mo.9mo.contact.log_ratio.count.5kb-20kb.enhancer_peak,down,0.3294877676323462
793,3,9mo.2mo.activity.log_ratio.mean.20kb-5Mb.enhancer_peak,down,0.07420968835684671
794,3,9mo.2mo.activity.log_ratio.median.20kb-5Mb.enhancer_peak,down,0.2289379601038748
795,3,9mo.2mo.activity.log_ratio.std.20kb-5Mb.enhancer_peak,down,-0.07097844471668645
796,3,9mo.2mo.activity.log_ratio.max.20kb-5Mb.enhancer_peak,down,-0.215305713523397
797,3,9mo.2mo.activity.log_ratio.min.20kb-5Mb.enhancer_peak,down,-0.1338684362903138
798,3,9mo.2mo.activity.log_ratio.count.20kb-5Mb.enhancer_peak,down,-0.11673277933910614
799,3,18mo.2mo.activity.log_ratio.mean.20kb-5Mb.enhancer_peak,down,0.0282298615841161
800,3,18mo.2mo.activity.log_ratio.median.20kb-5Mb.enhancer_peak,down,-0.2068913625359788
801,3,18mo.2mo.activity.log_ratio.std.20kb-5Mb.enhancer_peak,down,-0.058382090821643126
802,3,18mo.2mo.activity.log_ratio.max.20kb-5Mb.enhancer_peak,down,0.18059121940877196
803,3,18mo.2mo.activity.log_ratio.min.20kb-5Mb.enhancer_peak,down,0.18716971473819177
804,3,18mo.2mo.activity.log_ratio.count.20kb-5Mb.enhancer_peak,down,0.27336709137152576
805,3,18mo.9mo.activity.log_ratio.mean.20kb-5Mb.enhancer_peak,down,-0.19106419738209596
806,3,18mo.9mo.activity.log_ratio.median.20kb-5Mb.enhancer_peak,down,0.20825355426414718
807,3,18mo.9mo.activity.log_ratio.std.20kb-5Mb.enhancer_peak,down,-0.04758455830657747
808,3,18mo.9mo.activity.log_ratio.max.20kb-5Mb.enhancer_peak,down,0.14407608198981042
809,3,18mo.9mo.activity.log_ratio.min.20kb-5Mb.enhancer_peak,down,-0.20289623143478194
810,3,18mo.9mo.activity.log_ratio.count.20kb-5Mb.enhancer_peak,down,-0.07322009928474475
811,3,9mo.2mo.contact.log_ratio.mean.20kb-5Mb.enhancer_peak,down,0.40144259606899857
812,3,9mo.2mo.contact.log_ratio.median.20kb-5Mb.enhancer_peak,down,-0.22325171091955562
813,3,9mo.2mo.contact.log_ratio.std.20kb-5Mb.enhancer_peak,down,0.22629579671701078
814,3,9mo.2mo.contact.log_ratio.max.20kb-5Mb.enhancer_peak,down,-0.18750574528285002
815,3,9mo.2mo.contact.log_ratio.min.20kb-5Mb.enhancer_peak,down,0.1265072086808775
816,3,9mo.2mo.contact.log_ratio.count.20kb-5Mb.enhancer_peak,down,-0.11673277933910614
817,3,18mo.2mo.contact.log_ratio.mean.20kb-5Mb.enhancer_peak,down,0.27278709930080036
818,3,18mo.2mo.contact.log_ratio.median.20kb-5Mb.enhancer_peak,down,-0.1341076160006991
819,3,18mo.2mo.contact.log_ratio.std.20kb-5Mb.enhancer_peak,down,0.36821144484652396
820,3,18mo.2mo.contact.log_ratio.max.20kb-5Mb.enhancer_peak,down,-0.45633896672540264
821,3,18mo.2mo.contact.log_ratio.min.20kb-5Mb.enhancer_peak,down,0.12899894245508567
822,3,18mo.2mo.contact.log_ratio.count.20kb-5Mb.enhancer_peak,down,0.27336709137152576
823,3,18mo.9mo.contact.log_ratio.mean.20kb-5Mb.enhancer_peak,down,0.01762047187383434
824,3,18mo.9mo.contact.log_ratio.median.20kb-5Mb.enhancer_peak,down,-0.0705508892295912
825,3,18mo.9mo.contact.log_ratio.std.20kb-5Mb.enhancer_peak,down,-0.06570231401222655
826,3,18mo.9mo.contact.log_ratio.max.20kb-5Mb.enhancer_peak,down,-0.040604466967866876
827,3,18mo.9mo.contact.log_ratio.min.20kb-5Mb.enhancer_peak,down,0.06802376233504528
828,3,18mo.9mo.contact.log_ratio.count.20kb-5Mb.enhancer_peak,down,-0.07322009928474475
829,3,count.enhancer_peak,down,-0.12104046249118366
830,3,rel_pos.DAR,down,0.03766261304495333
831,3,9mo.2mo.log_ratio.DAR,down,-0.11891047142936985
832,3,18mo.9mo.log_ratio.DAR,down,0.05265950167377911
833,3,18mo.2mo.log_ratio.DAR,down,-0.05278418533602384
834,3,count.DAR,down,0.22503434834249456
835,3,size.log2.DMR,down,0.061183683491774374
836,3,rel_pos.DMR,down,-0.15756255116255757
837,3,9mo.2mo.log_ratio.DMR,down,0.02931524684864414
838,3,18mo.9mo.log_ratio.DMR,down,0.06578079284947073
839,3,18mo.2mo.log_ratio.DMR,down,0.06729963357030998
840,3,distance.log2.DMR,down,0.2846355889717428
841,3,count.DMR,down,0.2562106316106209
842,3,Qanova.mean.loops,down,0.12233360848227948
843,3,Qanova.median.loops,down,-0.1634220725854114
844,3,Qanova.std.loops,down,-0.0782220252057438
845,3,Qanova.max.loops,down,-0.30401601203833034
846,3,Qanova.min.loops,down,0.3668469743707035
847,3,Tanova.mean.loops,down,-0.19535463081056345
848,3,Tanova.median.loops,down,-0.030409319848758692
849,3,Tanova.std.loops,down,0.35763577613010306
850,3,Tanova.max.loops,down,-0.0776409408311459
851,3,Tanova.min.loops,down,0.05532597326308914
852,3,9mo.2mo.Q.mean.loops,down,0.0803652503658943
853,3,9mo.2mo.Q.median.loops,down,-0.08385312250113534
854,3,9mo.2mo.Q.std.loops,down,0.02639198144271955
855,3,9mo.2mo.Q.max.loops,down,-0.27442178901012804
856,3,9mo.2mo.Q.min.loops,down,-0.19393035658479105
857,3,18mo.9mo.Q.mean.loops,down,0.29201071714712834
858,3,18mo.9mo.Q.median.loops,down,-0.40232185366575224
859,3,18mo.9mo.Q.std.loops,down,0.17860117302337247
860,3,18mo.9mo.Q.max.loops,down,-0.15483365780324151
861,3,18mo.9mo.Q.min.loops,down,-0.26359259199367646
862,3,18mo.2mo.Q.mean.loops,down,0.33379947196276716
863,3,18mo.2mo.Q.median.loops,down,-0.0665332886646069
864,3,18mo.2mo.Q.std.loops,down,0.3785981259085488
865,3,18mo.2mo.Q.max.loops,down,0.5623110195097359
866,3,18mo.2mo.Q.min.loops,down,0.10320564554490579
867,3,9mo.2mo.T.mean.loops,down,0.1192601718705965
868,3,9mo.2mo.T.median.loops,down,-0.19424915994439668
869,3,9mo.2mo.T.std.loops,down,0.1445422020085638
870,3,9mo.2mo.T.max.loops,down,-0.19318672344233287
871,3,9mo.2mo.T.min.loops,down,0.2597558417789571
872,3,18mo.9mo.T.mean.loops,down,0.10052737920766104
873,3,18mo.9mo.T.median.loops,down,-0.3923777855620254
874,3,18mo.9mo.T.std.loops,down,0.22212080127897796
875,3,18mo.9mo.T.max.loops,down,-0.03939398660062919
876,3,18mo.9mo.T.min.loops,down,-0.014816575406259731
877,3,18mo.2mo.T.mean.loops,down,0.19095015707993374
878,3,18mo.2mo.T.median.loops,down,-0.06187706830359445
879,3,18mo.2mo.T.std.loops,down,-0.10817913106017339
880,3,18mo.2mo.T.max.loops,down,-0.3984232936591707
881,3,18mo.2mo.T.min.loops,down,-0.036783647590803985
882,3,loop_size.log.mean.loops,down,0.054101488881151155
883,3,loop_size.log.median.loops,down,0.2236411602876383
884,3,loop_size.log.std.loops,down,-0.04145645378304088
885,3,loop_size.log.max.loops,down,-0.21947328604147925
886,3,loop_size.log.min.loops,down,-0.5907046846151858
887,3,min_distance.log.mean.loops,down,0.033391184468269934
888,3,min_distance.log.median.loops,down,-0.15451242095769047
889,3,min_distance.log.std.loops,down,0.13445252350456804
890,3,min_distance.log.max.loops,down,0.19347436802827586
891,3,min_distance.log.min.loops,down,0.3821812982622948
892,3,count.loops,down,-0.043096198696659836
893,3,9mo.2mo.log_ratio.mcg_genebody,down,0.004945422333374191
894,3,18mo.9mo.log_ratio.mcg_genebody,down,0.02682294981471379
895,3,18mo.2mo.log_ratio.mcg_genebody,down,0.02543786867673425
896,3,9mo.2mo.log_ratio.mch_genebody,down,0.36531340469995255
897,3,18mo.9mo.log_ratio.mch_genebody,down,0.062121878808780076
898,3,18mo.2mo.log_ratio.mch_genebody,down,0.3111696003323128
899,3,9mo.2mo.log_ratio.mean.atac,down,-0.1473299912558491
900,3,18mo.9mo.log_ratio.mean.atac,down,0.03767495739919622
901,3,18mo.2mo.log_ratio.mean.atac,down,-0.09856521410185587
902,3,log2_distance.mean.atac,down,0.15461010415622348
903,3,9mo.2mo.log_ratio.std.atac,down,0.06077450063217469
904,3,18mo.9mo.log_ratio.std.atac,down,-0.3047213019794377
905,3,18mo.2mo.log_ratio.std.atac,down,0.07739062802108504
906,3,log2_distance.std.atac,down,-0.27295730257404627
907,3,9mo.2mo.log_ratio.max.atac,down,0.06139025107699116
908,3,18mo.9mo.log_ratio.max.atac,down,0.09319791468795374
909,3,18mo.2mo.log_ratio.max.atac,down,-0.03422283693114225
910,3,log2_distance.max.atac,down,0.48827761558068805
911,3,9mo.2mo.log_ratio.min.atac,down,0.3761189397443299
912,3,18mo.9mo.log_ratio.min.atac,down,-0.23457506477643447
913,3,18mo.2mo.log_ratio.min.atac,down,0.10412994731187654
914,3,log2_distance.min.atac,down,-0.39528789420683264
915,3,count.atac,down,0.18372539528003848
916,4,gene_length.meta,down,-0.8632849254085648
917,4,9mo.2mo.activity.log_ratio.mean.5kb-20kb.enhancer_DMR,down,-0.10634031427379784
918,4,9mo.2mo.activity.log_ratio.median.5kb-20kb.enhancer_DMR,down,0.1300635567208434
919,4,9mo.2mo.activity.log_ratio.max.5kb-20kb.enhancer_DMR,down,0.1608415257904868
920,4,9mo.2mo.activity.log_ratio.min.5kb-20kb.enhancer_DMR,down,-0.15586889111154376
921,4,9mo.2mo.activity.log_ratio.count.5kb-20kb.enhancer_DMR,down,0.14928725898749512
922,4,18mo.2mo.activity.log_ratio.mean.5kb-20kb.enhancer_DMR,down,-0.0026693140779100837
923,4,18mo.2mo.activity.log_ratio.median.5kb-20kb.enhancer_DMR,down,0.46216387976229395
924,4,18mo.2mo.activity.log_ratio.max.5kb-20kb.enhancer_DMR,down,-0.29417030153901247
925,4,18mo.2mo.activity.log_ratio.min.5kb-20kb.enhancer_DMR,down,-0.2407140900963926
926,4,18mo.2mo.activity.log_ratio.count.5kb-20kb.enhancer_DMR,down,0.05705397025923471
927,4,18mo.9mo.activity.log_ratio.mean.5kb-20kb.enhancer_DMR,down,-0.04180415162991273
928,4,18mo.9mo.activity.log_ratio.median.5kb-20kb.enhancer_DMR,down,-0.17894354695223685
929,4,18mo.9mo.activity.log_ratio.max.5kb-20kb.enhancer_DMR,down,0.11138824376457171
930,4,18mo.9mo.activity.log_ratio.min.5kb-20kb.enhancer_DMR,down,0.18481440044124925
931,4,18mo.9mo.activity.log_ratio.count.5kb-20kb.enhancer_DMR,down,-0.16406139031637496
932,4,9mo.2mo.contact.log_ratio.mean.5kb-20kb.enhancer_DMR,down,-0.11184137118880168
933,4,9mo.2mo.contact.log_ratio.median.5kb-20kb.enhancer_DMR,down,-0.1857064984405333
934,4,9mo.2mo.contact.log_ratio.max.5kb-20kb.enhancer_DMR,down,-0.30877278097216
935,4,9mo.2mo.contact.log_ratio.min.5kb-20kb.enhancer_DMR,down,0.5072639233416559
936,4,9mo.2mo.contact.log_ratio.count.5kb-20kb.enhancer_DMR,down,0.14928725898749512
937,4,18mo.2mo.contact.log_ratio.mean.5kb-20kb.enhancer_DMR,down,-0.13409528267485954
938,4,18mo.2mo.contact.log_ratio.median.5kb-20kb.enhancer_DMR,down,-0.08194040928732735
939,4,18mo.2mo.contact.log_ratio.max.5kb-20kb.enhancer_DMR,down,0.43567212979167796
940,4,18mo.2mo.contact.log_ratio.min.5kb-20kb.enhancer_DMR,down,-0.0810873675380356
941,4,18mo.2mo.contact.log_ratio.count.5kb-20kb.enhancer_DMR,down,0.05705397025923471
942,4,18mo.9mo.contact.log_ratio.mean.5kb-20kb.enhancer_DMR,down,-0.11564928994330233
943,4,18mo.9mo.contact.log_ratio.median.5kb-20kb.enhancer_DMR,down,-0.36181413287934383
944,4,18mo.9mo.contact.log_ratio.max.5kb-20kb.enhancer_DMR,down,0.07570689323212589
945,4,18mo.9mo.contact.log_ratio.min.5kb-20kb.enhancer_DMR,down,0.21216606754231027
946,4,18mo.9mo.contact.log_ratio.count.5kb-20kb.enhancer_DMR,down,-0.16406139031637496
947,4,9mo.2mo.activity.log_ratio.mean.20kb-5Mb.enhancer_DMR,down,0.14693962137751643
948,4,9mo.2mo.activity.log_ratio.median.20kb-5Mb.enhancer_DMR,down,-0.14674441399105748
949,4,9mo.2mo.activity.log_ratio.max.20kb-5Mb.enhancer_DMR,down,0.11705760659642782
950,4,9mo.2mo.activity.log_ratio.min.20kb-5Mb.enhancer_DMR,down,-0.08956959217104668
951,4,9mo.2mo.activity.log_ratio.count.20kb-5Mb.enhancer_DMR,down,0.06807135190341644
952,4,18mo.2mo.activity.log_ratio.mean.20kb-5Mb.enhancer_DMR,down,-0.0148826790107946
953,4,18mo.2mo.activity.log_ratio.median.20kb-5Mb.enhancer_DMR,down,0.07720284041387249
954,4,18mo.2mo.activity.log_ratio.max.20kb-5Mb.enhancer_DMR,down,0.006163999877242222
955,4,18mo.2mo.activity.log_ratio.min.20kb-5Mb.enhancer_DMR,down,-0.0596840081329123
956,4,18mo.2mo.activity.log_ratio.count.20kb-5Mb.enhancer_DMR,down,-0.13984254122704623
957,4,18mo.9mo.activity.log_ratio.mean.20kb-5Mb.enhancer_DMR,down,0.01362887715378516
958,4,18mo.9mo.activity.log_ratio.median.20kb-5Mb.enhancer_DMR,down,0.23821322938322986
959,4,18mo.9mo.activity.log_ratio.max.20kb-5Mb.enhancer_DMR,down,-0.18149461235052206
960,4,18mo.9mo.activity.log_ratio.min.20kb-5Mb.enhancer_DMR,down,-0.05179580238406677
961,4,18mo.9mo.activity.log_ratio.count.20kb-5Mb.enhancer_DMR,down,0.128765306638645
962,4,9mo.2mo.contact.log_ratio.mean.20kb-5Mb.enhancer_DMR,down,-0.16420062233183225
963,4,9mo.2mo.contact.log_ratio.median.20kb-5Mb.enhancer_DMR,down,0.13309627000722252
964,4,9mo.2mo.contact.log_ratio.max.20kb-5Mb.enhancer_DMR,down,0.004294281677444401
965,4,9mo.2mo.contact.log_ratio.min.20kb-5Mb.enhancer_DMR,down,-0.04740014048542458
966,4,9mo.2mo.contact.log_ratio.count.20kb-5Mb.enhancer_DMR,down,0.06807135190341644
967,4,18mo.2mo.contact.log_ratio.mean.20kb-5Mb.enhancer_DMR,down,0.264648991784854
968,4,18mo.2mo.contact.log_ratio.median.20kb-5Mb.enhancer_DMR,down,-0.13900191582365007
969,4,18mo.2mo.contact.log_ratio.max.20kb-5Mb.enhancer_DMR,down,-0.04519682923436403
970,4,18mo.2mo.contact.log_ratio.min.20kb-5Mb.enhancer_DMR,down,-0.09304543903093965
971,4,18mo.2mo.contact.log_ratio.count.20kb-5Mb.enhancer_DMR,down,-0.13984254122704623
972,4,18mo.9mo.contact.log_ratio.mean.20kb-5Mb.enhancer_DMR,down,-0.04221624017488934
973,4,18mo.9mo.contact.log_ratio.median.20kb-5Mb.enhancer_DMR,down,-0.3109381411569211
974,4,18mo.9mo.contact.log_ratio.max.20kb-5Mb.enhancer_DMR,down,0.02932083631241046
975,4,18mo.9mo.contact.log_ratio.min.20kb-5Mb.enhancer_DMR,down,0.14317857943280407
976,4,18mo.9mo.contact.log_ratio.count.20kb-5Mb.enhancer_DMR,down,0.128765306638645
977,4,count.enhancer_DMR,down,-0.024366449136581297
978,4,9mo.2mo.activity.log_ratio.count.0-5kb.enhancer_peak,down,0.21962115209634217
979,4,18mo.2mo.activity.log_ratio.mean.0-5kb.enhancer_peak,down,0.05482074521177254
980,4,18mo.2mo.activity.log_ratio.median.0-5kb.enhancer_peak,down,0.05206339508377291
981,4,18mo.2mo.activity.log_ratio.max.0-5kb.enhancer_peak,down,-0.05758432908130578
982,4,18mo.2mo.activity.log_ratio.min.0-5kb.enhancer_peak,down,-0.16874951904210816
983,4,18mo.2mo.activity.log_ratio.count.0-5kb.enhancer_peak,down,-0.04806985410347873
984,4,18mo.9mo.activity.log_ratio.mean.0-5kb.enhancer_peak,down,0.11697969067387728
985,4,18mo.9mo.activity.log_ratio.median.0-5kb.enhancer_peak,down,0.05427838164721996
986,4,18mo.9mo.activity.log_ratio.max.0-5kb.enhancer_peak,down,0.0009254343422653283
987,4,18mo.9mo.activity.log_ratio.min.0-5kb.enhancer_peak,down,0.04527843855984517
988,4,18mo.9mo.activity.log_ratio.count.0-5kb.enhancer_peak,down,-0.04222251398102547
989,4,9mo.2mo.contact.log_ratio.count.0-5kb.enhancer_peak,down,0.21962115209634217
990,4,18mo.2mo.contact.log_ratio.mean.0-5kb.enhancer_peak,down,0.01293027926374781
991,4,18mo.2mo.contact.log_ratio.median.0-5kb.enhancer_peak,down,0.017447972827513866
992,4,18mo.2mo.contact.log_ratio.max.0-5kb.enhancer_peak,down,-0.01794066529084332
993,4,18mo.2mo.contact.log_ratio.min.0-5kb.enhancer_peak,down,-0.08373933006300628
994,4,18mo.2mo.contact.log_ratio.count.0-5kb.enhancer_peak,down,-0.04806985410347873
995,4,18mo.9mo.contact.log_ratio.mean.0-5kb.enhancer_peak,down,-0.003223354896100825
996,4,18mo.9mo.contact.log_ratio.median.0-5kb.enhancer_peak,down,-0.19162668984632503
997,4,18mo.9mo.contact.log_ratio.max.0-5kb.enhancer_peak,down,-0.0300746665471978
998,4,18mo.9mo.contact.log_ratio.min.0-5kb.enhancer_peak,down,0.33557436525814577
999,4,18mo.9mo.contact.log_ratio.count.0-5kb.enhancer_peak,down,-0.04222251398102547
1000,4,9mo.2mo.activity.log_ratio.count.5kb-20kb.enhancer_peak,down,0.012321939928498334
1001,4,18mo.2mo.activity.log_ratio.mean.5kb-20kb.enhancer_peak,down,0.015322372151374095
1002,4,18mo.2mo.activity.log_ratio.median.5kb-20kb.enhancer_peak,down,-0.08122293553366393
1003,4,18mo.2mo.activity.log_ratio.max.5kb-20kb.enhancer_peak,down,-0.19570871654861155
1004,4,18mo.2mo.activity.log_ratio.min.5kb-20kb.enhancer_peak,down,0.2943597390566167
1005,4,18mo.2mo.activity.log_ratio.count.5kb-20kb.enhancer_peak,down,-0.08666242926565043
1006,4,18mo.9mo.activity.log_ratio.mean.5kb-20kb.enhancer_peak,down,0.009774270327661755
1007,4,18mo.9mo.activity.log_ratio.median.5kb-20kb.enhancer_peak,down,0.2725572905357369
1008,4,18mo.9mo.activity.log_ratio.max.5kb-20kb.enhancer_peak,down,-0.16690875491273385
1009,4,18mo.9mo.activity.log_ratio.min.5kb-20kb.enhancer_peak,down,-0.18415509814025965
1010,4,18mo.9mo.activity.log_ratio.count.5kb-20kb.enhancer_peak,down,0.25996392854738676
1011,4,9mo.2mo.contact.log_ratio.count.5kb-20kb.enhancer_peak,down,0.012321939928498334
1012,4,18mo.2mo.contact.log_ratio.mean.5kb-20kb.enhancer_peak,down,-0.1325121028346058
1013,4,18mo.2mo.contact.log_ratio.median.5kb-20kb.enhancer_peak,down,-0.099168478648122
1014,4,18mo.2mo.contact.log_ratio.max.5kb-20kb.enhancer_peak,down,0.2676217531137495
1015,4,18mo.2mo.contact.log_ratio.min.5kb-20kb.enhancer_peak,down,-0.06084203340703846
1016,4,18mo.2mo.contact.log_ratio.count.5kb-20kb.enhancer_peak,down,-0.08666242926565043
1017,4,18mo.9mo.contact.log_ratio.mean.5kb-20kb.enhancer_peak,down,-0.07524818920888371
1018,4,18mo.9mo.contact.log_ratio.median.5kb-20kb.enhancer_peak,down,-0.13863456237691998
1019,4,18mo.9mo.contact.log_ratio.max.5kb-20kb.enhancer_peak,down,0.13565020562905986
1020,4,18mo.9mo.contact.log_ratio.min.5kb-20kb.enhancer_peak,down,0.012116523165278772
1021,4,18mo.9mo.contact.log_ratio.count.5kb-20kb.enhancer_peak,down,0.25996392854738676
1022,4,9mo.2mo.activity.log_ratio.mean.20kb-5Mb.enhancer_peak,down,-0.17450824127885128
1023,4,9mo.2mo.activity.log_ratio.median.20kb-5Mb.enhancer_peak,down,0.10270285824946067
1024,4,9mo.2mo.activity.log_ratio.std.20kb-5Mb.enhancer_peak,down,0.041527428662728766
1025,4,9mo.2mo.activity.log_ratio.max.20kb-5Mb.enhancer_peak,down,-0.15353244211632985
1026,4,9mo.2mo.activity.log_ratio.min.20kb-5Mb.enhancer_peak,down,0.09619245086812478
1027,4,9mo.2mo.activity.log_ratio.count.20kb-5Mb.enhancer_peak,down,-0.0870358974642147
1028,4,18mo.2mo.activity.log_ratio.mean.20kb-5Mb.enhancer_peak,down,0.06626717396072754
1029,4,18mo.2mo.activity.log_ratio.median.20kb-5Mb.enhancer_peak,down,-0.3385668678401567
1030,4,18mo.2mo.activity.log_ratio.std.20kb-5Mb.enhancer_peak,down,-0.03177518922733838
1031,4,18mo.2mo.activity.log_ratio.max.20kb-5Mb.enhancer_peak,down,0.19666083897218628
1032,4,18mo.2mo.activity.log_ratio.min.20kb-5Mb.enhancer_peak,down,0.3612395890437432
1033,4,18mo.2mo.activity.log_ratio.count.20kb-5Mb.enhancer_peak,down,0.19158255067155297
1034,4,18mo.9mo.activity.log_ratio.mean.20kb-5Mb.enhancer_peak,down,0.23377664057544736
1035,4,18mo.9mo.activity.log_ratio.median.20kb-5Mb.enhancer_peak,down,0.04618252742446149
1036,4,18mo.9mo.activity.log_ratio.std.20kb-5Mb.enhancer_peak,down,-0.03980792604004883
1037,4,18mo.9mo.activity.log_ratio.max.20kb-5Mb.enhancer_peak,down,-0.10620299572293435
1038,4,18mo.9mo.activity.log_ratio.min.20kb-5Mb.enhancer_peak,down,-0.32213228868183197
1039,4,18mo.9mo.activity.log_ratio.count.20kb-5Mb.enhancer_peak,down,0.06649752550241153
1040,4,9mo.2mo.contact.log_ratio.mean.20kb-5Mb.enhancer_peak,down,0.3696134238380785
1041,4,9mo.2mo.contact.log_ratio.median.20kb-5Mb.enhancer_peak,down,-0.23150075928269298
1042,4,9mo.2mo.contact.log_ratio.std.20kb-5Mb.enhancer_peak,down,0.07000772711479422
1043,4,9mo.2mo.contact.log_ratio.max.20kb-5Mb.enhancer_peak,down,-0.1362392708148815
1044,4,9mo.2mo.contact.log_ratio.min.20kb-5Mb.enhancer_peak,down,-0.0179690065182028
1045,4,9mo.2mo.contact.log_ratio.count.20kb-5Mb.enhancer_peak,down,-0.0870358974642147
1046,4,18mo.2mo.contact.log_ratio.mean.20kb-5Mb.enhancer_peak,down,0.14103798658245012
1047,4,18mo.2mo.contact.log_ratio.median.20kb-5Mb.enhancer_peak,down,0.035799921264676474
1048,4,18mo.2mo.contact.log_ratio.std.20kb-5Mb.enhancer_peak,down,0.3476624318024618
1049,4,18mo.2mo.contact.log_ratio.max.20kb-5Mb.enhancer_peak,down,-0.49465657549550673
1050,4,18mo.2mo.contact.log_ratio.min.20kb-5Mb.enhancer_peak,down,0.14694098625309504
1051,4,18mo.2mo.contact.log_ratio.count.20kb-5Mb.enhancer_peak,down,0.19158255067155297
1052,4,18mo.9mo.contact.log_ratio.mean.20kb-5Mb.enhancer_peak,down,-0.13371937738616288
1053,4,18mo.9mo.contact.log_ratio.median.20kb-5Mb.enhancer_peak,down,-0.025715664183427526
1054,4,18mo.9mo.contact.log_ratio.std.20kb-5Mb.enhancer_peak,down,0.03520055075118255
1055,4,18mo.9mo.contact.log_ratio.max.20kb-5Mb.enhancer_peak,down,-0.08515100280063621
1056,4,18mo.9mo.contact.log_ratio.min.20kb-5Mb.enhancer_peak,down,0.1716903770055229
1057,4,18mo.9mo.contact.log_ratio.count.20kb-5Mb.enhancer_peak,down,0.06649752550241153
1058,4,count.enhancer_peak,down,-0.013072073717194451
1059,4,rel_pos.DAR,down,-0.054345056549543413
1060,4,9mo.2mo.log_ratio.DAR,down,-0.1008779971629741
1061,4,18mo.9mo.log_ratio.DAR,down,-0.02176235162399924
1062,4,18mo.2mo.log_ratio.DAR,down,-0.08593748906022412
1063,4,count.DAR,down,0.3435701296552495
1064,4,size.log2.DMR,down,-0.08598828427139463
1065,4,rel_pos.DMR,down,0.025511837473770376
1066,4,9mo.2mo.log_ratio.DMR,down,-0.004226265329350035
1067,4,18mo.9mo.log_ratio.DMR,down,-0.031088502638371186
1068,4,18mo.2mo.log_ratio.DMR,down,-0.026381112555040564
1069,4,distance.log2.DMR,down,0.0780683858739355
1070,4,count.DMR,down,0.2897875072938697
1071,4,Qanova.mean.loops,down,0.022785010335876345
1072,4,Qanova.median.loops,down,-0.06528245051443755
1073,4,Qanova.std.loops,down,0.026399658072276507
1074,4,Qanova.max.loops,down,-0.4212027346791694
1075,4,Qanova.min.loops,down,0.450276237932909
1076,4,Tanova.mean.loops,down,-0.31375311786565846
1077,4,Tanova.median.loops,down,-0.10404363476545865
1078,4,Tanova.std.loops,down,0.228405421217889
1079,4,Tanova.max.loops,down,0.2809946475015249
1080,4,Tanova.min.loops,down,0.012794988521573328
1081,4,9mo.2mo.Q.mean.loops,down,-0.14003258918027806
1082,4,9mo.2mo.Q.median.loops,down,-0.005745981983264457
1083,4,9mo.2mo.Q.std.loops,down,-0.04669165684431771
1084,4,9mo.2mo.Q.max.loops,down,-0.024541983207526083
1085,4,9mo.2mo.Q.min.loops,down,0.01755538593049173
1086,4,18mo.9mo.Q.mean.loops,down,0.1835567962424386
1087,4,18mo.9mo.Q.median.loops,down,-0.3545492609424749
1088,4,18mo.9mo.Q.std.loops,down,0.38115470889916697
1089,4,18mo.9mo.Q.max.loops,down,0.060744886995164615
1090,4,18mo.9mo.Q.min.loops,down,-0.11960746467516488
1091,4,18mo.2mo.Q.mean.loops,down,0.09236488497364123
1092,4,18mo.2mo.Q.median.loops,down,-0.11224820542963025
1093,4,18mo.2mo.Q.std.loops,down,0.46982733087011014
1094,4,18mo.2mo.Q.max.loops,down,0.5420437808187993
1095,4,18mo.2mo.Q.min.loops,down,0.1423829363066935
1096,4,9mo.2mo.T.mean.loops,down,0.10296990026481943
1097,4,9mo.2mo.T.median.loops,down,-0.23905865194096243
1098,4,9mo.2mo.T.std.loops,down,0.2502427365698294
1099,4,9mo.2mo.T.max.loops,down,-0.08260825563850187
1100,4,9mo.2mo.T.min.loops,down,0.18870714453492132
1101,4,18mo.9mo.T.mean.loops,down,0.02597813205621839
1102,4,18mo.9mo.T.median.loops,down,-0.21607016961695655
1103,4,18mo.9mo.T.std.loops,down,0.010830249933218116
1104,4,18mo.9mo.T.max.loops,down,-0.0789934412071444
1105,4,18mo.9mo.T.min.loops,down,-0.1802755836081591
1106,4,18mo.2mo.T.mean.loops,down,0.11082850686603431
1107,4,18mo.2mo.T.median.loops,down,0.011643225155545462
1108,4,18mo.2mo.T.std.loops,down,-0.16134627202593788
1109,4,18mo.2mo.T.max.loops,down,-0.4652362246494571
1110,4,18mo.2mo.T.min.loops,down,0.17923478810649823
1111,4,loop_size.log.mean.loops,down,-0.10826844940882543
1112,4,loop_size.log.median.loops,down,-0.03572876960816044
1113,4,loop_size.log.std.loops,down,-0.11887519561993232
1114,4,loop_size.log.max.loops,down,-0.13184268286785444
1115,4,loop_size.log.min.loops,down,-0.41901926400753653
1116,4,min_distance.log.mean.loops,down,0.1429078246556828
1117,4,min_distance.log.median.loops,down,-0.00027086424044625405
1118,4,min_distance.log.std.loops,down,0.0863378260707397
1119,4,min_distance.log.max.loops,down,0.24559777010840927
1120,4,min_distance.log.min.loops,down,0.23925704652212096
1121,4,count.loops,down,-0.15623113958204862
1122,4,9mo.2mo.log_ratio.mcg_genebody,down,0.07436738884451691
1123,4,18mo.9mo.log_ratio.mcg_genebody,down,0.03161705812279369
1124,4,18mo.2mo.log_ratio.mcg_genebody,down,0.05925921056912436
1125,4,9mo.2mo.log_ratio.mch_genebody,down,0.3247793797425209
1126,4,18mo.9mo.log_ratio.mch_genebody,down,0.12580963836536824
1127,4,18mo.2mo.log_ratio.mch_genebody,down,0.3278212031847228
1128,4,9mo.2mo.log_ratio.mean.atac,down,-0.039821896258376455
1129,4,18mo.9mo.log_ratio.mean.atac,down,-0.13275441389055914
1130,4,18mo.2mo.log_ratio.mean.atac,down,-0.1140261343064212
1131,4,log2_distance.mean.atac,down,0.16998370528457063
1132,4,9mo.2mo.log_ratio.std.atac,down,-0.14903101163813598
1133,4,18mo.9mo.log_ratio.std.atac,down,-0.2978163891383872
1134,4,18mo.2mo.log_ratio.std.atac,down,0.13385930027736673
1135,4,log2_distance.std.atac,down,0.03298175998447877
1136,4,9mo.2mo.log_ratio.max.atac,down,0.27607441926234216
1137,4,18mo.9mo.log_ratio.max.atac,down,0.25553764773931287
1138,4,18mo.2mo.log_ratio.max.atac,down,0.04303206139710868
1139,4,log2_distance.max.atac,down,0.0724888738258508
1140,4,9mo.2mo.log_ratio.min.atac,down,0.17696861964439475
1141,4,18mo.9mo.log_ratio.min.atac,down,-0.0674876143544726
1142,4,18mo.2mo.log_ratio.min.atac,down,0.046128760655913925
1143,4,log2_distance.min.atac,down,-0.1428301270073063
1144,4,count.atac,down,0.11545656192568812
1145,0,gene_length.meta,non,-0.28296602667355353
1146,0,9mo.2mo.activity.log_ratio.mean.5kb-20kb.enhancer_DMR,non,-0.00551869132914938
1147,0,9mo.2mo.activity.log_ratio.median.5kb-20kb.enhancer_DMR,non,0.002469827120915893
1148,0,9mo.2mo.activity.log_ratio.max.5kb-20kb.enhancer_DMR,non,-0.05077626775232842
1149,0,9mo.2mo.activity.log_ratio.min.5kb-20kb.enhancer_DMR,non,0.03744956758599048
1150,0,9mo.2mo.activity.log_ratio.count.5kb-20kb.enhancer_DMR,non,0.019820234854037222
1151,0,18mo.2mo.activity.log_ratio.mean.5kb-20kb.enhancer_DMR,non,0.18194136021879637
1152,0,18mo.2mo.activity.log_ratio.median.5kb-20kb.enhancer_DMR,non,0.15718592667825398
1153,0,18mo.2mo.activity.log_ratio.max.5kb-20kb.enhancer_DMR,non,0.12130798942400531
1154,0,18mo.2mo.activity.log_ratio.min.5kb-20kb.enhancer_DMR,non,-0.24692465883900655
1155,0,18mo.2mo.activity.log_ratio.count.5kb-20kb.enhancer_DMR,non,-0.23273424582772453
1156,0,18mo.9mo.activity.log_ratio.mean.5kb-20kb.enhancer_DMR,non,0.04380528976058114
1157,0,18mo.9mo.activity.log_ratio.median.5kb-20kb.enhancer_DMR,non,-0.18703168922605368
1158,0,18mo.9mo.activity.log_ratio.max.5kb-20kb.enhancer_DMR,non,0.09742042986077587
1159,0,18mo.9mo.activity.log_ratio.min.5kb-20kb.enhancer_DMR,non,-0.08580194383741528
1160,0,18mo.9mo.activity.log_ratio.count.5kb-20kb.enhancer_DMR,non,0.211789549896842
1161,0,9mo.2mo.contact.log_ratio.mean.5kb-20kb.enhancer_DMR,non,-0.04366588055031299
1162,0,9mo.2mo.contact.log_ratio.median.5kb-20kb.enhancer_DMR,non,0.07273019779011775
1163,0,9mo.2mo.contact.log_ratio.max.5kb-20kb.enhancer_DMR,non,-0.4479503330511417
1164,0,9mo.2mo.contact.log_ratio.min.5kb-20kb.enhancer_DMR,non,0.26467868592966765
1165,0,9mo.2mo.contact.log_ratio.count.5kb-20kb.enhancer_DMR,non,0.019820234854037222
1166,0,18mo.2mo.contact.log_ratio.mean.5kb-20kb.enhancer_DMR,non,0.056867674632773035
1167,0,18mo.2mo.contact.log_ratio.median.5kb-20kb.enhancer_DMR,non,-0.11168535696840343
1168,0,18mo.2mo.contact.log_ratio.max.5kb-20kb.enhancer_DMR,non,0.1616014556660171
1169,0,18mo.2mo.contact.log_ratio.min.5kb-20kb.enhancer_DMR,non,0.1450560541790556
1170,0,18mo.2mo.contact.log_ratio.count.5kb-20kb.enhancer_DMR,non,-0.23273424582772453
1171,0,18mo.9mo.contact.log_ratio.mean.5kb-20kb.enhancer_DMR,non,-0.08147820763997128
1172,0,18mo.9mo.contact.log_ratio.median.5kb-20kb.enhancer_DMR,non,-0.019919753921973392
1173,0,18mo.9mo.contact.log_ratio.max.5kb-20kb.enhancer_DMR,non,0.050541688086959594
1174,0,18mo.9mo.contact.log_ratio.min.5kb-20kb.enhancer_DMR,non,-0.22210871650348574
1175,0,18mo.9mo.contact.log_ratio.count.5kb-20kb.enhancer_DMR,non,0.211789549896842
1176,0,9mo.2mo.activity.log_ratio.mean.20kb-5Mb.enhancer_DMR,non,-0.29278682815650064
1177,0,9mo.2mo.activity.log_ratio.median.20kb-5Mb.enhancer_DMR,non,0.28023484981253427
1178,0,9mo.2mo.activity.log_ratio.max.20kb-5Mb.enhancer_DMR,non,0.16129717150400671
1179,0,9mo.2mo.activity.log_ratio.min.20kb-5Mb.enhancer_DMR,non,0.03138459168195736
1180,0,9mo.2mo.activity.log_ratio.count.20kb-5Mb.enhancer_DMR,non,0.015497487846849805
1181,0,18mo.2mo.activity.log_ratio.mean.20kb-5Mb.enhancer_DMR,non,-0.28877297659319856
1182,0,18mo.2mo.activity.log_ratio.median.20kb-5Mb.enhancer_DMR,non,0.017636054168706516
1183,0,18mo.2mo.activity.log_ratio.max.20kb-5Mb.enhancer_DMR,non,0.042631576669915947
1184,0,18mo.2mo.activity.log_ratio.min.20kb-5Mb.enhancer_DMR,non,0.15628161768618332
1185,0,18mo.2mo.activity.log_ratio.count.20kb-5Mb.enhancer_DMR,non,-0.03537510111686869
1186,0,18mo.9mo.activity.log_ratio.mean.20kb-5Mb.enhancer_DMR,non,-0.10124141084371363
1187,0,18mo.9mo.activity.log_ratio.median.20kb-5Mb.enhancer_DMR,non,-0.06079935521148077
1188,0,18mo.9mo.activity.log_ratio.max.20kb-5Mb.enhancer_DMR,non,0.18904249261265352
1189,0,18mo.9mo.activity.log_ratio.min.20kb-5Mb.enhancer_DMR,non,-0.006306494361824541
1190,0,18mo.9mo.activity.log_ratio.count.20kb-5Mb.enhancer_DMR,non,0.15891729698325965
1191,0,9mo.2mo.contact.log_ratio.mean.20kb-5Mb.enhancer_DMR,non,0.07354939304660772
1192,0,9mo.2mo.contact.log_ratio.median.20kb-5Mb.enhancer_DMR,non,-0.027008813795632743
1193,0,9mo.2mo.contact.log_ratio.max.20kb-5Mb.enhancer_DMR,non,0.12406647661703979
1194,0,9mo.2mo.contact.log_ratio.min.20kb-5Mb.enhancer_DMR,non,-0.2702788148998669
1195,0,9mo.2mo.contact.log_ratio.count.20kb-5Mb.enhancer_DMR,non,0.015497487846849805
1196,0,18mo.2mo.contact.log_ratio.mean.20kb-5Mb.enhancer_DMR,non,-0.3096557523450829
1197,0,18mo.2mo.contact.log_ratio.median.20kb-5Mb.enhancer_DMR,non,0.08350513457900009
1198,0,18mo.2mo.contact.log_ratio.max.20kb-5Mb.enhancer_DMR,non,0.13944698003645437
1199,0,18mo.2mo.contact.log_ratio.min.20kb-5Mb.enhancer_DMR,non,-0.0025910280843883015
1200,0,18mo.2mo.contact.log_ratio.count.20kb-5Mb.enhancer_DMR,non,-0.03537510111686869
1201,0,18mo.9mo.contact.log_ratio.mean.20kb-5Mb.enhancer_DMR,non,-0.027925628579997783
1202,0,18mo.9mo.contact.log_ratio.median.20kb-5Mb.enhancer_DMR,non,-0.46459528452142285
1203,0,18mo.9mo.contact.log_ratio.max.20kb-5Mb.enhancer_DMR,non,-0.03891824431862714
1204,0,18mo.9mo.contact.log_ratio.min.20kb-5Mb.enhancer_DMR,non,0.36776984981117067
1205,0,18mo.9mo.contact.log_ratio.count.20kb-5Mb.enhancer_DMR,non,0.15891729698325965
1206,0,count.enhancer_DMR,non,0.0356096538216721
1207,0,9mo.2mo.activity.log_ratio.count.0-5kb.enhancer_peak,non,0.1702459934037705
1208,0,18mo.2mo.activity.log_ratio.mean.0-5kb.enhancer_peak,non,-0.07231413857790095
1209,0,18mo.2mo.activity.log_ratio.median.0-5kb.enhancer_peak,non,-0.1686705122221004
1210,0,18mo.2mo.activity.log_ratio.max.0-5kb.enhancer_peak,non,0.4381734455047723
1211,0,18mo.2mo.activity.log_ratio.min.0-5kb.enhancer_peak,non,-0.13950690420421846
1212,0,18mo.2mo.activity.log_ratio.count.0-5kb.enhancer_peak,non,-0.10593360049332759
1213,0,18mo.9mo.activity.log_ratio.mean.0-5kb.enhancer_peak,non,-0.05338048698544208
1214,0,18mo.9mo.activity.log_ratio.median.0-5kb.enhancer_peak,non,0.17958339212943425
1215,0,18mo.9mo.activity.log_ratio.max.0-5kb.enhancer_peak,non,-0.03170644035020888
1216,0,18mo.9mo.activity.log_ratio.min.0-5kb.enhancer_peak,non,-0.13044678957116862
1217,0,18mo.9mo.activity.log_ratio.count.0-5kb.enhancer_peak,non,-0.13840239700122406
1218,0,9mo.2mo.contact.log_ratio.count.0-5kb.enhancer_peak,non,0.1702459934037705
1219,0,18mo.2mo.contact.log_ratio.mean.0-5kb.enhancer_peak,non,-0.11545030914215994
1220,0,18mo.2mo.contact.log_ratio.median.0-5kb.enhancer_peak,non,-0.2988537312831787
1221,0,18mo.2mo.contact.log_ratio.max.0-5kb.enhancer_peak,non,0.08111421062064562
1222,0,18mo.2mo.contact.log_ratio.min.0-5kb.enhancer_peak,non,0.3994544254886215
1223,0,18mo.2mo.contact.log_ratio.count.0-5kb.enhancer_peak,non,-0.10593360049332759
1224,0,18mo.9mo.contact.log_ratio.mean.0-5kb.enhancer_peak,non,-0.025665841395433507
1225,0,18mo.9mo.contact.log_ratio.median.0-5kb.enhancer_peak,non,-0.20767957624448669
1226,0,18mo.9mo.contact.log_ratio.max.0-5kb.enhancer_peak,non,0.26846459813440793
1227,0,18mo.9mo.contact.log_ratio.min.0-5kb.enhancer_peak,non,0.06742459500202366
1228,0,18mo.9mo.contact.log_ratio.count.0-5kb.enhancer_peak,non,-0.13840239700122406
1229,0,9mo.2mo.activity.log_ratio.count.5kb-20kb.enhancer_peak,non,-0.08838140952572843
1230,0,18mo.2mo.activity.log_ratio.mean.5kb-20kb.enhancer_peak,non,0.08616097386062789
1231,0,18mo.2mo.activity.log_ratio.median.5kb-20kb.enhancer_peak,non,0.33223488145648733
1232,0,18mo.2mo.activity.log_ratio.max.5kb-20kb.enhancer_peak,non,-0.03458502887889228
1233,0,18mo.2mo.activity.log_ratio.min.5kb-20kb.enhancer_peak,non,-0.31612552336288424
1234,0,18mo.2mo.activity.log_ratio.count.5kb-20kb.enhancer_peak,non,0.04053720179459887
1235,0,18mo.9mo.activity.log_ratio.mean.5kb-20kb.enhancer_peak,non,0.06913751681154298
1236,0,18mo.9mo.activity.log_ratio.median.5kb-20kb.enhancer_peak,non,-0.21401749280601437
1237,0,18mo.9mo.activity.log_ratio.max.5kb-20kb.enhancer_peak,non,0.28037848076749566
1238,0,18mo.9mo.activity.log_ratio.min.5kb-20kb.enhancer_peak,non,0.09381440362900384
1239,0,18mo.9mo.activity.log_ratio.count.5kb-20kb.enhancer_peak,non,-0.009693885758603735
1240,0,9mo.2mo.contact.log_ratio.count.5kb-20kb.enhancer_peak,non,-0.08838140952572843
1241,0,18mo.2mo.contact.log_ratio.mean.5kb-20kb.enhancer_peak,non,0.015061614414429925
1242,0,18mo.2mo.contact.log_ratio.median.5kb-20kb.enhancer_peak,non,-0.12145309440399472
1243,0,18mo.2mo.contact.log_ratio.max.5kb-20kb.enhancer_peak,non,0.05045370398163081
1244,0,18mo.2mo.contact.log_ratio.min.5kb-20kb.enhancer_peak,non,0.027477596319072657
1245,0,18mo.2mo.contact.log_ratio.count.5kb-20kb.enhancer_peak,non,0.04053720179459887
1246,0,18mo.9mo.contact.log_ratio.mean.5kb-20kb.enhancer_peak,non,-0.045826851538692946
1247,0,18mo.9mo.contact.log_ratio.median.5kb-20kb.enhancer_peak,non,-0.2252226699960395
1248,0,18mo.9mo.contact.log_ratio.max.5kb-20kb.enhancer_peak,non,0.03993807484183394
1249,0,18mo.9mo.contact.log_ratio.min.5kb-20kb.enhancer_peak,non,0.2107579666427316
1250,0,18mo.9mo.contact.log_ratio.count.5kb-20kb.enhancer_peak,non,-0.009693885758603735
1251,0,9mo.2mo.activity.log_ratio.mean.20kb-5Mb.enhancer_peak,non,0.16641478325911183
1252,0,9mo.2mo.activity.log_ratio.median.20kb-5Mb.enhancer_peak,non,0.045647057903988514
1253,0,9mo.2mo.activity.log_ratio.std.20kb-5Mb.enhancer_peak,non,-0.16930045310476985
1254,0,9mo.2mo.activity.log_ratio.max.20kb-5Mb.enhancer_peak,non,-0.2290465465716184
1255,0,9mo.2mo.activity.log_ratio.min.20kb-5Mb.enhancer_peak,non,-0.33042141878015235
1256,0,9mo.2mo.activity.log_ratio.count.20kb-5Mb.enhancer_peak,non,-0.04006006420731167
1257,0,18mo.2mo.activity.log_ratio.mean.20kb-5Mb.enhancer_peak,non,0.18196321466764126
1258,0,18mo.2mo.activity.log_ratio.median.20kb-5Mb.enhancer_peak,non,-0.5754103776584311
1259,0,18mo.2mo.activity.log_ratio.std.20kb-5Mb.enhancer_peak,non,-0.07052428956326989
1260,0,18mo.2mo.activity.log_ratio.max.20kb-5Mb.enhancer_peak,non,0.472757948392702
1261,0,18mo.2mo.activity.log_ratio.min.20kb-5Mb.enhancer_peak,non,0.2639162002973813
1262,0,18mo.2mo.activity.log_ratio.count.20kb-5Mb.enhancer_peak,non,0.11714603896163128
1263,0,18mo.9mo.activity.log_ratio.mean.20kb-5Mb.enhancer_peak,non,-0.6195243579057788
1264,0,18mo.9mo.activity.log_ratio.median.20kb-5Mb.enhancer_peak,non,0.29257547283989355
1265,0,18mo.9mo.activity.log_ratio.std.20kb-5Mb.enhancer_peak,non,0.12488141598085187
1266,0,18mo.9mo.activity.log_ratio.max.20kb-5Mb.enhancer_peak,non,0.050303017238219935
1267,0,18mo.9mo.activity.log_ratio.min.20kb-5Mb.enhancer_peak,non,0.2105957935755823
1268,0,18mo.9mo.activity.log_ratio.count.20kb-5Mb.enhancer_peak,non,0.04043521720919161
1269,0,9mo.2mo.contact.log_ratio.mean.20kb-5Mb.enhancer_peak,non,0.07231682022495545
1270,0,9mo.2mo.contact.log_ratio.median.20kb-5Mb.enhancer_peak,non,-0.07637119215906744
1271,0,9mo.2mo.contact.log_ratio.std.20kb-5Mb.enhancer_peak,non,0.28638160785094285
1272,0,9mo.2mo.contact.log_ratio.max.20kb-5Mb.enhancer_peak,non,-0.10531208575862491
1273,0,9mo.2mo.contact.log_ratio.min.20kb-5Mb.enhancer_peak,non,0.05757235358713793
1274,0,9mo.2mo.contact.log_ratio.count.20kb-5Mb.enhancer_peak,non,-0.04006006420731167
1275,0,18mo.2mo.contact.log_ratio.mean.20kb-5Mb.enhancer_peak,non,0.17123365156008583
1276,0,18mo.2mo.contact.log_ratio.median.20kb-5Mb.enhancer_peak,non,-0.09130906048556783
1277,0,18mo.2mo.contact.log_ratio.std.20kb-5Mb.enhancer_peak,non,0.49091034059018435
1278,0,18mo.2mo.contact.log_ratio.max.20kb-5Mb.enhancer_peak,non,-0.3889469445664101
1279,0,18mo.2mo.contact.log_ratio.min.20kb-5Mb.enhancer_peak,non,0.37856955274045523
1280,0,18mo.2mo.contact.log_ratio.count.20kb-5Mb.enhancer_peak,non,0.11714603896163128
1281,0,18mo.9mo.contact.log_ratio.mean.20kb-5Mb.enhancer_peak,non,0.02017615751283606
1282,0,18mo.9mo.contact.log_ratio.median.20kb-5Mb.enhancer_peak,non,0.08798397803758759
1283,0,18mo.9mo.contact.log_ratio.std.20kb-5Mb.enhancer_peak,non,0.20174060171862498
1284,0,18mo.9mo.contact.log_ratio.max.20kb-5Mb.enhancer_peak,non,-0.37106880289336597
1285,0,18mo.9mo.contact.log_ratio.min.20kb-5Mb.enhancer_peak,non,0.07776819503329085
1286,0,18mo.9mo.contact.log_ratio.count.20kb-5Mb.enhancer_peak,non,0.04043521720919161
1287,0,count.enhancer_peak,non,-0.17205457644683236
1288,0,rel_pos.DAR,non,0.08098873278563835
1289,0,9mo.2mo.log_ratio.DAR,non,-0.10227388783091972
1290,0,18mo.9mo.log_ratio.DAR,non,-0.11231978142570699
1291,0,18mo.2mo.log_ratio.DAR,non,-0.14539426862790264
1292,0,count.DAR,non,-0.06320002487588651
1293,0,size.log2.DMR,non,-0.054525569463346454
1294,0,rel_pos.DMR,non,-0.23503700701279276
1295,0,9mo.2mo.log_ratio.DMR,non,-0.09584839612029626
1296,0,18mo.9mo.log_ratio.DMR,non,0.10785956706485202
1297,0,18mo.2mo.log_ratio.DMR,non,0.02511473930375664
1298,0,distance.log2.DMR,non,0.15182934293972997
1299,0,count.DMR,non,0.0747687059411362
1300,0,Qanova.mean.loops,non,0.3327071795925669
1301,0,Qanova.median.loops,non,-0.08009298854599109
1302,0,Qanova.std.loops,non,-0.033818470748177884
1303,0,Qanova.max.loops,non,-0.4884821389115095
1304,0,Qanova.min.loops,non,0.3566757988950429
1305,0,Tanova.mean.loops,non,-0.11056018054697536
1306,0,Tanova.median.loops,non,0.15887451645120065
1307,0,Tanova.std.loops,non,-0.09859770685661952
1308,0,Tanova.max.loops,non,0.15408047159229432
1309,0,Tanova.min.loops,non,-0.26589248462510556
1310,0,9mo.2mo.Q.mean.loops,non,0.2894423933028539
1311,0,9mo.2mo.Q.median.loops,non,-0.03923776050199479
1312,0,9mo.2mo.Q.std.loops,non,0.1377617743503488
1313,0,9mo.2mo.Q.max.loops,non,-0.27230057319987405
1314,0,9mo.2mo.Q.min.loops,non,0.4110735007080861
1315,0,18mo.9mo.Q.mean.loops,non,-0.10522043892793491
1316,0,18mo.9mo.Q.median.loops,non,-0.08351269370825344
1317,0,18mo.9mo.Q.std.loops,non,0.04912838972976683
1318,0,18mo.9mo.Q.max.loops,non,0.3448122956384127
1319,0,18mo.9mo.Q.min.loops,non,-0.08972735704126074
1320,0,18mo.2mo.Q.mean.loops,non,0.07642143964517999
1321,0,18mo.2mo.Q.median.loops,non,-0.11249653367340395
1322,0,18mo.2mo.Q.std.loops,non,0.373311152631988
1323,0,18mo.2mo.Q.max.loops,non,0.06242826302368555
1324,0,18mo.2mo.Q.min.loops,non,-0.011384088353773972
1325,0,9mo.2mo.T.mean.loops,non,-0.3286561492682812
1326,0,9mo.2mo.T.median.loops,non,0.24443244355339996
1327,0,9mo.2mo.T.std.loops,non,-0.0666848060517233
1328,0,9mo.2mo.T.max.loops,non,0.09405630473418865
1329,0,9mo.2mo.T.min.loops,non,-0.1912903736384799
1330,0,18mo.9mo.T.mean.loops,non,-0.2438183150977828
1331,0,18mo.9mo.T.median.loops,non,0.011661582418733493
1332,0,18mo.9mo.T.std.loops,non,0.5439191766699784
1333,0,18mo.9mo.T.max.loops,non,0.26429668452703503
1334,0,18mo.9mo.T.min.loops,non,0.4853877750261353
1335,0,18mo.2mo.T.mean.loops,non,-0.5030682287001579
1336,0,18mo.2mo.T.median.loops,non,0.13106879916039854
1337,0,18mo.2mo.T.std.loops,non,-0.6324879547298151
1338,0,18mo.2mo.T.max.loops,non,0.3923964437104822
1339,0,18mo.2mo.T.min.loops,non,-0.043004233549916684
1340,0,loop_size.log.mean.loops,non,0.17303713894748185
1341,0,loop_size.log.median.loops,non,0.10734016530834219
1342,0,loop_size.log.std.loops,non,0.16214055970517496
1343,0,loop_size.log.max.loops,non,-0.04921461971403971
1344,0,loop_size.log.min.loops,non,0.10885052563829523
1345,0,min_distance.log.mean.loops,non,-0.10595677836798258
1346,0,min_distance.log.median.loops,non,-0.23839734648422395
1347,0,min_distance.log.std.loops,non,-0.12445156627104556
1348,0,min_distance.log.max.loops,non,-0.03708118350572588
1349,0,min_distance.log.min.loops,non,-0.27366702531647336
1350,0,count.loops,non,-0.00037141112743858734
1351,0,9mo.2mo.log_ratio.mcg_genebody,non,0.022054844403543848
1352,0,18mo.9mo.log_ratio.mcg_genebody,non,-0.0028315067174146274
1353,0,18mo.2mo.log_ratio.mcg_genebody,non,0.006889379322748306
1354,0,9mo.2mo.log_ratio.mch_genebody,non,0.06761885565854903
1355,0,18mo.9mo.log_ratio.mch_genebody,non,-0.02467352776996939
1356,0,18mo.2mo.log_ratio.mch_genebody,non,0.03239837504216002
1357,0,9mo.2mo.log_ratio.mean.atac,non,0.008902119519941652
1358,0,18mo.9mo.log_ratio.mean.atac,non,-0.15282105470703278
1359,0,18mo.2mo.log_ratio.mean.atac,non,-0.08535385374108906
1360,0,log2_distance.mean.atac,non,0.3742205552649014
1361,0,9mo.2mo.log_ratio.std.atac,non,0.03870554331913429
1362,0,18mo.9mo.log_ratio.std.atac,non,0.006167861656027749
1363,0,18mo.2mo.log_ratio.std.atac,non,0.12375204103057566
1364,0,log2_distance.std.atac,non,0.21436010345455264
1365,0,9mo.2mo.log_ratio.max.atac,non,0.17015856214034192
1366,0,18mo.9mo.log_ratio.max.atac,non,0.17565838413077184
1367,0,18mo.2mo.log_ratio.max.atac,non,-0.009738693985084016
1368,0,log2_distance.max.atac,non,-0.4347919752766394
1369,0,9mo.2mo.log_ratio.min.atac,non,0.2904256482510094
1370,0,18mo.9mo.log_ratio.min.atac,non,0.18562737899567971
1371,0,18mo.2mo.log_ratio.min.atac,non,0.07646014211541567
1372,0,log2_distance.min.atac,non,0.07594875089215629
1373,0,count.atac,non,-0.12599818444585756
1374,1,gene_length.meta,non,-0.17945023031638166
1375,1,9mo.2mo.activity.log_ratio.mean.5kb-20kb.enhancer_DMR,non,-0.07922799508228086
1376,1,9mo.2mo.activity.log_ratio.median.5kb-20kb.enhancer_DMR,non,0.06830195849812408
1377,1,9mo.2mo.activity.log_ratio.max.5kb-20kb.enhancer_DMR,non,0.07109046465650776
1378,1,9mo.2mo.activity.log_ratio.min.5kb-20kb.enhancer_DMR,non,0.08123755640808378
1379,1,9mo.2mo.activity.log_ratio.count.5kb-20kb.enhancer_DMR,non,0.026654231623548432
1380,1,18mo.2mo.activity.log_ratio.mean.5kb-20kb.enhancer_DMR,non,-0.09273395026100671
1381,1,18mo.2mo.activity.log_ratio.median.5kb-20kb.enhancer_DMR,non,0.24427363159342813
1382,1,18mo.2mo.activity.log_ratio.max.5kb-20kb.enhancer_DMR,non,-0.009330322626313564
1383,1,18mo.2mo.activity.log_ratio.min.5kb-20kb.enhancer_DMR,non,-0.12301288879768049
1384,1,18mo.2mo.activity.log_ratio.count.5kb-20kb.enhancer_DMR,non,-0.15449801006413832
1385,1,18mo.9mo.activity.log_ratio.mean.5kb-20kb.enhancer_DMR,non,0.0862700652521034
1386,1,18mo.9mo.activity.log_ratio.median.5kb-20kb.enhancer_DMR,non,0.062321055955771094
1387,1,18mo.9mo.activity.log_ratio.max.5kb-20kb.enhancer_DMR,non,0.07942897313095242
1388,1,18mo.9mo.activity.log_ratio.min.5kb-20kb.enhancer_DMR,non,-0.1530025230704864
1389,1,18mo.9mo.activity.log_ratio.count.5kb-20kb.enhancer_DMR,non,0.12747634849894093
1390,1,9mo.2mo.contact.log_ratio.mean.5kb-20kb.enhancer_DMR,non,0.026268292162634124
1391,1,9mo.2mo.contact.log_ratio.median.5kb-20kb.enhancer_DMR,non,0.02964117136480981
1392,1,9mo.2mo.contact.log_ratio.max.5kb-20kb.enhancer_DMR,non,0.10585894685018998
1393,1,9mo.2mo.contact.log_ratio.min.5kb-20kb.enhancer_DMR,non,-0.09994312854555333
1394,1,9mo.2mo.contact.log_ratio.count.5kb-20kb.enhancer_DMR,non,0.026654231623548432
1395,1,18mo.2mo.contact.log_ratio.mean.5kb-20kb.enhancer_DMR,non,-0.009869465239704632
1396,1,18mo.2mo.contact.log_ratio.median.5kb-20kb.enhancer_DMR,non,-0.04897193475914694
1397,1,18mo.2mo.contact.log_ratio.max.5kb-20kb.enhancer_DMR,non,-0.01670698739570931
1398,1,18mo.2mo.contact.log_ratio.min.5kb-20kb.enhancer_DMR,non,0.08813831178374736
1399,1,18mo.2mo.contact.log_ratio.count.5kb-20kb.enhancer_DMR,non,-0.15449801006413832
1400,1,18mo.9mo.contact.log_ratio.mean.5kb-20kb.enhancer_DMR,non,-0.02265080514425558
1401,1,18mo.9mo.contact.log_ratio.median.5kb-20kb.enhancer_DMR,non,0.011438483563524489
1402,1,18mo.9mo.contact.log_ratio.max.5kb-20kb.enhancer_DMR,non,-0.02019816390164704
1403,1,18mo.9mo.contact.log_ratio.min.5kb-20kb.enhancer_DMR,non,0.08222675377695053
1404,1,18mo.9mo.contact.log_ratio.count.5kb-20kb.enhancer_DMR,non,0.12747634849894093
1405,1,9mo.2mo.activity.log_ratio.mean.20kb-5Mb.enhancer_DMR,non,-0.16637711324509952
1406,1,9mo.2mo.activity.log_ratio.median.20kb-5Mb.enhancer_DMR,non,0.017400559793196237
1407,1,9mo.2mo.activity.log_ratio.max.20kb-5Mb.enhancer_DMR,non,0.24645107808044867
1408,1,9mo.2mo.activity.log_ratio.min.20kb-5Mb.enhancer_DMR,non,0.08352956284185699
1409,1,9mo.2mo.activity.log_ratio.count.20kb-5Mb.enhancer_DMR,non,0.052988626102522314
1410,1,18mo.2mo.activity.log_ratio.mean.20kb-5Mb.enhancer_DMR,non,0.061555947977765584
1411,1,18mo.2mo.activity.log_ratio.median.20kb-5Mb.enhancer_DMR,non,0.008154753487797026
1412,1,18mo.2mo.activity.log_ratio.max.20kb-5Mb.enhancer_DMR,non,-0.09008494578645339
1413,1,18mo.2mo.activity.log_ratio.min.20kb-5Mb.enhancer_DMR,non,0.13469578673996413
1414,1,18mo.2mo.activity.log_ratio.count.20kb-5Mb.enhancer_DMR,non,-0.17353520379786058
1415,1,18mo.9mo.activity.log_ratio.mean.20kb-5Mb.enhancer_DMR,non,-0.15619999614887867
1416,1,18mo.9mo.activity.log_ratio.median.20kb-5Mb.enhancer_DMR,non,-0.00032233714558703533
1417,1,18mo.9mo.activity.log_ratio.max.20kb-5Mb.enhancer_DMR,non,0.09904258514357217
1418,1,18mo.9mo.activity.log_ratio.min.20kb-5Mb.enhancer_DMR,non,-0.028700146310298522
1419,1,18mo.9mo.activity.log_ratio.count.20kb-5Mb.enhancer_DMR,non,0.16432726788119678
1420,1,9mo.2mo.contact.log_ratio.mean.20kb-5Mb.enhancer_DMR,non,-0.004609749479292135
1421,1,9mo.2mo.contact.log_ratio.median.20kb-5Mb.enhancer_DMR,non,0.061431755505979777
1422,1,9mo.2mo.contact.log_ratio.max.20kb-5Mb.enhancer_DMR,non,0.10403008567756651
1423,1,9mo.2mo.contact.log_ratio.min.20kb-5Mb.enhancer_DMR,non,-0.11671217593545591
1424,1,9mo.2mo.contact.log_ratio.count.20kb-5Mb.enhancer_DMR,non,0.052988626102522314
1425,1,18mo.2mo.contact.log_ratio.mean.20kb-5Mb.enhancer_DMR,non,-0.255693312807043
1426,1,18mo.2mo.contact.log_ratio.median.20kb-5Mb.enhancer_DMR,non,-0.048939511706567435
1427,1,18mo.2mo.contact.log_ratio.max.20kb-5Mb.enhancer_DMR,non,0.2445394302096469
1428,1,18mo.2mo.contact.log_ratio.min.20kb-5Mb.enhancer_DMR,non,-0.06998914559085101
1429,1,18mo.2mo.contact.log_ratio.count.20kb-5Mb.enhancer_DMR,non,-0.17353520379786058
1430,1,18mo.9mo.contact.log_ratio.mean.20kb-5Mb.enhancer_DMR,non,-0.07356453304853572
1431,1,18mo.9mo.contact.log_ratio.median.20kb-5Mb.enhancer_DMR,non,-0.2668508537243556
1432,1,18mo.9mo.contact.log_ratio.max.20kb-5Mb.enhancer_DMR,non,-0.04051904316260907
1433,1,18mo.9mo.contact.log_ratio.min.20kb-5Mb.enhancer_DMR,non,0.27480317032092466
1434,1,18mo.9mo.contact.log_ratio.count.20kb-5Mb.enhancer_DMR,non,0.16432726788119678
1435,1,count.enhancer_DMR,non,-0.014448902059650662
1436,1,9mo.2mo.activity.log_ratio.count.0-5kb.enhancer_peak,non,0.21453392074393446
1437,1,18mo.2mo.activity.log_ratio.mean.0-5kb.enhancer_peak,non,-0.05435770874392424
1438,1,18mo.2mo.activity.log_ratio.median.0-5kb.enhancer_peak,non,-0.11458370462978397
1439,1,18mo.2mo.activity.log_ratio.max.0-5kb.enhancer_peak,non,0.3395464878435418
1440,1,18mo.2mo.activity.log_ratio.min.0-5kb.enhancer_peak,non,0.0193185700482929
1441,1,18mo.2mo.activity.log_ratio.count.0-5kb.enhancer_peak,non,-0.03577708359828408
1442,1,18mo.9mo.activity.log_ratio.mean.0-5kb.enhancer_peak,non,-0.048881951751972914
1443,1,18mo.9mo.activity.log_ratio.median.0-5kb.enhancer_peak,non,0.012215604918632378
1444,1,18mo.9mo.activity.log_ratio.max.0-5kb.enhancer_peak,non,-0.04029842593453643
1445,1,18mo.9mo.activity.log_ratio.min.0-5kb.enhancer_peak,non,0.03293883258679961
1446,1,18mo.9mo.activity.log_ratio.count.0-5kb.enhancer_peak,non,-0.21277569525940068
1447,1,9mo.2mo.contact.log_ratio.count.0-5kb.enhancer_peak,non,0.21453392074393446
1448,1,18mo.2mo.contact.log_ratio.mean.0-5kb.enhancer_peak,non,-0.16741989098018614
1449,1,18mo.2mo.contact.log_ratio.median.0-5kb.enhancer_peak,non,-0.19807631364415484
1450,1,18mo.2mo.contact.log_ratio.max.0-5kb.enhancer_peak,non,0.05668668405978112
1451,1,18mo.2mo.contact.log_ratio.min.0-5kb.enhancer_peak,non,0.26937104574034265
1452,1,18mo.2mo.contact.log_ratio.count.0-5kb.enhancer_peak,non,-0.03577708359828408
1453,1,18mo.9mo.contact.log_ratio.mean.0-5kb.enhancer_peak,non,-0.052691327322611205
1454,1,18mo.9mo.contact.log_ratio.median.0-5kb.enhancer_peak,non,-0.4366778100556372
1455,1,18mo.9mo.contact.log_ratio.max.0-5kb.enhancer_peak,non,0.3666069652721592
1456,1,18mo.9mo.contact.log_ratio.min.0-5kb.enhancer_peak,non,0.27238676710979165
1457,1,18mo.9mo.contact.log_ratio.count.0-5kb.enhancer_peak,non,-0.21277569525940068
1458,1,9mo.2mo.activity.log_ratio.count.5kb-20kb.enhancer_peak,non,0.04359430996929353
1459,1,18mo.2mo.activity.log_ratio.mean.5kb-20kb.enhancer_peak,non,-0.0027869037668618577
1460,1,18mo.2mo.activity.log_ratio.median.5kb-20kb.enhancer_peak,non,0.29284637520819845
1461,1,18mo.2mo.activity.log_ratio.max.5kb-20kb.enhancer_peak,non,-0.11541479263785352
1462,1,18mo.2mo.activity.log_ratio.min.5kb-20kb.enhancer_peak,non,-0.1951776555725569
1463,1,18mo.2mo.activity.log_ratio.count.5kb-20kb.enhancer_peak,non,-0.14552596436154394
1464,1,18mo.9mo.activity.log_ratio.mean.5kb-20kb.enhancer_peak,non,-0.022548694001033296
1465,1,18mo.9mo.activity.log_ratio.median.5kb-20kb.enhancer_peak,non,-0.13703819141734003
1466,1,18mo.9mo.activity.log_ratio.max.5kb-20kb.enhancer_peak,non,0.34907701906260163
1467,1,18mo.9mo.activity.log_ratio.min.5kb-20kb.enhancer_peak,non,0.026465893793211393
1468,1,18mo.9mo.activity.log_ratio.count.5kb-20kb.enhancer_peak,non,0.04078971501995066
1469,1,9mo.2mo.contact.log_ratio.count.5kb-20kb.enhancer_peak,non,0.04359430996929353
1470,1,18mo.2mo.contact.log_ratio.mean.5kb-20kb.enhancer_peak,non,0.030282630826780493
1471,1,18mo.2mo.contact.log_ratio.median.5kb-20kb.enhancer_peak,non,-0.21412845396771757
1472,1,18mo.2mo.contact.log_ratio.max.5kb-20kb.enhancer_peak,non,0.08659689787667588
1473,1,18mo.2mo.contact.log_ratio.min.5kb-20kb.enhancer_peak,non,0.00643608960339764
1474,1,18mo.2mo.contact.log_ratio.count.5kb-20kb.enhancer_peak,non,-0.14552596436154394
1475,1,18mo.9mo.contact.log_ratio.mean.5kb-20kb.enhancer_peak,non,-0.042310267234974365
1476,1,18mo.9mo.contact.log_ratio.median.5kb-20kb.enhancer_peak,non,-0.3157610322472434
1477,1,18mo.9mo.contact.log_ratio.max.5kb-20kb.enhancer_peak,non,0.011120960257502883
1478,1,18mo.9mo.contact.log_ratio.min.5kb-20kb.enhancer_peak,non,0.31199200872942573
1479,1,18mo.9mo.contact.log_ratio.count.5kb-20kb.enhancer_peak,non,0.04078971501995066
1480,1,9mo.2mo.activity.log_ratio.mean.20kb-5Mb.enhancer_peak,non,-0.024783616129143468
1481,1,9mo.2mo.activity.log_ratio.median.20kb-5Mb.enhancer_peak,non,0.07337520924826883
1482,1,9mo.2mo.activity.log_ratio.std.20kb-5Mb.enhancer_peak,non,-0.22120344084933893
1483,1,9mo.2mo.activity.log_ratio.max.20kb-5Mb.enhancer_peak,non,0.13837484566472932
1484,1,9mo.2mo.activity.log_ratio.min.20kb-5Mb.enhancer_peak,non,-0.2698834964955645
1485,1,9mo.2mo.activity.log_ratio.count.20kb-5Mb.enhancer_peak,non,-0.08206848651855934
1486,1,18mo.2mo.activity.log_ratio.mean.20kb-5Mb.enhancer_peak,non,0.1625371444206732
1487,1,18mo.2mo.activity.log_ratio.median.20kb-5Mb.enhancer_peak,non,-0.3982332019180517
1488,1,18mo.2mo.activity.log_ratio.std.20kb-5Mb.enhancer_peak,non,0.007333110929137382
1489,1,18mo.2mo.activity.log_ratio.max.20kb-5Mb.enhancer_peak,non,0.16434928255789186
1490,1,18mo.2mo.activity.log_ratio.min.20kb-5Mb.enhancer_peak,non,0.19497549094254132
1491,1,18mo.2mo.activity.log_ratio.count.20kb-5Mb.enhancer_peak,non,0.15384108915997644
1492,1,18mo.9mo.activity.log_ratio.mean.20kb-5Mb.enhancer_peak,non,-0.43913721896904
1493,1,18mo.9mo.activity.log_ratio.median.20kb-5Mb.enhancer_peak,non,0.11871373243234483
1494,1,18mo.9mo.activity.log_ratio.std.20kb-5Mb.enhancer_peak,non,-0.007176775951750348
1495,1,18mo.9mo.activity.log_ratio.max.20kb-5Mb.enhancer_peak,non,0.15555428303319377
1496,1,18mo.9mo.activity.log_ratio.min.20kb-5Mb.enhancer_peak,non,0.1673228827362002
1497,1,18mo.9mo.activity.log_ratio.count.20kb-5Mb.enhancer_peak,non,0.02229836548345179
1498,1,9mo.2mo.contact.log_ratio.mean.20kb-5Mb.enhancer_peak,non,-0.020511710397806516
1499,1,9mo.2mo.contact.log_ratio.median.20kb-5Mb.enhancer_peak,non,-0.16502062517453459
1500,1,9mo.2mo.contact.log_ratio.std.20kb-5Mb.enhancer_peak,non,0.4586082471870448
1501,1,9mo.2mo.contact.log_ratio.max.20kb-5Mb.enhancer_peak,non,-0.1548958885281344
1502,1,9mo.2mo.contact.log_ratio.min.20kb-5Mb.enhancer_peak,non,0.2943351922518425
1503,1,9mo.2mo.contact.log_ratio.count.20kb-5Mb.enhancer_peak,non,-0.08206848651855934
1504,1,18mo.2mo.contact.log_ratio.mean.20kb-5Mb.enhancer_peak,non,-0.20023922313543083
1505,1,18mo.2mo.contact.log_ratio.median.20kb-5Mb.enhancer_peak,non,0.15337772582854367
1506,1,18mo.2mo.contact.log_ratio.std.20kb-5Mb.enhancer_peak,non,0.5108543512355438
1507,1,18mo.2mo.contact.log_ratio.max.20kb-5Mb.enhancer_peak,non,-0.4041024672748402
1508,1,18mo.2mo.contact.log_ratio.min.20kb-5Mb.enhancer_peak,non,0.5161650965409644
1509,1,18mo.2mo.contact.log_ratio.count.20kb-5Mb.enhancer_peak,non,0.15384108915997644
1510,1,18mo.9mo.contact.log_ratio.mean.20kb-5Mb.enhancer_peak,non,-0.15108598267985687
1511,1,18mo.9mo.contact.log_ratio.median.20kb-5Mb.enhancer_peak,non,0.20024400681986956
1512,1,18mo.9mo.contact.log_ratio.std.20kb-5Mb.enhancer_peak,non,0.1584058288536552
1513,1,18mo.9mo.contact.log_ratio.max.20kb-5Mb.enhancer_peak,non,-0.16414069958508606
1514,1,18mo.9mo.contact.log_ratio.min.20kb-5Mb.enhancer_peak,non,0.027237949295373404
1515,1,18mo.9mo.contact.log_ratio.count.20kb-5Mb.enhancer_peak,non,0.02229836548345179
1516,1,count.enhancer_peak,non,-0.03788378162380426
1517,1,rel_pos.DAR,non,0.059603335544095054
1518,1,9mo.2mo.log_ratio.DAR,non,-0.10123507047325786
1519,1,18mo.9mo.log_ratio.DAR,non,-0.021028315094007752
1520,1,18mo.2mo.log_ratio.DAR,non,-0.08608083050527322
1521,1,count.DAR,non,-0.09852697893450083
1522,1,size.log2.DMR,non,-0.03831897523329364
1523,1,rel_pos.DMR,non,-0.09825628252618437
1524,1,9mo.2mo.log_ratio.DMR,non,-0.1321541384300312
1525,1,18mo.9mo.log_ratio.DMR,non,0.20694155022702448
1526,1,18mo.2mo.log_ratio.DMR,non,0.08374937887329383
1527,1,distance.log2.DMR,non,0.0694820871163197
1528,1,count.DMR,non,0.01815202522421014
1529,1,Qanova.mean.loops,non,0.2285877830331622
1530,1,Qanova.median.loops,non,-0.12565272040300052
1531,1,Qanova.std.loops,non,-0.08058810987658697
1532,1,Qanova.max.loops,non,-0.32645562387168114
1533,1,Qanova.min.loops,non,0.5340959933244853
1534,1,Tanova.mean.loops,non,0.015661267052431628
1535,1,Tanova.median.loops,non,0.11473145826103012
1536,1,Tanova.std.loops,non,-0.2545306178795449
1537,1,Tanova.max.loops,non,0.16272981465506758
1538,1,Tanova.min.loops,non,-0.31159947838070606
1539,1,9mo.2mo.Q.mean.loops,non,0.5452328747712083
1540,1,9mo.2mo.Q.median.loops,non,-0.10856966904126991
1541,1,9mo.2mo.Q.std.loops,non,-0.14272677354509536
1542,1,9mo.2mo.Q.max.loops,non,-0.19474832304748352
1543,1,9mo.2mo.Q.min.loops,non,0.05373673106114175
1544,1,18mo.9mo.Q.mean.loops,non,-0.03438363833662316
1545,1,18mo.9mo.Q.median.loops,non,0.0838603448187462
1546,1,18mo.9mo.Q.std.loops,non,-0.10168359230403312
1547,1,18mo.9mo.Q.max.loops,non,0.3142970852363453
1548,1,18mo.9mo.Q.min.loops,non,-0.11702801202848091
1549,1,18mo.2mo.Q.mean.loops,non,0.2993797534722
1550,1,18mo.2mo.Q.median.loops,non,-0.09430473420727203
1551,1,18mo.2mo.Q.std.loops,non,0.4877256064839298
1552,1,18mo.2mo.Q.max.loops,non,-0.20551058403732195
1553,1,18mo.2mo.Q.min.loops,non,-0.019584600859352246
1554,1,9mo.2mo.T.mean.loops,non,-0.28271689264899574
1555,1,9mo.2mo.T.median.loops,non,0.0977091074997836
1556,1,9mo.2mo.T.std.loops,non,0.15231662683338812
1557,1,9mo.2mo.T.max.loops,non,-0.14612578933869907
1558,1,9mo.2mo.T.min.loops,non,-0.008860433467616913
1559,1,18mo.9mo.T.mean.loops,non,-0.192461884383559
1560,1,18mo.9mo.T.median.loops,non,-0.2985876264195999
1561,1,18mo.9mo.T.std.loops,non,0.3988843824959938
1562,1,18mo.9mo.T.max.loops,non,0.058145871851291005
1563,1,18mo.9mo.T.min.loops,non,0.2561099271259203
1564,1,18mo.2mo.T.mean.loops,non,-0.4182164468031917
1565,1,18mo.2mo.T.median.loops,non,0.17969627589065182
1566,1,18mo.2mo.T.std.loops,non,-0.08261774139451118
1567,1,18mo.2mo.T.max.loops,non,0.32235923612448075
1568,1,18mo.2mo.T.min.loops,non,0.018527634454794432
1569,1,loop_size.log.mean.loops,non,0.028211834118781785
1570,1,loop_size.log.median.loops,non,-0.1790954362903094
1571,1,loop_size.log.std.loops,non,0.18120188217820457
1572,1,loop_size.log.max.loops,non,0.07099114604045847
1573,1,loop_size.log.min.loops,non,0.22667559154406347
1574,1,min_distance.log.mean.loops,non,-0.04737492807222153
1575,1,min_distance.log.median.loops,non,-0.0072858696868482965
1576,1,min_distance.log.std.loops,non,-0.1640256597341756
1577,1,min_distance.log.max.loops,non,0.0695498243053991
1578,1,min_distance.log.min.loops,non,-0.36609470044436654
1579,1,count.loops,non,0.09170876889142142
1580,1,9mo.2mo.log_ratio.mcg_genebody,non,0.24480392832734738
1581,1,18mo.9mo.log_ratio.mcg_genebody,non,0.026388368369239926
1582,1,18mo.2mo.log_ratio.mcg_genebody,non,0.12685498172445103
1583,1,9mo.2mo.log_ratio.mch_genebody,non,-0.02599367312620343
1584,1,18mo.9mo.log_ratio.mch_genebody,non,0.005307547023873493
1585,1,18mo.2mo.log_ratio.mch_genebody,non,-0.015671758877050045
1586,1,9mo.2mo.log_ratio.mean.atac,non,-0.057811123798809254
1587,1,18mo.9mo.log_ratio.mean.atac,non,-0.09491783229520327
1588,1,18mo.2mo.log_ratio.mean.atac,non,-0.10410380358623625
1589,1,log2_distance.mean.atac,non,0.4337399151326108
1590,1,9mo.2mo.log_ratio.std.atac,non,0.052745367214036776
1591,1,18mo.9mo.log_ratio.std.atac,non,-0.12970054007777568
1592,1,18mo.2mo.log_ratio.std.atac,non,0.05852372885383201
1593,1,log2_distance.std.atac,non,0.15815938919060044
1594,1,9mo.2mo.log_ratio.max.atac,non,0.15284628456425375
1595,1,18mo.9mo.log_ratio.max.atac,non,0.3068584825286399
1596,1,18mo.2mo.log_ratio.max.atac,non,-0.06318410965907172
1597,1,log2_distance.max.atac,non,-0.4812350651309792
1598,1,9mo.2mo.log_ratio.min.atac,non,0.32273014262210514
1599,1,18mo.9mo.log_ratio.min.atac,non,0.018171499676617034
1600,1,18mo.2mo.log_ratio.min.atac,non,-0.06309500645999723
1601,1,log2_distance.min.atac,non,0.060938937846278185
1602,1,count.atac,non,-0.3431457167669929
1603,2,gene_length.meta,non,-0.19388573855993252
1604,2,9mo.2mo.activity.log_ratio.mean.5kb-20kb.enhancer_DMR,non,-0.11051236211174513
1605,2,9mo.2mo.activity.log_ratio.median.5kb-20kb.enhancer_DMR,non,0.1949980643766066
1606,2,9mo.2mo.activity.log_ratio.max.5kb-20kb.enhancer_DMR,non,-0.09858699139207862
1607,2,9mo.2mo.activity.log_ratio.min.5kb-20kb.enhancer_DMR,non,-0.0043247793469447186
1608,2,9mo.2mo.activity.log_ratio.count.5kb-20kb.enhancer_DMR,non,0.16225524232068703
1609,2,18mo.2mo.activity.log_ratio.mean.5kb-20kb.enhancer_DMR,non,0.038471487960972446
1610,2,18mo.2mo.activity.log_ratio.median.5kb-20kb.enhancer_DMR,non,0.13895476502670798
1611,2,18mo.2mo.activity.log_ratio.max.5kb-20kb.enhancer_DMR,non,0.10721186707460212
1612,2,18mo.2mo.activity.log_ratio.min.5kb-20kb.enhancer_DMR,non,-0.11423520632025205
1613,2,18mo.2mo.activity.log_ratio.count.5kb-20kb.enhancer_DMR,non,-0.045235889906788763
1614,2,18mo.9mo.activity.log_ratio.mean.5kb-20kb.enhancer_DMR,non,0.16239850378907641
1615,2,18mo.9mo.activity.log_ratio.median.5kb-20kb.enhancer_DMR,non,-0.30192351801010603
1616,2,18mo.9mo.activity.log_ratio.max.5kb-20kb.enhancer_DMR,non,0.1331448661890893
1617,2,18mo.9mo.activity.log_ratio.min.5kb-20kb.enhancer_DMR,non,-0.005414738420687683
1618,2,18mo.9mo.activity.log_ratio.count.5kb-20kb.enhancer_DMR,non,0.0012792721244926743
1619,2,9mo.2mo.contact.log_ratio.mean.5kb-20kb.enhancer_DMR,non,0.025607211751988067
1620,2,9mo.2mo.contact.log_ratio.median.5kb-20kb.enhancer_DMR,non,0.18457749441768484
1621,2,9mo.2mo.contact.log_ratio.max.5kb-20kb.enhancer_DMR,non,-0.5980207593725301
1622,2,9mo.2mo.contact.log_ratio.min.5kb-20kb.enhancer_DMR,non,0.20463462125277473
1623,2,9mo.2mo.contact.log_ratio.count.5kb-20kb.enhancer_DMR,non,0.16225524232068703
1624,2,18mo.2mo.contact.log_ratio.mean.5kb-20kb.enhancer_DMR,non,0.13452482181112127
1625,2,18mo.2mo.contact.log_ratio.median.5kb-20kb.enhancer_DMR,non,-0.0837646501590594
1626,2,18mo.2mo.contact.log_ratio.max.5kb-20kb.enhancer_DMR,non,0.2818681009422308
1627,2,18mo.2mo.contact.log_ratio.min.5kb-20kb.enhancer_DMR,non,-0.1230841732462074
1628,2,18mo.2mo.contact.log_ratio.count.5kb-20kb.enhancer_DMR,non,-0.045235889906788763
1629,2,18mo.9mo.contact.log_ratio.mean.5kb-20kb.enhancer_DMR,non,-0.08139111087661816
1630,2,18mo.9mo.contact.log_ratio.median.5kb-20kb.enhancer_DMR,non,0.06733186703474538
1631,2,18mo.9mo.contact.log_ratio.max.5kb-20kb.enhancer_DMR,non,-0.19163383691979782
1632,2,18mo.9mo.contact.log_ratio.min.5kb-20kb.enhancer_DMR,non,-0.09667085929450656
1633,2,18mo.9mo.contact.log_ratio.count.5kb-20kb.enhancer_DMR,non,0.0012792721244926743
1634,2,9mo.2mo.activity.log_ratio.mean.20kb-5Mb.enhancer_DMR,non,-0.26389971420475866
1635,2,9mo.2mo.activity.log_ratio.median.20kb-5Mb.enhancer_DMR,non,0.3782670059596757
1636,2,9mo.2mo.activity.log_ratio.max.20kb-5Mb.enhancer_DMR,non,-0.018509090349402218
1637,2,9mo.2mo.activity.log_ratio.min.20kb-5Mb.enhancer_DMR,non,0.06052887533081592
1638,2,9mo.2mo.activity.log_ratio.count.20kb-5Mb.enhancer_DMR,non,0.07175068569438209
1639,2,18mo.2mo.activity.log_ratio.mean.20kb-5Mb.enhancer_DMR,non,0.07630092253059027
1640,2,18mo.2mo.activity.log_ratio.median.20kb-5Mb.enhancer_DMR,non,-0.11558076631664568
1641,2,18mo.2mo.activity.log_ratio.max.20kb-5Mb.enhancer_DMR,non,0.0879328332215706
1642,2,18mo.2mo.activity.log_ratio.min.20kb-5Mb.enhancer_DMR,non,-0.01664566689575782
1643,2,18mo.2mo.activity.log_ratio.count.20kb-5Mb.enhancer_DMR,non,-0.1741565591354389
1644,2,18mo.9mo.activity.log_ratio.mean.20kb-5Mb.enhancer_DMR,non,-0.0398569207660798
1645,2,18mo.9mo.activity.log_ratio.median.20kb-5Mb.enhancer_DMR,non,-0.10021087846639407
1646,2,18mo.9mo.activity.log_ratio.max.20kb-5Mb.enhancer_DMR,non,0.05502983284602671
1647,2,18mo.9mo.activity.log_ratio.min.20kb-5Mb.enhancer_DMR,non,-0.00039575480398444917
1648,2,18mo.9mo.activity.log_ratio.count.20kb-5Mb.enhancer_DMR,non,0.1169676642929647
1649,2,9mo.2mo.contact.log_ratio.mean.20kb-5Mb.enhancer_DMR,non,-0.11237572978743998
1650,2,9mo.2mo.contact.log_ratio.median.20kb-5Mb.enhancer_DMR,non,0.057931444936762645
1651,2,9mo.2mo.contact.log_ratio.max.20kb-5Mb.enhancer_DMR,non,0.0923055435078068
1652,2,9mo.2mo.contact.log_ratio.min.20kb-5Mb.enhancer_DMR,non,-0.08958198495354544
1653,2,9mo.2mo.contact.log_ratio.count.20kb-5Mb.enhancer_DMR,non,0.07175068569438209
1654,2,18mo.2mo.contact.log_ratio.mean.20kb-5Mb.enhancer_DMR,non,-0.27710198115977436
1655,2,18mo.2mo.contact.log_ratio.median.20kb-5Mb.enhancer_DMR,non,-0.08074718605622963
1656,2,18mo.2mo.contact.log_ratio.max.20kb-5Mb.enhancer_DMR,non,0.326319599747821
1657,2,18mo.2mo.contact.log_ratio.min.20kb-5Mb.enhancer_DMR,non,0.06749427678780051
1658,2,18mo.2mo.contact.log_ratio.count.20kb-5Mb.enhancer_DMR,non,-0.1741565591354389
1659,2,18mo.9mo.contact.log_ratio.mean.20kb-5Mb.enhancer_DMR,non,-0.2723306436167071
1660,2,18mo.9mo.contact.log_ratio.median.20kb-5Mb.enhancer_DMR,non,-0.2658607417809325
1661,2,18mo.9mo.contact.log_ratio.max.20kb-5Mb.enhancer_DMR,non,0.1522338609798037
1662,2,18mo.9mo.contact.log_ratio.min.20kb-5Mb.enhancer_DMR,non,0.18345819383128262
1663,2,18mo.9mo.contact.log_ratio.count.20kb-5Mb.enhancer_DMR,non,0.1169676642929647
1664,2,count.enhancer_DMR,non,0.21420609767780896
1665,2,9mo.2mo.activity.log_ratio.count.0-5kb.enhancer_peak,non,0.19133075406529845
1666,2,18mo.2mo.activity.log_ratio.mean.0-5kb.enhancer_peak,non,0.011514024301937544
1667,2,18mo.2mo.activity.log_ratio.median.0-5kb.enhancer_peak,non,-0.2536884913737381
1668,2,18mo.2mo.activity.log_ratio.max.0-5kb.enhancer_peak,non,0.35564537774057725
1669,2,18mo.2mo.activity.log_ratio.min.0-5kb.enhancer_peak,non,0.09177417717285515
1670,2,18mo.2mo.activity.log_ratio.count.0-5kb.enhancer_peak,non,0.03451348933383076
1671,2,18mo.9mo.activity.log_ratio.mean.0-5kb.enhancer_peak,non,-0.08738971572616623
1672,2,18mo.9mo.activity.log_ratio.median.0-5kb.enhancer_peak,non,0.12098755524639661
1673,2,18mo.9mo.activity.log_ratio.max.0-5kb.enhancer_peak,non,-0.10987782534628711
1674,2,18mo.9mo.activity.log_ratio.min.0-5kb.enhancer_peak,non,-0.02621154701727378
1675,2,18mo.9mo.activity.log_ratio.count.0-5kb.enhancer_peak,non,-0.18137396550362717
1676,2,9mo.2mo.contact.log_ratio.count.0-5kb.enhancer_peak,non,0.19133075406529845
1677,2,18mo.2mo.contact.log_ratio.mean.0-5kb.enhancer_peak,non,0.0065766261092070994
1678,2,18mo.2mo.contact.log_ratio.median.0-5kb.enhancer_peak,non,0.11421990339334424
1679,2,18mo.2mo.contact.log_ratio.max.0-5kb.enhancer_peak,non,-0.10139968736175826
1680,2,18mo.2mo.contact.log_ratio.min.0-5kb.enhancer_peak,non,-0.06895113230515489
1681,2,18mo.2mo.contact.log_ratio.count.0-5kb.enhancer_peak,non,0.03451348933383076
1682,2,18mo.9mo.contact.log_ratio.mean.0-5kb.enhancer_peak,non,0.015008171751097282
1683,2,18mo.9mo.contact.log_ratio.median.0-5kb.enhancer_peak,non,-0.09671153927092037
1684,2,18mo.9mo.contact.log_ratio.max.0-5kb.enhancer_peak,non,0.198676225392195
1685,2,18mo.9mo.contact.log_ratio.min.0-5kb.enhancer_peak,non,0.02130723916109544
1686,2,18mo.9mo.contact.log_ratio.count.0-5kb.enhancer_peak,non,-0.18137396550362717
1687,2,9mo.2mo.activity.log_ratio.count.5kb-20kb.enhancer_peak,non,-0.06457760476756585
1688,2,18mo.2mo.activity.log_ratio.mean.5kb-20kb.enhancer_peak,non,-0.03879242620039365
1689,2,18mo.2mo.activity.log_ratio.median.5kb-20kb.enhancer_peak,non,0.1662826954600304
1690,2,18mo.2mo.activity.log_ratio.max.5kb-20kb.enhancer_peak,non,0.028357387260141913
1691,2,18mo.2mo.activity.log_ratio.min.5kb-20kb.enhancer_peak,non,-0.25367883333958346
1692,2,18mo.2mo.activity.log_ratio.count.5kb-20kb.enhancer_peak,non,-0.06997031462198494
1693,2,18mo.9mo.activity.log_ratio.mean.5kb-20kb.enhancer_peak,non,-0.02502048886623547
1694,2,18mo.9mo.activity.log_ratio.median.5kb-20kb.enhancer_peak,non,0.07724876302610956
1695,2,18mo.9mo.activity.log_ratio.max.5kb-20kb.enhancer_peak,non,0.21369222915658556
1696,2,18mo.9mo.activity.log_ratio.min.5kb-20kb.enhancer_peak,non,-0.06980292286472409
1697,2,18mo.9mo.activity.log_ratio.count.5kb-20kb.enhancer_peak,non,0.04316777346845884
1698,2,9mo.2mo.contact.log_ratio.count.5kb-20kb.enhancer_peak,non,-0.06457760476756585
1699,2,18mo.2mo.contact.log_ratio.mean.5kb-20kb.enhancer_peak,non,0.009996039095612273
1700,2,18mo.2mo.contact.log_ratio.median.5kb-20kb.enhancer_peak,non,-0.40845613400489733
1701,2,18mo.2mo.contact.log_ratio.max.5kb-20kb.enhancer_peak,non,0.2900331323150182
1702,2,18mo.2mo.contact.log_ratio.min.5kb-20kb.enhancer_peak,non,0.051292063897186
1703,2,18mo.2mo.contact.log_ratio.count.5kb-20kb.enhancer_peak,non,-0.06997031462198494
1704,2,18mo.9mo.contact.log_ratio.mean.5kb-20kb.enhancer_peak,non,-0.09585341591129952
1705,2,18mo.9mo.contact.log_ratio.median.5kb-20kb.enhancer_peak,non,-0.3357631740792717
1706,2,18mo.9mo.contact.log_ratio.max.5kb-20kb.enhancer_peak,non,-0.00117088134672493
1707,2,18mo.9mo.contact.log_ratio.min.5kb-20kb.enhancer_peak,non,0.3639970437961131
1708,2,18mo.9mo.contact.log_ratio.count.5kb-20kb.enhancer_peak,non,0.04316777346845884
1709,2,9mo.2mo.activity.log_ratio.mean.20kb-5Mb.enhancer_peak,non,0.13432635368393486
1710,2,9mo.2mo.activity.log_ratio.median.20kb-5Mb.enhancer_peak,non,0.2732384303207709
1711,2,9mo.2mo.activity.log_ratio.std.20kb-5Mb.enhancer_peak,non,-0.13034198863123095
1712,2,9mo.2mo.activity.log_ratio.max.20kb-5Mb.enhancer_peak,non,-0.21971767488232455
1713,2,9mo.2mo.activity.log_ratio.min.20kb-5Mb.enhancer_peak,non,-0.32479834588451145
1714,2,9mo.2mo.activity.log_ratio.count.20kb-5Mb.enhancer_peak,non,-0.013987215457022643
1715,2,18mo.2mo.activity.log_ratio.mean.20kb-5Mb.enhancer_peak,non,0.055655243808708045
1716,2,18mo.2mo.activity.log_ratio.median.20kb-5Mb.enhancer_peak,non,-0.4381041692565877
1717,2,18mo.2mo.activity.log_ratio.std.20kb-5Mb.enhancer_peak,non,-0.07102892112032179
1718,2,18mo.2mo.activity.log_ratio.max.20kb-5Mb.enhancer_peak,non,0.35456802639419943
1719,2,18mo.2mo.activity.log_ratio.min.20kb-5Mb.enhancer_peak,non,0.20539971398210868
1720,2,18mo.2mo.activity.log_ratio.count.20kb-5Mb.enhancer_peak,non,0.15526181581588971
1721,2,18mo.9mo.activity.log_ratio.mean.20kb-5Mb.enhancer_peak,non,-0.4661747543071749
1722,2,18mo.9mo.activity.log_ratio.median.20kb-5Mb.enhancer_peak,non,0.06151992342134502
1723,2,18mo.9mo.activity.log_ratio.std.20kb-5Mb.enhancer_peak,non,0.08399954848565255
1724,2,18mo.9mo.activity.log_ratio.max.20kb-5Mb.enhancer_peak,non,0.13266450906291447
1725,2,18mo.9mo.activity.log_ratio.min.20kb-5Mb.enhancer_peak,non,0.16074968235764767
1726,2,18mo.9mo.activity.log_ratio.count.20kb-5Mb.enhancer_peak,non,-0.024022945006001335
1727,2,9mo.2mo.contact.log_ratio.mean.20kb-5Mb.enhancer_peak,non,0.1723533702790913
1728,2,9mo.2mo.contact.log_ratio.median.20kb-5Mb.enhancer_peak,non,-0.05428057706371578
1729,2,9mo.2mo.contact.log_ratio.std.20kb-5Mb.enhancer_peak,non,0.3823542550068732
1730,2,9mo.2mo.contact.log_ratio.max.20kb-5Mb.enhancer_peak,non,-0.25417527595074013
1731,2,9mo.2mo.contact.log_ratio.min.20kb-5Mb.enhancer_peak,non,0.0357569865937565
1732,2,9mo.2mo.contact.log_ratio.count.20kb-5Mb.enhancer_peak,non,-0.013987215457022643
1733,2,18mo.2mo.contact.log_ratio.mean.20kb-5Mb.enhancer_peak,non,-0.21320735167841956
1734,2,18mo.2mo.contact.log_ratio.median.20kb-5Mb.enhancer_peak,non,0.09208369981521587
1735,2,18mo.2mo.contact.log_ratio.std.20kb-5Mb.enhancer_peak,non,0.3724457721415123
1736,2,18mo.2mo.contact.log_ratio.max.20kb-5Mb.enhancer_peak,non,-0.23843837197953524
1737,2,18mo.2mo.contact.log_ratio.min.20kb-5Mb.enhancer_peak,non,0.4740346474008728
1738,2,18mo.2mo.contact.log_ratio.count.20kb-5Mb.enhancer_peak,non,0.15526181581588971
1739,2,18mo.9mo.contact.log_ratio.mean.20kb-5Mb.enhancer_peak,non,0.1019627133715575
1740,2,18mo.9mo.contact.log_ratio.median.20kb-5Mb.enhancer_peak,non,0.006349183953403661
1741,2,18mo.9mo.contact.log_ratio.std.20kb-5Mb.enhancer_peak,non,0.18620754052720265
1742,2,18mo.9mo.contact.log_ratio.max.20kb-5Mb.enhancer_peak,non,-0.3509706040910437
1743,2,18mo.9mo.contact.log_ratio.min.20kb-5Mb.enhancer_peak,non,0.10318842202506333
1744,2,18mo.9mo.contact.log_ratio.count.20kb-5Mb.enhancer_peak,non,-0.024022945006001335
1745,2,count.enhancer_peak,non,-0.11959499210296143
1746,2,rel_pos.DAR,non,-0.06962203981582336
1747,2,9mo.2mo.log_ratio.DAR,non,-0.10995569387090659
1748,2,18mo.9mo.log_ratio.DAR,non,-0.025587694039923822
1749,2,18mo.2mo.log_ratio.DAR,non,-0.09530442928012606
1750,2,count.DAR,non,0.03240548901846589
1751,2,size.log2.DMR,non,-0.08166157676861502
1752,2,rel_pos.DMR,non,0.10431148178993456
1753,2,9mo.2mo.log_ratio.DMR,non,-0.035963127958287225
1754,2,18mo.9mo.log_ratio.DMR,non,0.19395808259829908
1755,2,18mo.2mo.log_ratio.DMR,non,0.12627062109971265
1756,2,distance.log2.DMR,non,0.009827318541010975
1757,2,count.DMR,non,0.006529294615559191
1758,2,Qanova.mean.loops,non,0.3340976146540835
1759,2,Qanova.median.loops,non,-0.060590974551665656
1760,2,Qanova.std.loops,non,0.022154846466997585
1761,2,Qanova.max.loops,non,-0.367316954261688
1762,2,Qanova.min.loops,non,0.5640191517737164
1763,2,Tanova.mean.loops,non,0.0013626411409873073
1764,2,Tanova.median.loops,non,-0.07247858186998496
1765,2,Tanova.std.loops,non,-0.34149335947980836
1766,2,Tanova.max.loops,non,0.36554633281147736
1767,2,Tanova.min.loops,non,-0.054874160858321794
1768,2,9mo.2mo.Q.mean.loops,non,0.4885160460600722
1769,2,9mo.2mo.Q.median.loops,non,-0.35327006811589495
1770,2,9mo.2mo.Q.std.loops,non,0.003927267272723606
1771,2,9mo.2mo.Q.max.loops,non,-0.22273644029014822
1772,2,9mo.2mo.Q.min.loops,non,0.22751911327066035
1773,2,18mo.9mo.Q.mean.loops,non,-0.1289565415731998
1774,2,18mo.9mo.Q.median.loops,non,-0.30440000580589244
1775,2,18mo.9mo.Q.std.loops,non,0.11679689537172996
1776,2,18mo.9mo.Q.max.loops,non,0.41390149992051406
1777,2,18mo.9mo.Q.min.loops,non,-0.11778485733252657
1778,2,18mo.2mo.Q.mean.loops,non,0.18877253894326196
1779,2,18mo.2mo.Q.median.loops,non,-0.001195177992738973
1780,2,18mo.2mo.Q.std.loops,non,0.2708744552596189
1781,2,18mo.2mo.Q.max.loops,non,-0.10104539895730233
1782,2,18mo.2mo.Q.min.loops,non,0.11746379170718431
1783,2,9mo.2mo.T.mean.loops,non,-0.1735770190593009
1784,2,9mo.2mo.T.median.loops,non,-0.00015218566434129058
1785,2,9mo.2mo.T.std.loops,non,0.2842851829747167
1786,2,9mo.2mo.T.max.loops,non,-0.09483335672578214
1787,2,9mo.2mo.T.min.loops,non,0.16501790950675024
1788,2,18mo.9mo.T.mean.loops,non,0.20483263161739892
1789,2,18mo.9mo.T.median.loops,non,-0.2767298908843418
1790,2,18mo.9mo.T.std.loops,non,0.31901836113864335
1791,2,18mo.9mo.T.max.loops,non,0.058522856772834586
1792,2,18mo.9mo.T.min.loops,non,0.2943892497414167
1793,2,18mo.2mo.T.mean.loops,non,0.04924910927371592
1794,2,18mo.2mo.T.median.loops,non,-0.18568110304536597
1795,2,18mo.2mo.T.std.loops,non,-0.39437872906060495
1796,2,18mo.2mo.T.max.loops,non,0.2280271207762289
1797,2,18mo.2mo.T.min.loops,non,-0.3122493460443501
1798,2,loop_size.log.mean.loops,non,0.07174938030838753
1799,2,loop_size.log.median.loops,non,0.20782198949904115
1800,2,loop_size.log.std.loops,non,0.18761765407361994
1801,2,loop_size.log.max.loops,non,0.12744068255459418
1802,2,loop_size.log.min.loops,non,-0.18943041893994256
1803,2,min_distance.log.mean.loops,non,-0.010716110974275321
1804,2,min_distance.log.median.loops,non,-0.18636563863755148
1805,2,min_distance.log.std.loops,non,-0.14476758801552245
1806,2,min_distance.log.max.loops,non,0.0019577006391906676
1807,2,min_distance.log.min.loops,non,-0.3382217661059518
1808,2,count.loops,non,0.04161260055324103
1809,2,9mo.2mo.log_ratio.mcg_genebody,non,0.09683507467759643
1810,2,18mo.9mo.log_ratio.mcg_genebody,non,-0.06357541637379205
1811,2,18mo.2mo.log_ratio.mcg_genebody,non,-0.014893585386159692
1812,2,9mo.2mo.log_ratio.mch_genebody,non,-0.033188459777102504
1813,2,18mo.9mo.log_ratio.mch_genebody,non,0.022188296558433625
1814,2,18mo.2mo.log_ratio.mch_genebody,non,-0.008711980191162438
1815,2,9mo.2mo.log_ratio.mean.atac,non,-0.29390553284448456
1816,2,18mo.9mo.log_ratio.mean.atac,non,0.0002200232686021407
1817,2,18mo.2mo.log_ratio.mean.atac,non,-0.24062948691154415
1818,2,log2_distance.mean.atac,non,0.34483288592900974
1819,2,9mo.2mo.log_ratio.std.atac,non,0.0355260446432662
1820,2,18mo.9mo.log_ratio.std.atac,non,-0.03881052257603446
1821,2,18mo.2mo.log_ratio.std.atac,non,0.1882053521446029
1822,2,log2_distance.std.atac,non,0.09583938477964558
1823,2,9mo.2mo.log_ratio.max.atac,non,0.23208352096667498
1824,2,18mo.9mo.log_ratio.max.atac,non,-0.029941603863871
1825,2,18mo.2mo.log_ratio.max.atac,non,0.039186593269439296
1826,2,log2_distance.max.atac,non,-0.35659302858302994
1827,2,9mo.2mo.log_ratio.min.atac,non,0.375270053527869
1828,2,18mo.9mo.log_ratio.min.atac,non,0.022267022778249355
1829,2,18mo.2mo.log_ratio.min.atac,non,0.2652400072549362
1830,2,log2_distance.min.atac,non,0.018349059885939552
1831,2,count.atac,non,-0.09048010106106262
1832,3,gene_length.meta,non,-0.3252845593241427
1833,3,9mo.2mo.activity.log_ratio.mean.5kb-20kb.enhancer_DMR,non,0.02455441439372229
1834,3,9mo.2mo.activity.log_ratio.median.5kb-20kb.enhancer_DMR,non,0.1432466554614104
1835,3,9mo.2mo.activity.log_ratio.max.5kb-20kb.enhancer_DMR,non,-0.11030460900753072
1836,3,9mo.2mo.activity.log_ratio.min.5kb-20kb.enhancer_DMR,non,-0.0943513694839792
1837,3,9mo.2mo.activity.log_ratio.count.5kb-20kb.enhancer_DMR,non,0.05807910305899184
1838,3,18mo.2mo.activity.log_ratio.mean.5kb-20kb.enhancer_DMR,non,0.025053490492890674
1839,3,18mo.2mo.activity.log_ratio.median.5kb-20kb.enhancer_DMR,non,0.41215245120836547
1840,3,18mo.2mo.activity.log_ratio.max.5kb-20kb.enhancer_DMR,non,0.055840615563622124
1841,3,18mo.2mo.activity.log_ratio.min.5kb-20kb.enhancer_DMR,non,-0.24803948535641543
1842,3,18mo.2mo.activity.log_ratio.count.5kb-20kb.enhancer_DMR,non,-0.22923672413852336
1843,3,18mo.9mo.activity.log_ratio.mean.5kb-20kb.enhancer_DMR,non,0.000710205807941549
1844,3,18mo.9mo.activity.log_ratio.median.5kb-20kb.enhancer_DMR,non,-0.25612210104867555
1845,3,18mo.9mo.activity.log_ratio.max.5kb-20kb.enhancer_DMR,non,0.2815057846983912
1846,3,18mo.9mo.activity.log_ratio.min.5kb-20kb.enhancer_DMR,non,0.007986629003953166
1847,3,18mo.9mo.activity.log_ratio.count.5kb-20kb.enhancer_DMR,non,0.12481455604734973
1848,3,9mo.2mo.contact.log_ratio.mean.5kb-20kb.enhancer_DMR,non,0.029034449282922724
1849,3,9mo.2mo.contact.log_ratio.median.5kb-20kb.enhancer_DMR,non,0.013499661975061777
1850,3,9mo.2mo.contact.log_ratio.max.5kb-20kb.enhancer_DMR,non,-0.4582773606973852
1851,3,9mo.2mo.contact.log_ratio.min.5kb-20kb.enhancer_DMR,non,0.06668877341682876
1852,3,9mo.2mo.contact.log_ratio.count.5kb-20kb.enhancer_DMR,non,0.05807910305899184
1853,3,18mo.2mo.contact.log_ratio.mean.5kb-20kb.enhancer_DMR,non,0.024612504639746593
1854,3,18mo.2mo.contact.log_ratio.median.5kb-20kb.enhancer_DMR,non,0.032078738363039976
1855,3,18mo.2mo.contact.log_ratio.max.5kb-20kb.enhancer_DMR,non,0.10027381822163164
1856,3,18mo.2mo.contact.log_ratio.min.5kb-20kb.enhancer_DMR,non,0.07234253842871954
1857,3,18mo.2mo.contact.log_ratio.count.5kb-20kb.enhancer_DMR,non,-0.22923672413852336
1858,3,18mo.9mo.contact.log_ratio.mean.5kb-20kb.enhancer_DMR,non,-0.09838350404242516
1859,3,18mo.9mo.contact.log_ratio.median.5kb-20kb.enhancer_DMR,non,0.15299288648505746
1860,3,18mo.9mo.contact.log_ratio.max.5kb-20kb.enhancer_DMR,non,-0.12268816073693467
1861,3,18mo.9mo.contact.log_ratio.min.5kb-20kb.enhancer_DMR,non,-0.3068314579467076
1862,3,18mo.9mo.contact.log_ratio.count.5kb-20kb.enhancer_DMR,non,0.12481455604734973
1863,3,9mo.2mo.activity.log_ratio.mean.20kb-5Mb.enhancer_DMR,non,-0.3017931547272784
1864,3,9mo.2mo.activity.log_ratio.median.20kb-5Mb.enhancer_DMR,non,0.1881657833321341
1865,3,9mo.2mo.activity.log_ratio.max.20kb-5Mb.enhancer_DMR,non,0.23789124574038836
1866,3,9mo.2mo.activity.log_ratio.min.20kb-5Mb.enhancer_DMR,non,0.09204579561261751
1867,3,9mo.2mo.activity.log_ratio.count.20kb-5Mb.enhancer_DMR,non,-0.0489433047104904
1868,3,18mo.2mo.activity.log_ratio.mean.20kb-5Mb.enhancer_DMR,non,-0.4517361877872508
1869,3,18mo.2mo.activity.log_ratio.median.20kb-5Mb.enhancer_DMR,non,0.229391533931204
1870,3,18mo.2mo.activity.log_ratio.max.20kb-5Mb.enhancer_DMR,non,0.021635929442224235
1871,3,18mo.2mo.activity.log_ratio.min.20kb-5Mb.enhancer_DMR,non,0.12763011088090895
1872,3,18mo.2mo.activity.log_ratio.count.20kb-5Mb.enhancer_DMR,non,-0.12278437608780626
1873,3,18mo.9mo.activity.log_ratio.mean.20kb-5Mb.enhancer_DMR,non,0.060360040674012065
1874,3,18mo.9mo.activity.log_ratio.median.20kb-5Mb.enhancer_DMR,non,-0.07192281762692587
1875,3,18mo.9mo.activity.log_ratio.max.20kb-5Mb.enhancer_DMR,non,0.13662736510171714
1876,3,18mo.9mo.activity.log_ratio.min.20kb-5Mb.enhancer_DMR,non,-0.14825942030836556
1877,3,18mo.9mo.activity.log_ratio.count.20kb-5Mb.enhancer_DMR,non,0.18202711484660258
1878,3,9mo.2mo.contact.log_ratio.mean.20kb-5Mb.enhancer_DMR,non,0.18414193818984917
1879,3,9mo.2mo.contact.log_ratio.median.20kb-5Mb.enhancer_DMR,non,-0.24355404942765016
1880,3,9mo.2mo.contact.log_ratio.max.20kb-5Mb.enhancer_DMR,non,0.1530465378100431
1881,3,9mo.2mo.contact.log_ratio.min.20kb-5Mb.enhancer_DMR,non,-0.13436308392678037
1882,3,9mo.2mo.contact.log_ratio.count.20kb-5Mb.enhancer_DMR,non,-0.0489433047104904
1883,3,18mo.2mo.contact.log_ratio.mean.20kb-5Mb.enhancer_DMR,non,-0.5129724582935302
1884,3,18mo.2mo.contact.log_ratio.median.20kb-5Mb.enhancer_DMR,non,0.35228434840630385
1885,3,18mo.2mo.contact.log_ratio.max.20kb-5Mb.enhancer_DMR,non,0.2683278254080179
1886,3,18mo.2mo.contact.log_ratio.min.20kb-5Mb.enhancer_DMR,non,-0.14040990871576003
1887,3,18mo.2mo.contact.log_ratio.count.20kb-5Mb.enhancer_DMR,non,-0.12278437608780626
1888,3,18mo.9mo.contact.log_ratio.mean.20kb-5Mb.enhancer_DMR,non,-0.27030360349193466
1889,3,18mo.9mo.contact.log_ratio.median.20kb-5Mb.enhancer_DMR,non,-0.30269205063071414
1890,3,18mo.9mo.contact.log_ratio.max.20kb-5Mb.enhancer_DMR,non,0.1166929948943494
1891,3,18mo.9mo.contact.log_ratio.min.20kb-5Mb.enhancer_DMR,non,0.36965087395815127
1892,3,18mo.9mo.contact.log_ratio.count.20kb-5Mb.enhancer_DMR,non,0.18202711484660258
1893,3,count.enhancer_DMR,non,-0.009568653409265977
1894,3,9mo.2mo.activity.log_ratio.count.0-5kb.enhancer_peak,non,0.1801532006848478
1895,3,18mo.2mo.activity.log_ratio.mean.0-5kb.enhancer_peak,non,-0.05910083172568916
1896,3,18mo.2mo.activity.log_ratio.median.0-5kb.enhancer_peak,non,-0.09798582138876898
1897,3,18mo.2mo.activity.log_ratio.max.0-5kb.enhancer_peak,non,0.4260240878949565
1898,3,18mo.2mo.activity.log_ratio.min.0-5kb.enhancer_peak,non,-0.08417869342333249
1899,3,18mo.2mo.activity.log_ratio.count.0-5kb.enhancer_peak,non,-0.11264410496728396
1900,3,18mo.9mo.activity.log_ratio.mean.0-5kb.enhancer_peak,non,-0.035190654009825136
1901,3,18mo.9mo.activity.log_ratio.median.0-5kb.enhancer_peak,non,0.07914324788468058
1902,3,18mo.9mo.activity.log_ratio.max.0-5kb.enhancer_peak,non,-0.13438572636557897
1903,3,18mo.9mo.activity.log_ratio.min.0-5kb.enhancer_peak,non,0.03445852884748649
1904,3,18mo.9mo.activity.log_ratio.count.0-5kb.enhancer_peak,non,-0.08665899099335836
1905,3,9mo.2mo.contact.log_ratio.count.0-5kb.enhancer_peak,non,0.1801532006848478
1906,3,18mo.2mo.contact.log_ratio.mean.0-5kb.enhancer_peak,non,-0.13307327034024077
1907,3,18mo.2mo.contact.log_ratio.median.0-5kb.enhancer_peak,non,-0.4505324347890891
1908,3,18mo.2mo.contact.log_ratio.max.0-5kb.enhancer_peak,non,0.12060669887710779
1909,3,18mo.2mo.contact.log_ratio.min.0-5kb.enhancer_peak,non,0.41775015331600374
1910,3,18mo.2mo.contact.log_ratio.count.0-5kb.enhancer_peak,non,-0.11264410496728396
1911,3,18mo.9mo.contact.log_ratio.mean.0-5kb.enhancer_peak,non,0.02505765565774264
1912,3,18mo.9mo.contact.log_ratio.median.0-5kb.enhancer_peak,non,-0.11060868376579733
1913,3,18mo.9mo.contact.log_ratio.max.0-5kb.enhancer_peak,non,0.40716611037569533
1914,3,18mo.9mo.contact.log_ratio.min.0-5kb.enhancer_peak,non,-0.028181543682162573
1915,3,18mo.9mo.contact.log_ratio.count.0-5kb.enhancer_peak,non,-0.08665899099335836
1916,3,9mo.2mo.activity.log_ratio.count.5kb-20kb.enhancer_peak,non,-0.14638012160530836
1917,3,18mo.2mo.activity.log_ratio.mean.5kb-20kb.enhancer_peak,non,0.024762740333358624
1918,3,18mo.2mo.activity.log_ratio.median.5kb-20kb.enhancer_peak,non,0.18665846184118437
1919,3,18mo.2mo.activity.log_ratio.max.5kb-20kb.enhancer_peak,non,-0.044587688961724145
1920,3,18mo.2mo.activity.log_ratio.min.5kb-20kb.enhancer_peak,non,-0.15447656853919897
1921,3,18mo.2mo.activity.log_ratio.count.5kb-20kb.enhancer_peak,non,-0.032163498480193384
1922,3,18mo.9mo.activity.log_ratio.mean.5kb-20kb.enhancer_peak,non,-0.004856206737995993
1923,3,18mo.9mo.activity.log_ratio.median.5kb-20kb.enhancer_peak,non,-0.24985412676344101
1924,3,18mo.9mo.activity.log_ratio.max.5kb-20kb.enhancer_peak,non,0.38876849869247526
1925,3,18mo.9mo.activity.log_ratio.min.5kb-20kb.enhancer_peak,non,0.04958737113316548
1926,3,18mo.9mo.activity.log_ratio.count.5kb-20kb.enhancer_peak,non,0.09815143599795294
1927,3,9mo.2mo.contact.log_ratio.count.5kb-20kb.enhancer_peak,non,-0.14638012160530836
1928,3,18mo.2mo.contact.log_ratio.mean.5kb-20kb.enhancer_peak,non,0.08464530502677292
1929,3,18mo.2mo.contact.log_ratio.median.5kb-20kb.enhancer_peak,non,0.18033781452294584
1930,3,18mo.2mo.contact.log_ratio.max.5kb-20kb.enhancer_peak,non,-0.004417307594089054
1931,3,18mo.2mo.contact.log_ratio.min.5kb-20kb.enhancer_peak,non,-0.2619063439588674
1932,3,18mo.2mo.contact.log_ratio.count.5kb-20kb.enhancer_peak,non,-0.032163498480193384
1933,3,18mo.9mo.contact.log_ratio.mean.5kb-20kb.enhancer_peak,non,-0.04974434433525067
1934,3,18mo.9mo.contact.log_ratio.median.5kb-20kb.enhancer_peak,non,-0.15974137112336662
1935,3,18mo.9mo.contact.log_ratio.max.5kb-20kb.enhancer_peak,non,0.24197799977364817
1936,3,18mo.9mo.contact.log_ratio.min.5kb-20kb.enhancer_peak,non,-0.10405759663221469
1937,3,18mo.9mo.contact.log_ratio.count.5kb-20kb.enhancer_peak,non,0.09815143599795294
1938,3,9mo.2mo.activity.log_ratio.mean.20kb-5Mb.enhancer_peak,non,0.15004166643789366
1939,3,9mo.2mo.activity.log_ratio.median.20kb-5Mb.enhancer_peak,non,0.28401725302175684
1940,3,9mo.2mo.activity.log_ratio.std.20kb-5Mb.enhancer_peak,non,-0.05026734696650633
1941,3,9mo.2mo.activity.log_ratio.max.20kb-5Mb.enhancer_peak,non,-0.33281652111143784
1942,3,9mo.2mo.activity.log_ratio.min.20kb-5Mb.enhancer_peak,non,-0.1885744521078884
1943,3,9mo.2mo.activity.log_ratio.count.20kb-5Mb.enhancer_peak,non,-0.07518933328317846
1944,3,18mo.2mo.activity.log_ratio.mean.20kb-5Mb.enhancer_peak,non,0.2677720627288143
1945,3,18mo.2mo.activity.log_ratio.median.20kb-5Mb.enhancer_peak,non,-0.7042096279679358
1946,3,18mo.2mo.activity.log_ratio.std.20kb-5Mb.enhancer_peak,non,-0.13756944803788101
1947,3,18mo.2mo.activity.log_ratio.max.20kb-5Mb.enhancer_peak,non,0.3959084247319454
1948,3,18mo.2mo.activity.log_ratio.min.20kb-5Mb.enhancer_peak,non,0.03665006917785612
1949,3,18mo.2mo.activity.log_ratio.count.20kb-5Mb.enhancer_peak,non,0.15335417050623226
1950,3,18mo.9mo.activity.log_ratio.mean.20kb-5Mb.enhancer_peak,non,-0.577609776694702
1951,3,18mo.9mo.activity.log_ratio.median.20kb-5Mb.enhancer_peak,non,0.26276425710159024
1952,3,18mo.9mo.activity.log_ratio.std.20kb-5Mb.enhancer_peak,non,0.05819669583998063
1953,3,18mo.9mo.activity.log_ratio.max.20kb-5Mb.enhancer_peak,non,0.15696053314344754
1954,3,18mo.9mo.activity.log_ratio.min.20kb-5Mb.enhancer_peak,non,0.190330145834201
1955,3,18mo.9mo.activity.log_ratio.count.20kb-5Mb.enhancer_peak,non,0.032116170099739993
1956,3,9mo.2mo.contact.log_ratio.mean.20kb-5Mb.enhancer_peak,non,0.0362853737076686
1957,3,9mo.2mo.contact.log_ratio.median.20kb-5Mb.enhancer_peak,non,-0.013095123424616667
1958,3,9mo.2mo.contact.log_ratio.std.20kb-5Mb.enhancer_peak,non,0.3766131113412812
1959,3,9mo.2mo.contact.log_ratio.max.20kb-5Mb.enhancer_peak,non,-0.24024987131440023
1960,3,9mo.2mo.contact.log_ratio.min.20kb-5Mb.enhancer_peak,non,0.2285991061165779
1961,3,9mo.2mo.contact.log_ratio.count.20kb-5Mb.enhancer_peak,non,-0.07518933328317846
1962,3,18mo.2mo.contact.log_ratio.mean.20kb-5Mb.enhancer_peak,non,0.09659488585490442
1963,3,18mo.2mo.contact.log_ratio.median.20kb-5Mb.enhancer_peak,non,-0.17730382852669765
1964,3,18mo.2mo.contact.log_ratio.std.20kb-5Mb.enhancer_peak,non,0.4220532217953593
1965,3,18mo.2mo.contact.log_ratio.max.20kb-5Mb.enhancer_peak,non,-0.41697056980827085
1966,3,18mo.2mo.contact.log_ratio.min.20kb-5Mb.enhancer_peak,non,0.4402379362749692
1967,3,18mo.2mo.contact.log_ratio.count.20kb-5Mb.enhancer_peak,non,0.15335417050623226
1968,3,18mo.9mo.contact.log_ratio.mean.20kb-5Mb.enhancer_peak,non,0.3074857492138889
1969,3,18mo.9mo.contact.log_ratio.median.20kb-5Mb.enhancer_peak,non,-0.03485528407142147
1970,3,18mo.9mo.contact.log_ratio.std.20kb-5Mb.enhancer_peak,non,0.21721234705622822
1971,3,18mo.9mo.contact.log_ratio.max.20kb-5Mb.enhancer_peak,non,-0.41330014812758337
1972,3,18mo.9mo.contact.log_ratio.min.20kb-5Mb.enhancer_peak,non,-0.03454405536145946
1973,3,18mo.9mo.contact.log_ratio.count.20kb-5Mb.enhancer_peak,non,0.032116170099739993
1974,3,count.enhancer_peak,non,-0.0933516458417138
1975,3,rel_pos.DAR,non,0.006732102728213921
1976,3,9mo.2mo.log_ratio.DAR,non,-0.11144879907759839
1977,3,18mo.9mo.log_ratio.DAR,non,-0.011981056885911884
1978,3,18mo.2mo.log_ratio.DAR,non,-0.0878484059275272
1979,3,count.DAR,non,0.15938877166588772
1980,3,size.log2.DMR,non,0.18977747187225782
1981,3,rel_pos.DMR,non,-0.14346272567371096
1982,3,9mo.2mo.log_ratio.DMR,non,-0.0514137625464455
1983,3,18mo.9mo.log_ratio.DMR,non,0.19879446735461181
1984,3,18mo.2mo.log_ratio.DMR,non,0.12456221353882387
1985,3,distance.log2.DMR,non,-0.0247343965665863
1986,3,count.DMR,non,0.015415802603541143
1987,3,Qanova.mean.loops,non,0.26047220410998023
1988,3,Qanova.median.loops,non,-0.0741040576529748
1989,3,Qanova.std.loops,non,0.22257582098384904
1990,3,Qanova.max.loops,non,-0.5833752205927228
1991,3,Qanova.min.loops,non,0.31493227382733313
1992,3,Tanova.mean.loops,non,-0.17884933683072726
1993,3,Tanova.median.loops,non,0.09944883871547572
1994,3,Tanova.std.loops,non,-0.18878801118597355
1995,3,Tanova.max.loops,non,0.36026036931547173
1996,3,Tanova.min.loops,non,-0.11094609187551943
1997,3,9mo.2mo.Q.mean.loops,non,0.4912372739345895
1998,3,9mo.2mo.Q.median.loops,non,-0.14630696800174048
1999,3,9mo.2mo.Q.std.loops,non,0.05671733647576339
2000,3,9mo.2mo.Q.max.loops,non,-0.4830592673103845
2001,3,9mo.2mo.Q.min.loops,non,0.09437951073509261
2002,3,18mo.9mo.Q.mean.loops,non,0.00254216922282295
2003,3,18mo.9mo.Q.median.loops,non,-0.0828723888916391
2004,3,18mo.9mo.Q.std.loops,non,-0.049301983381587346
2005,3,18mo.9mo.Q.max.loops,non,0.21611931428431227
2006,3,18mo.9mo.Q.min.loops,non,-0.4150877639817754
2007,3,18mo.2mo.Q.mean.loops,non,0.2964180534383653
2008,3,18mo.2mo.Q.median.loops,non,-0.18102837931770493
2009,3,18mo.2mo.Q.std.loops,non,0.5487693597294134
2010,3,18mo.2mo.Q.max.loops,non,-0.054929778396506264
2011,3,18mo.2mo.Q.min.loops,non,0.16528511833989468
2012,3,9mo.2mo.T.mean.loops,non,-0.023689942427925357
2013,3,9mo.2mo.T.median.loops,non,0.05375468054866873
2014,3,9mo.2mo.T.std.loops,non,0.009863031589648125
2015,3,9mo.2mo.T.max.loops,non,-0.23277473456772516
2016,3,9mo.2mo.T.min.loops,non,-0.16938780318938107
2017,3,18mo.9mo.T.mean.loops,non,-0.295227538568356
2018,3,18mo.9mo.T.median.loops,non,0.009829047468822873
2019,3,18mo.9mo.T.std.loops,non,0.4476128196192409
2020,3,18mo.9mo.T.max.loops,non,0.06274802576419651
2021,3,18mo.9mo.T.min.loops,non,0.4567635197320022
2022,3,18mo.2mo.T.mean.loops,non,-0.2982971338700016
2023,3,18mo.2mo.T.median.loops,non,0.001992450087522043
2024,3,18mo.2mo.T.std.loops,non,-0.4859887149441262
2025,3,18mo.2mo.T.max.loops,non,0.2875258119297703
2026,3,18mo.2mo.T.min.loops,non,-0.07407975919241577
2027,3,loop_size.log.mean.loops,non,-0.12822812331723318
2028,3,loop_size.log.median.loops,non,-0.47012251353258916
2029,3,loop_size.log.std.loops,non,0.14453683457221267
2030,3,loop_size.log.max.loops,non,-0.05167931586357208
2031,3,loop_size.log.min.loops,non,0.32850096209899354
2032,3,min_distance.log.mean.loops,non,0.25486705391878683
2033,3,min_distance.log.median.loops,non,0.3326454680015992
2034,3,min_distance.log.std.loops,non,-0.08272721583576383
2035,3,min_distance.log.max.loops,non,-0.022351494739434066
2036,3,min_distance.log.min.loops,non,-0.3048753485114928
2037,3,count.loops,non,0.19215780541972718
2038,3,9mo.2mo.log_ratio.mcg_genebody,non,0.09269915369143795
2039,3,18mo.9mo.log_ratio.mcg_genebody,non,-0.020754088600541728
2040,3,18mo.2mo.log_ratio.mcg_genebody,non,0.02121630549475912
2041,3,9mo.2mo.log_ratio.mch_genebody,non,-0.019677971808361026
2042,3,18mo.9mo.log_ratio.mch_genebody,non,-0.001710544022100084
2043,3,18mo.2mo.log_ratio.mch_genebody,non,-0.015614286138974932
2044,3,9mo.2mo.log_ratio.mean.atac,non,-0.33517814276006463
2045,3,18mo.9mo.log_ratio.mean.atac,non,0.07580188328831507
2046,3,18mo.2mo.log_ratio.mean.atac,non,-0.2301325181133395
2047,3,log2_distance.mean.atac,non,0.12617239743951114
2048,3,9mo.2mo.log_ratio.std.atac,non,0.07597761660103758
2049,3,18mo.9mo.log_ratio.std.atac,non,0.039416537953384
2050,3,18mo.2mo.log_ratio.std.atac,non,0.050459503127028786
2051,3,log2_distance.std.atac,non,-0.09647248073486699
2052,3,9mo.2mo.log_ratio.max.atac,non,0.20024748617903126
2053,3,18mo.9mo.log_ratio.max.atac,non,-0.08395167286332963
2054,3,18mo.2mo.log_ratio.max.atac,non,0.021343212703606965
2055,3,log2_distance.max.atac,non,-0.0444949192546099
2056,3,9mo.2mo.log_ratio.min.atac,non,0.45382683404680657
2057,3,18mo.9mo.log_ratio.min.atac,non,0.0019569092157771533
2058,3,18mo.2mo.log_ratio.min.atac,non,0.06052590547216024
2059,3,log2_distance.min.atac,non,-0.03411594632368811
2060,3,count.atac,non,-0.14482408775329517
2061,4,gene_length.meta,non,-0.34832377188361235
2062,4,9mo.2mo.activity.log_ratio.mean.5kb-20kb.enhancer_DMR,non,0.0389448497304755
2063,4,9mo.2mo.activity.log_ratio.median.5kb-20kb.enhancer_DMR,non,0.10807994634289661
2064,4,9mo.2mo.activity.log_ratio.max.5kb-20kb.enhancer_DMR,non,-0.12238990710639482
2065,4,9mo.2mo.activity.log_ratio.min.5kb-20kb.enhancer_DMR,non,-0.07203132116613425
2066,4,9mo.2mo.activity.log_ratio.count.5kb-20kb.enhancer_DMR,non,0.18270109391757192
2067,4,18mo.2mo.activity.log_ratio.mean.5kb-20kb.enhancer_DMR,non,0.014576277842941226
2068,4,18mo.2mo.activity.log_ratio.median.5kb-20kb.enhancer_DMR,non,0.2095346841010051
2069,4,18mo.2mo.activity.log_ratio.max.5kb-20kb.enhancer_DMR,non,0.11457941135200626
2070,4,18mo.2mo.activity.log_ratio.min.5kb-20kb.enhancer_DMR,non,-0.2281066943266421
2071,4,18mo.2mo.activity.log_ratio.count.5kb-20kb.enhancer_DMR,non,-0.12780209720893507
2072,4,18mo.9mo.activity.log_ratio.mean.5kb-20kb.enhancer_DMR,non,-0.028005743185713725
2073,4,18mo.9mo.activity.log_ratio.median.5kb-20kb.enhancer_DMR,non,-0.13897625371001052
2074,4,18mo.9mo.activity.log_ratio.max.5kb-20kb.enhancer_DMR,non,0.10549130440163099
2075,4,18mo.9mo.activity.log_ratio.min.5kb-20kb.enhancer_DMR,non,0.12303696565539275
2076,4,18mo.9mo.activity.log_ratio.count.5kb-20kb.enhancer_DMR,non,-0.03240481752195654
2077,4,9mo.2mo.contact.log_ratio.mean.5kb-20kb.enhancer_DMR,non,0.07878759834548146
2078,4,9mo.2mo.contact.log_ratio.median.5kb-20kb.enhancer_DMR,non,0.16047935891091564
2079,4,9mo.2mo.contact.log_ratio.max.5kb-20kb.enhancer_DMR,non,-0.3401227598222063
2080,4,9mo.2mo.contact.log_ratio.min.5kb-20kb.enhancer_DMR,non,0.09107906586370879
2081,4,9mo.2mo.contact.log_ratio.count.5kb-20kb.enhancer_DMR,non,0.18270109391757192
2082,4,18mo.2mo.contact.log_ratio.mean.5kb-20kb.enhancer_DMR,non,-0.012174731912990094
2083,4,18mo.2mo.contact.log_ratio.median.5kb-20kb.enhancer_DMR,non,-0.08080441626052302
2084,4,18mo.2mo.contact.log_ratio.max.5kb-20kb.enhancer_DMR,non,0.0974331872061639
2085,4,18mo.2mo.contact.log_ratio.min.5kb-20kb.enhancer_DMR,non,0.067645396263526
2086,4,18mo.2mo.contact.log_ratio.count.5kb-20kb.enhancer_DMR,non,-0.12780209720893507
2087,4,18mo.9mo.contact.log_ratio.mean.5kb-20kb.enhancer_DMR,non,-0.04181355483051121
2088,4,18mo.9mo.contact.log_ratio.median.5kb-20kb.enhancer_DMR,non,-0.05723845265425718
2089,4,18mo.9mo.contact.log_ratio.max.5kb-20kb.enhancer_DMR,non,0.01017778817937865
2090,4,18mo.9mo.contact.log_ratio.min.5kb-20kb.enhancer_DMR,non,0.06052795798890588
2091,4,18mo.9mo.contact.log_ratio.count.5kb-20kb.enhancer_DMR,non,-0.03240481752195654
2092,4,9mo.2mo.activity.log_ratio.mean.20kb-5Mb.enhancer_DMR,non,-0.14648676466808097
2093,4,9mo.2mo.activity.log_ratio.median.20kb-5Mb.enhancer_DMR,non,0.29669747605527846
2094,4,9mo.2mo.activity.log_ratio.max.20kb-5Mb.enhancer_DMR,non,-0.06189405770730928
2095,4,9mo.2mo.activity.log_ratio.min.20kb-5Mb.enhancer_DMR,non,-0.046276858688829
2096,4,9mo.2mo.activity.log_ratio.count.20kb-5Mb.enhancer_DMR,non,0.0939702457313158
2097,4,18mo.2mo.activity.log_ratio.mean.20kb-5Mb.enhancer_DMR,non,0.03923141352021157
2098,4,18mo.2mo.activity.log_ratio.median.20kb-5Mb.enhancer_DMR,non,-0.10504415800490706
2099,4,18mo.2mo.activity.log_ratio.max.20kb-5Mb.enhancer_DMR,non,0.08352790300162691
2100,4,18mo.2mo.activity.log_ratio.min.20kb-5Mb.enhancer_DMR,non,0.015291872895777242
2101,4,18mo.2mo.activity.log_ratio.count.20kb-5Mb.enhancer_DMR,non,-0.1553619375629618
2102,4,18mo.9mo.activity.log_ratio.mean.20kb-5Mb.enhancer_DMR,non,0.020582930522408085
2103,4,18mo.9mo.activity.log_ratio.median.20kb-5Mb.enhancer_DMR,non,-0.03583854206708474
2104,4,18mo.9mo.activity.log_ratio.max.20kb-5Mb.enhancer_DMR,non,0.07516945274827712
2105,4,18mo.9mo.activity.log_ratio.min.20kb-5Mb.enhancer_DMR,non,-0.12190522289834069
2106,4,18mo.9mo.activity.log_ratio.count.20kb-5Mb.enhancer_DMR,non,0.14584964431725958
2107,4,9mo.2mo.contact.log_ratio.mean.20kb-5Mb.enhancer_DMR,non,0.11166011829924712
2108,4,9mo.2mo.contact.log_ratio.median.20kb-5Mb.enhancer_DMR,non,-0.09606967782042557
2109,4,9mo.2mo.contact.log_ratio.max.20kb-5Mb.enhancer_DMR,non,0.0627638654744307
2110,4,9mo.2mo.contact.log_ratio.min.20kb-5Mb.enhancer_DMR,non,-0.16823889224830457
2111,4,9mo.2mo.contact.log_ratio.count.20kb-5Mb.enhancer_DMR,non,0.0939702457313158
2112,4,18mo.2mo.contact.log_ratio.mean.20kb-5Mb.enhancer_DMR,non,-0.17132034684757938
2113,4,18mo.2mo.contact.log_ratio.median.20kb-5Mb.enhancer_DMR,non,0.06071723478246763
2114,4,18mo.2mo.contact.log_ratio.max.20kb-5Mb.enhancer_DMR,non,0.16190852790947183
2115,4,18mo.2mo.contact.log_ratio.min.20kb-5Mb.enhancer_DMR,non,-0.01894883426492185
2116,4,18mo.2mo.contact.log_ratio.count.20kb-5Mb.enhancer_DMR,non,-0.1553619375629618
2117,4,18mo.9mo.contact.log_ratio.mean.20kb-5Mb.enhancer_DMR,non,-0.10394869273216759
2118,4,18mo.9mo.contact.log_ratio.median.20kb-5Mb.enhancer_DMR,non,-0.3964666052226364
2119,4,18mo.9mo.contact.log_ratio.max.20kb-5Mb.enhancer_DMR,non,0.07579950396708554
2120,4,18mo.9mo.contact.log_ratio.min.20kb-5Mb.enhancer_DMR,non,0.3095737737253162
2121,4,18mo.9mo.contact.log_ratio.count.20kb-5Mb.enhancer_DMR,non,0.14584964431725958
2122,4,count.enhancer_DMR,non,-0.07952754055409529
2123,4,9mo.2mo.activity.log_ratio.count.0-5kb.enhancer_peak,non,0.17197330774373878
2124,4,18mo.2mo.activity.log_ratio.mean.0-5kb.enhancer_peak,non,-0.08331729931686951
2125,4,18mo.2mo.activity.log_ratio.median.0-5kb.enhancer_peak,non,-0.2079062617683796
2126,4,18mo.2mo.activity.log_ratio.max.0-5kb.enhancer_peak,non,0.3183057381252032
2127,4,18mo.2mo.activity.log_ratio.min.0-5kb.enhancer_peak,non,-0.008339716984387667
2128,4,18mo.2mo.activity.log_ratio.count.0-5kb.enhancer_peak,non,-0.041055741513061704
2129,4,18mo.9mo.activity.log_ratio.mean.0-5kb.enhancer_peak,non,-0.02746823380646708
2130,4,18mo.9mo.activity.log_ratio.median.0-5kb.enhancer_peak,non,0.03397926234448287
2131,4,18mo.9mo.activity.log_ratio.max.0-5kb.enhancer_peak,non,0.1451183312986041
2132,4,18mo.9mo.activity.log_ratio.min.0-5kb.enhancer_peak,non,-0.045868106185511535
2133,4,18mo.9mo.activity.log_ratio.count.0-5kb.enhancer_peak,non,-0.17301239903022525
2134,4,9mo.2mo.contact.log_ratio.count.0-5kb.enhancer_peak,non,0.17197330774373878
2135,4,18mo.2mo.contact.log_ratio.mean.0-5kb.enhancer_peak,non,-0.1096155318162974
2136,4,18mo.2mo.contact.log_ratio.median.0-5kb.enhancer_peak,non,-0.4349454728533073
2137,4,18mo.2mo.contact.log_ratio.max.0-5kb.enhancer_peak,non,0.016323287262455535
2138,4,18mo.2mo.contact.log_ratio.min.0-5kb.enhancer_peak,non,0.4794735628388776
2139,4,18mo.2mo.contact.log_ratio.count.0-5kb.enhancer_peak,non,-0.041055741513061704
2140,4,18mo.9mo.contact.log_ratio.mean.0-5kb.enhancer_peak,non,0.07256107040230532
2141,4,18mo.9mo.contact.log_ratio.median.0-5kb.enhancer_peak,non,0.0123422896391666
2142,4,18mo.9mo.contact.log_ratio.max.0-5kb.enhancer_peak,non,0.17581483271882434
2143,4,18mo.9mo.contact.log_ratio.min.0-5kb.enhancer_peak,non,-0.0036689520331404076
2144,4,18mo.9mo.contact.log_ratio.count.0-5kb.enhancer_peak,non,-0.17301239903022525
2145,4,9mo.2mo.activity.log_ratio.count.5kb-20kb.enhancer_peak,non,-0.06761543531100915
2146,4,18mo.2mo.activity.log_ratio.mean.5kb-20kb.enhancer_peak,non,0.05097516534037829
2147,4,18mo.2mo.activity.log_ratio.median.5kb-20kb.enhancer_peak,non,0.22641827612880322
2148,4,18mo.2mo.activity.log_ratio.max.5kb-20kb.enhancer_peak,non,-0.06731395622362041
2149,4,18mo.2mo.activity.log_ratio.min.5kb-20kb.enhancer_peak,non,-0.09597392539783989
2150,4,18mo.2mo.activity.log_ratio.count.5kb-20kb.enhancer_peak,non,0.02637855644919214
2151,4,18mo.9mo.activity.log_ratio.mean.5kb-20kb.enhancer_peak,non,0.002577628098696254
2152,4,18mo.9mo.activity.log_ratio.median.5kb-20kb.enhancer_peak,non,-0.28656606687968794
2153,4,18mo.9mo.activity.log_ratio.max.5kb-20kb.enhancer_peak,non,0.21579291670233874
2154,4,18mo.9mo.activity.log_ratio.min.5kb-20kb.enhancer_peak,non,0.1867961913523435
2155,4,18mo.9mo.activity.log_ratio.count.5kb-20kb.enhancer_peak,non,0.022222717224986453
2156,4,9mo.2mo.contact.log_ratio.count.5kb-20kb.enhancer_peak,non,-0.06761543531100915
2157,4,18mo.2mo.contact.log_ratio.mean.5kb-20kb.enhancer_peak,non,0.07757014705716603
2158,4,18mo.2mo.contact.log_ratio.median.5kb-20kb.enhancer_peak,non,-0.11985796650543855
2159,4,18mo.2mo.contact.log_ratio.max.5kb-20kb.enhancer_peak,non,0.02992022730829436
2160,4,18mo.2mo.contact.log_ratio.min.5kb-20kb.enhancer_peak,non,-0.04073034813421877
2161,4,18mo.2mo.contact.log_ratio.count.5kb-20kb.enhancer_peak,non,0.02637855644919214
2162,4,18mo.9mo.contact.log_ratio.mean.5kb-20kb.enhancer_peak,non,-0.053890911470153256
2163,4,18mo.9mo.contact.log_ratio.median.5kb-20kb.enhancer_peak,non,-0.3002585666386914
2164,4,18mo.9mo.contact.log_ratio.max.5kb-20kb.enhancer_peak,non,0.110289550896131
2165,4,18mo.9mo.contact.log_ratio.min.5kb-20kb.enhancer_peak,non,0.16916090717632154
2166,4,18mo.9mo.contact.log_ratio.count.5kb-20kb.enhancer_peak,non,0.022222717224986453
2167,4,9mo.2mo.activity.log_ratio.mean.20kb-5Mb.enhancer_peak,non,-0.04182064079092197
2168,4,9mo.2mo.activity.log_ratio.median.20kb-5Mb.enhancer_peak,non,-0.08294597091877966
2169,4,9mo.2mo.activity.log_ratio.std.20kb-5Mb.enhancer_peak,non,-0.1823656848906884
2170,4,9mo.2mo.activity.log_ratio.max.20kb-5Mb.enhancer_peak,non,0.026924298863240218
2171,4,9mo.2mo.activity.log_ratio.min.20kb-5Mb.enhancer_peak,non,-0.1320353584048163
2172,4,9mo.2mo.activity.log_ratio.count.20kb-5Mb.enhancer_peak,non,-0.10092419799208087
2173,4,18mo.2mo.activity.log_ratio.mean.20kb-5Mb.enhancer_peak,non,-0.05377028547128807
2174,4,18mo.2mo.activity.log_ratio.median.20kb-5Mb.enhancer_peak,non,-0.3328556090130021
2175,4,18mo.2mo.activity.log_ratio.std.20kb-5Mb.enhancer_peak,non,0.019263834314377764
2176,4,18mo.2mo.activity.log_ratio.max.20kb-5Mb.enhancer_peak,non,0.3031707984847491
2177,4,18mo.2mo.activity.log_ratio.min.20kb-5Mb.enhancer_peak,non,0.34430226171346334
2178,4,18mo.2mo.activity.log_ratio.count.20kb-5Mb.enhancer_peak,non,0.1332617747277408
2179,4,18mo.9mo.activity.log_ratio.mean.20kb-5Mb.enhancer_peak,non,-0.23335044623065193
2180,4,18mo.9mo.activity.log_ratio.median.20kb-5Mb.enhancer_peak,non,0.11083926925141428
2181,4,18mo.9mo.activity.log_ratio.std.20kb-5Mb.enhancer_peak,non,-0.011133099859075509
2182,4,18mo.9mo.activity.log_ratio.max.20kb-5Mb.enhancer_peak,non,0.0330517137776635
2183,4,18mo.9mo.activity.log_ratio.min.20kb-5Mb.enhancer_peak,non,0.010710508915114127
2184,4,18mo.9mo.activity.log_ratio.count.20kb-5Mb.enhancer_peak,non,0.14347656961858535
2185,4,9mo.2mo.contact.log_ratio.mean.20kb-5Mb.enhancer_peak,non,-0.04230459520505256
2186,4,9mo.2mo.contact.log_ratio.median.20kb-5Mb.enhancer_peak,non,-0.026541731114131776
2187,4,9mo.2mo.contact.log_ratio.std.20kb-5Mb.enhancer_peak,non,0.21759352119848488
2188,4,9mo.2mo.contact.log_ratio.max.20kb-5Mb.enhancer_peak,non,-0.12568217249688288
2189,4,9mo.2mo.contact.log_ratio.min.20kb-5Mb.enhancer_peak,non,0.03738484259894057
2190,4,9mo.2mo.contact.log_ratio.count.20kb-5Mb.enhancer_peak,non,-0.10092419799208087
2191,4,18mo.2mo.contact.log_ratio.mean.20kb-5Mb.enhancer_peak,non,0.24278710406954448
2192,4,18mo.2mo.contact.log_ratio.median.20kb-5Mb.enhancer_peak,non,-0.1255841970366539
2193,4,18mo.2mo.contact.log_ratio.std.20kb-5Mb.enhancer_peak,non,0.4715091405709955
2194,4,18mo.2mo.contact.log_ratio.max.20kb-5Mb.enhancer_peak,non,-0.44195950753368674
2195,4,18mo.2mo.contact.log_ratio.min.20kb-5Mb.enhancer_peak,non,0.351705573120006
2196,4,18mo.2mo.contact.log_ratio.count.20kb-5Mb.enhancer_peak,non,0.1332617747277408
2197,4,18mo.9mo.contact.log_ratio.mean.20kb-5Mb.enhancer_peak,non,-0.06739312607642281
2198,4,18mo.9mo.contact.log_ratio.median.20kb-5Mb.enhancer_peak,non,0.05625873435109611
2199,4,18mo.9mo.contact.log_ratio.std.20kb-5Mb.enhancer_peak,non,0.1719955054298407
2200,4,18mo.9mo.contact.log_ratio.max.20kb-5Mb.enhancer_peak,non,-0.211192294257291
2201,4,18mo.9mo.contact.log_ratio.min.20kb-5Mb.enhancer_peak,non,0.09539499582838488
2202,4,18mo.9mo.contact.log_ratio.count.20kb-5Mb.enhancer_peak,non,0.14347656961858535
2203,4,count.enhancer_peak,non,-0.17453195508238492
2204,4,rel_pos.DAR,non,-0.05102864777959029
2205,4,9mo.2mo.log_ratio.DAR,non,-0.1309383371459718
2206,4,18mo.9mo.log_ratio.DAR,non,-0.06789786060717709
2207,4,18mo.2mo.log_ratio.DAR,non,-0.1363223737542146
2208,4,count.DAR,non,0.034479558702032835
2209,4,size.log2.DMR,non,-0.08520213551283869
2210,4,rel_pos.DMR,non,0.061001521531459255
2211,4,9mo.2mo.log_ratio.DMR,non,0.038572924462478196
2212,4,18mo.9mo.log_ratio.DMR,non,0.0863455794286885
2213,4,18mo.2mo.log_ratio.DMR,non,0.08908030890150864
2214,4,distance.log2.DMR,non,0.06593682677297494
2215,4,count.DMR,non,0.028321295969767176
2216,4,Qanova.mean.loops,non,0.22534900633587
2217,4,Qanova.median.loops,non,0.023424622114752616
2218,4,Qanova.std.loops,non,-0.03437949139051943
2219,4,Qanova.max.loops,non,-0.369167645070217
2220,4,Qanova.min.loops,non,0.33080694505117825
2221,4,Tanova.mean.loops,non,0.11341226137632004
2222,4,Tanova.median.loops,non,-0.07362658843155923
2223,4,Tanova.std.loops,non,-0.3467992790057418
2224,4,Tanova.max.loops,non,0.39482861399305214
2225,4,Tanova.min.loops,non,-0.32171304733368067
2226,4,9mo.2mo.Q.mean.loops,non,0.14709459586905815
2227,4,9mo.2mo.Q.median.loops,non,0.08662579569848665
2228,4,9mo.2mo.Q.std.loops,non,-0.05429708377304181
2229,4,9mo.2mo.Q.max.loops,non,-0.2979171880885158
2230,4,9mo.2mo.Q.min.loops,non,0.1901948423987101
2231,4,18mo.9mo.Q.mean.loops,non,0.13613470983466752
2232,4,18mo.9mo.Q.median.loops,non,-0.3489776949291925
2233,4,18mo.9mo.Q.std.loops,non,0.20146475037790315
2234,4,18mo.9mo.Q.max.loops,non,0.23050013169459938
2235,4,18mo.9mo.Q.min.loops,non,-0.16163566373393803
2236,4,18mo.2mo.Q.mean.loops,non,0.22463649014297368
2237,4,18mo.2mo.Q.median.loops,non,-0.17625743343221487
2238,4,18mo.2mo.Q.std.loops,non,0.42463247233964535
2239,4,18mo.2mo.Q.max.loops,non,0.08134136257261469
2240,4,18mo.2mo.Q.min.loops,non,0.11684344979776656
2241,4,9mo.2mo.T.mean.loops,non,-0.15209703626529583
2242,4,9mo.2mo.T.median.loops,non,-0.045986712636135296
2243,4,9mo.2mo.T.std.loops,non,0.05705720721405107
2244,4,9mo.2mo.T.max.loops,non,-0.15160506455244696
2245,4,9mo.2mo.T.min.loops,non,0.023891727272317236
2246,4,18mo.9mo.T.mean.loops,non,-0.0297184053002639
2247,4,18mo.9mo.T.median.loops,non,-0.3711832793833987
2248,4,18mo.9mo.T.std.loops,non,0.40947738236630926
2249,4,18mo.9mo.T.max.loops,non,0.24123381248850143
2250,4,18mo.9mo.T.min.loops,non,0.29598667899004516
2251,4,18mo.2mo.T.mean.loops,non,-0.15534644377638712
2252,4,18mo.2mo.T.median.loops,non,0.14788157842866403
2253,4,18mo.2mo.T.std.loops,non,-0.40133219646529966
2254,4,18mo.2mo.T.max.loops,non,-0.06651970828815636
2255,4,18mo.2mo.T.min.loops,non,0.009205814533093553
2256,4,loop_size.log.mean.loops,non,0.0814451686525542
2257,4,loop_size.log.median.loops,non,0.05692908889898267
2258,4,loop_size.log.std.loops,non,0.0634446030728388
2259,4,loop_size.log.max.loops,non,0.11810802204942232
2260,4,loop_size.log.min.loops,non,-0.06389088482734007
2261,4,min_distance.log.mean.loops,non,-0.017949438795736437
2262,4,min_distance.log.median.loops,non,-0.15179925519634535
2263,4,min_distance.log.std.loops,non,0.019301499404482985
2264,4,min_distance.log.max.loops,non,0.09649595965211129
2265,4,min_distance.log.min.loops,non,-0.0940779048672712
2266,4,count.loops,non,0.03430723202454239
2267,4,9mo.2mo.log_ratio.mcg_genebody,non,0.17532829223719174
2268,4,18mo.9mo.log_ratio.mcg_genebody,non,-0.023613155884312047
2269,4,18mo.2mo.log_ratio.mcg_genebody,non,0.05435102773329458
2270,4,9mo.2mo.log_ratio.mch_genebody,non,-0.0695249720946455
2271,4,18mo.9mo.log_ratio.mch_genebody,non,0.060292330511162714
2272,4,18mo.2mo.log_ratio.mch_genebody,non,-0.008117032031421284
2273,4,9mo.2mo.log_ratio.mean.atac,non,-0.08180309476914888
2274,4,18mo.9mo.log_ratio.mean.atac,non,-0.14576978961472298
2275,4,18mo.2mo.log_ratio.mean.atac,non,-0.15623548572996152
2276,4,log2_distance.mean.atac,non,0.3135348826840788
2277,4,9mo.2mo.log_ratio.std.atac,non,0.08981615327514655
2278,4,18mo.9mo.log_ratio.std.atac,non,0.01352479324093434
2279,4,18mo.2mo.log_ratio.std.atac,non,0.0692971379750659
2280,4,log2_distance.std.atac,non,-0.0327773650209681
2281,4,9mo.2mo.log_ratio.max.atac,non,0.08337921097707757
2282,4,18mo.9mo.log_ratio.max.atac,non,0.10144190990845608
2283,4,18mo.2mo.log_ratio.max.atac,non,0.10237868389437667
2284,4,log2_distance.max.atac,non,-0.17479427652130258
2285,4,9mo.2mo.log_ratio.min.atac,non,0.37709739019948607
2286,4,18mo.9mo.log_ratio.min.atac,non,0.15805953190044356
2287,4,18mo.2mo.log_ratio.min.atac,non,-0.002415869386648578
2288,4,log2_distance.min.atac,non,-0.0732675526947895
2289,4,count.atac,non,-0.15508889960131222
2290,0,gene_length.meta,up,1.0067059126963456
2291,0,9mo.2mo.activity.log_ratio.mean.5kb-20kb.enhancer_DMR,up,0.030472507839123374
2292,0,9mo.2mo.activity.log_ratio.median.5kb-20kb.enhancer_DMR,up,-0.06941548955401974
2293,0,9mo.2mo.activity.log_ratio.max.5kb-20kb.enhancer_DMR,up,-0.1525171449355477
2294,0,9mo.2mo.activity.log_ratio.min.5kb-20kb.enhancer_DMR,up,0.19676753298517602
2295,0,9mo.2mo.activity.log_ratio.count.5kb-20kb.enhancer_DMR,up,-0.13678615488719498
2296,0,18mo.2mo.activity.log_ratio.mean.5kb-20kb.enhancer_DMR,up,-0.10876471891660341
2297,0,18mo.2mo.activity.log_ratio.median.5kb-20kb.enhancer_DMR,up,-0.6346319895089286
2298,0,18mo.2mo.activity.log_ratio.max.5kb-20kb.enhancer_DMR,up,0.06909959710739372
2299,0,18mo.2mo.activity.log_ratio.min.5kb-20kb.enhancer_DMR,up,0.43724599736813674
2300,0,18mo.2mo.activity.log_ratio.count.5kb-20kb.enhancer_DMR,up,0.3073080050660001
2301,0,18mo.9mo.activity.log_ratio.mean.5kb-20kb.enhancer_DMR,up,0.1289769450297185
2302,0,18mo.9mo.activity.log_ratio.median.5kb-20kb.enhancer_DMR,up,0.3987929658685199
2303,0,18mo.9mo.activity.log_ratio.max.5kb-20kb.enhancer_DMR,up,-0.3708270830700006
2304,0,18mo.9mo.activity.log_ratio.min.5kb-20kb.enhancer_DMR,up,-0.11867762527581745
2305,0,18mo.9mo.activity.log_ratio.count.5kb-20kb.enhancer_DMR,up,-0.16212988137521048
2306,0,9mo.2mo.contact.log_ratio.mean.5kb-20kb.enhancer_DMR,up,0.09337600117361491
2307,0,9mo.2mo.contact.log_ratio.median.5kb-20kb.enhancer_DMR,up,0.3114571393431608
2308,0,9mo.2mo.contact.log_ratio.max.5kb-20kb.enhancer_DMR,up,0.7347723082651796
2309,0,9mo.2mo.contact.log_ratio.min.5kb-20kb.enhancer_DMR,up,-0.8209035772988519
2310,0,9mo.2mo.contact.log_ratio.count.5kb-20kb.enhancer_DMR,up,-0.13678615488719498
2311,0,18mo.2mo.contact.log_ratio.mean.5kb-20kb.enhancer_DMR,up,0.04334020965592704
2312,0,18mo.2mo.contact.log_ratio.median.5kb-20kb.enhancer_DMR,up,0.2571783404686313
2313,0,18mo.2mo.contact.log_ratio.max.5kb-20kb.enhancer_DMR,up,-0.5511268361906316
2314,0,18mo.2mo.contact.log_ratio.min.5kb-20kb.enhancer_DMR,up,-0.16891471040913184
2315,0,18mo.2mo.contact.log_ratio.count.5kb-20kb.enhancer_DMR,up,0.3073080050660001
2316,0,18mo.9mo.contact.log_ratio.mean.5kb-20kb.enhancer_DMR,up,0.2087875799312401
2317,0,18mo.9mo.contact.log_ratio.median.5kb-20kb.enhancer_DMR,up,0.3170775816998986
2318,0,18mo.9mo.contact.log_ratio.max.5kb-20kb.enhancer_DMR,up,-0.0510818147231066
2319,0,18mo.9mo.contact.log_ratio.min.5kb-20kb.enhancer_DMR,up,0.10349091306747472
2320,0,18mo.9mo.contact.log_ratio.count.5kb-20kb.enhancer_DMR,up,-0.16212988137521048
2321,0,9mo.2mo.activity.log_ratio.mean.20kb-5Mb.enhancer_DMR,up,-0.06412550504333658
2322,0,9mo.2mo.activity.log_ratio.median.20kb-5Mb.enhancer_DMR,up,0.10384361594872371
2323,0,9mo.2mo.activity.log_ratio.max.20kb-5Mb.enhancer_DMR,up,-0.27820690039872215
2324,0,9mo.2mo.activity.log_ratio.min.20kb-5Mb.enhancer_DMR,up,0.10208266025218618
2325,0,9mo.2mo.activity.log_ratio.count.20kb-5Mb.enhancer_DMR,up,-0.09871904184918928
2326,0,18mo.2mo.activity.log_ratio.mean.20kb-5Mb.enhancer_DMR,up,0.27927109899662694
2327,0,18mo.2mo.activity.log_ratio.median.20kb-5Mb.enhancer_DMR,up,0.01874182685563966
2328,0,18mo.2mo.activity.log_ratio.max.20kb-5Mb.enhancer_DMR,up,0.05392000683797204
2329,0,18mo.2mo.activity.log_ratio.min.20kb-5Mb.enhancer_DMR,up,-0.09388456754918743
2330,0,18mo.2mo.activity.log_ratio.count.20kb-5Mb.enhancer_DMR,up,0.122699042076904
2331,0,18mo.9mo.activity.log_ratio.mean.20kb-5Mb.enhancer_DMR,up,-0.006754871598478557
2332,0,18mo.9mo.activity.log_ratio.median.20kb-5Mb.enhancer_DMR,up,-0.04268443990384467
2333,0,18mo.9mo.activity.log_ratio.max.20kb-5Mb.enhancer_DMR,up,-0.08639907735318202
2334,0,18mo.9mo.activity.log_ratio.min.20kb-5Mb.enhancer_DMR,up,0.03602342043212205
2335,0,18mo.9mo.activity.log_ratio.count.20kb-5Mb.enhancer_DMR,up,-0.20770155967796336
2336,0,9mo.2mo.contact.log_ratio.mean.20kb-5Mb.enhancer_DMR,up,0.053075817219201606
2337,0,9mo.2mo.contact.log_ratio.median.20kb-5Mb.enhancer_DMR,up,0.05903848992851227
2338,0,9mo.2mo.contact.log_ratio.max.20kb-5Mb.enhancer_DMR,up,-0.16434087669012043
2339,0,9mo.2mo.contact.log_ratio.min.20kb-5Mb.enhancer_DMR,up,0.20317996345773
2340,0,9mo.2mo.contact.log_ratio.count.20kb-5Mb.enhancer_DMR,up,-0.09871904184918928
2341,0,18mo.2mo.contact.log_ratio.mean.20kb-5Mb.enhancer_DMR,up,0.02330039552970745
2342,0,18mo.2mo.contact.log_ratio.median.20kb-5Mb.enhancer_DMR,up,-0.0698974390081516
2343,0,18mo.2mo.contact.log_ratio.max.20kb-5Mb.enhancer_DMR,up,-0.07188417950534419
2344,0,18mo.2mo.contact.log_ratio.min.20kb-5Mb.enhancer_DMR,up,0.3847037938287656
2345,0,18mo.2mo.contact.log_ratio.count.20kb-5Mb.enhancer_DMR,up,0.122699042076904
2346,0,18mo.9mo.contact.log_ratio.mean.20kb-5Mb.enhancer_DMR,up,0.1546718596719026
2347,0,18mo.9mo.contact.log_ratio.median.20kb-5Mb.enhancer_DMR,up,0.8464713564748119
2348,0,18mo.9mo.contact.log_ratio.max.20kb-5Mb.enhancer_DMR,up,-0.028212161237699918
2349,0,18mo.9mo.contact.log_ratio.min.20kb-5Mb.enhancer_DMR,up,-0.5578702086761763
2350,0,18mo.9mo.contact.log_ratio.count.20kb-5Mb.enhancer_DMR,up,-0.20770155967796336
2351,0,count.enhancer_DMR,up,-0.15194193593565183
2352,0,9mo.2mo.activity.log_ratio.count.0-5kb.enhancer_peak,up,-0.3449165743896415
2353,0,18mo.2mo.activity.log_ratio.mean.0-5kb.enhancer_peak,up,0.011779477250563806
2354,0,18mo.2mo.activity.log_ratio.median.0-5kb.enhancer_peak,up,0.08497826067778604
2355,0,18mo.2mo.activity.log_ratio.max.0-5kb.enhancer_peak,up,-0.5539148616609921
2356,0,18mo.2mo.activity.log_ratio.min.0-5kb.enhancer_peak,up,0.4968783139495174
2357,0,18mo.2mo.activity.log_ratio.count.0-5kb.enhancer_peak,up,0.19717673340179798
2358,0,18mo.9mo.activity.log_ratio.mean.0-5kb.enhancer_peak,up,-0.03400085545534442
2359,0,18mo.9mo.activity.log_ratio.median.0-5kb.enhancer_peak,up,0.05327163954033075
2360,0,18mo.9mo.activity.log_ratio.max.0-5kb.enhancer_peak,up,-0.1637693535249461
2361,0,18mo.9mo.activity.log_ratio.min.0-5kb.enhancer_peak,up,0.007040892655604015
2362,0,18mo.9mo.activity.log_ratio.count.0-5kb.enhancer_peak,up,0.1479822983209212
2363,0,9mo.2mo.contact.log_ratio.count.0-5kb.enhancer_peak,up,-0.3449165743896415
2364,0,18mo.2mo.contact.log_ratio.mean.0-5kb.enhancer_peak,up,0.09199929475124918
2365,0,18mo.2mo.contact.log_ratio.median.0-5kb.enhancer_peak,up,0.4596640428681959
2366,0,18mo.2mo.contact.log_ratio.max.0-5kb.enhancer_peak,up,-0.11699565991173383
2367,0,18mo.2mo.contact.log_ratio.min.0-5kb.enhancer_peak,up,-0.4500748481553598
2368,0,18mo.2mo.contact.log_ratio.count.0-5kb.enhancer_peak,up,0.19717673340179798
2369,0,18mo.9mo.contact.log_ratio.mean.0-5kb.enhancer_peak,up,0.006687480929994653
2370,0,18mo.9mo.contact.log_ratio.median.0-5kb.enhancer_peak,up,0.27546490561310366
2371,0,18mo.9mo.contact.log_ratio.max.0-5kb.enhancer_peak,up,-0.157376870617722
2372,0,18mo.9mo.contact.log_ratio.min.0-5kb.enhancer_peak,up,-0.340120116452506
2373,0,18mo.9mo.contact.log_ratio.count.0-5kb.enhancer_peak,up,0.1479822983209212
2374,0,9mo.2mo.activity.log_ratio.count.5kb-20kb.enhancer_peak,up,0.2435879243114464
2375,0,18mo.2mo.activity.log_ratio.mean.5kb-20kb.enhancer_peak,up,-0.0810462527910912
2376,0,18mo.2mo.activity.log_ratio.median.5kb-20kb.enhancer_peak,up,-0.2830323204084344
2377,0,18mo.2mo.activity.log_ratio.max.5kb-20kb.enhancer_peak,up,0.019686126574826546
2378,0,18mo.2mo.activity.log_ratio.min.5kb-20kb.enhancer_peak,up,0.22112474807521554
2379,0,18mo.2mo.activity.log_ratio.count.5kb-20kb.enhancer_peak,up,-0.057776157772219
2380,0,18mo.9mo.activity.log_ratio.mean.5kb-20kb.enhancer_peak,up,-0.081163014453459
2381,0,18mo.9mo.activity.log_ratio.median.5kb-20kb.enhancer_peak,up,-0.007785544631414267
2382,0,18mo.9mo.activity.log_ratio.max.5kb-20kb.enhancer_peak,up,-0.16510218826160664
2383,0,18mo.9mo.activity.log_ratio.min.5kb-20kb.enhancer_peak,up,-0.005457689526560766
2384,0,18mo.9mo.activity.log_ratio.count.5kb-20kb.enhancer_peak,up,-0.28526702607983384
2385,0,9mo.2mo.contact.log_ratio.count.5kb-20kb.enhancer_peak,up,0.2435879243114464
2386,0,18mo.2mo.contact.log_ratio.mean.5kb-20kb.enhancer_peak,up,0.005245983403424611
2387,0,18mo.2mo.contact.log_ratio.median.5kb-20kb.enhancer_peak,up,-0.03113112140537838
2388,0,18mo.2mo.contact.log_ratio.max.5kb-20kb.enhancer_peak,up,-0.10940610004886572
2389,0,18mo.2mo.contact.log_ratio.min.5kb-20kb.enhancer_peak,up,0.11654073923758901
2390,0,18mo.2mo.contact.log_ratio.count.5kb-20kb.enhancer_peak,up,-0.057776157772219
2391,0,18mo.9mo.contact.log_ratio.mean.5kb-20kb.enhancer_peak,up,0.0848325857701222
2392,0,18mo.9mo.contact.log_ratio.median.5kb-20kb.enhancer_peak,up,0.2778619887146124
2393,0,18mo.9mo.contact.log_ratio.max.5kb-20kb.enhancer_peak,up,-0.07513778279108041
2394,0,18mo.9mo.contact.log_ratio.min.5kb-20kb.enhancer_peak,up,-0.22408420761398076
2395,0,18mo.9mo.contact.log_ratio.count.5kb-20kb.enhancer_peak,up,-0.28526702607983384
2396,0,9mo.2mo.activity.log_ratio.mean.20kb-5Mb.enhancer_peak,up,-0.05096879342558569
2397,0,9mo.2mo.activity.log_ratio.median.20kb-5Mb.enhancer_peak,up,-0.13822543408721316
2398,0,9mo.2mo.activity.log_ratio.std.20kb-5Mb.enhancer_peak,up,0.08668607758407841
2399,0,9mo.2mo.activity.log_ratio.max.20kb-5Mb.enhancer_peak,up,0.5469057782806757
2400,0,9mo.2mo.activity.log_ratio.min.20kb-5Mb.enhancer_peak,up,0.2584282184135579
2401,0,9mo.2mo.activity.log_ratio.count.20kb-5Mb.enhancer_peak,up,0.07662203972651696
2402,0,18mo.2mo.activity.log_ratio.mean.20kb-5Mb.enhancer_peak,up,-0.4443573837272724
2403,0,18mo.2mo.activity.log_ratio.median.20kb-5Mb.enhancer_peak,up,0.765764554784753
2404,0,18mo.2mo.activity.log_ratio.std.20kb-5Mb.enhancer_peak,up,0.07113363294414564
2405,0,18mo.2mo.activity.log_ratio.max.20kb-5Mb.enhancer_peak,up,-0.6011551992124006
2406,0,18mo.2mo.activity.log_ratio.min.20kb-5Mb.enhancer_peak,up,-0.48867856828196604
2407,0,18mo.2mo.activity.log_ratio.count.20kb-5Mb.enhancer_peak,up,-0.28414110341934096
2408,0,18mo.9mo.activity.log_ratio.mean.20kb-5Mb.enhancer_peak,up,0.5437895341432833
2409,0,18mo.9mo.activity.log_ratio.median.20kb-5Mb.enhancer_peak,up,-0.2894473215670727
2410,0,18mo.9mo.activity.log_ratio.std.20kb-5Mb.enhancer_peak,up,-0.10751712312818262
2411,0,18mo.9mo.activity.log_ratio.max.20kb-5Mb.enhancer_peak,up,-0.04841645780729678
2412,0,18mo.9mo.activity.log_ratio.min.20kb-5Mb.enhancer_peak,up,0.0725296611080298
2413,0,18mo.9mo.activity.log_ratio.count.20kb-5Mb.enhancer_peak,up,-0.004253777336530045
2414,0,9mo.2mo.contact.log_ratio.mean.20kb-5Mb.enhancer_peak,up,-0.3969364715821278
2415,0,9mo.2mo.contact.log_ratio.median.20kb-5Mb.enhancer_peak,up,0.32589797776800294
2416,0,9mo.2mo.contact.log_ratio.std.20kb-5Mb.enhancer_peak,up,-0.43883930942002103
2417,0,9mo.2mo.contact.log_ratio.max.20kb-5Mb.enhancer_peak,up,0.20484627854326792
2418,0,9mo.2mo.contact.log_ratio.min.20kb-5Mb.enhancer_peak,up,-0.0719930492808613
2419,0,9mo.2mo.contact.log_ratio.count.20kb-5Mb.enhancer_peak,up,0.07662203972651696
2420,0,18mo.2mo.contact.log_ratio.mean.20kb-5Mb.enhancer_peak,up,-0.16515848435178399
2421,0,18mo.2mo.contact.log_ratio.median.20kb-5Mb.enhancer_peak,up,-0.06319734299445057
2422,0,18mo.2mo.contact.log_ratio.std.20kb-5Mb.enhancer_peak,up,-0.80890557029141
2423,0,18mo.2mo.contact.log_ratio.max.20kb-5Mb.enhancer_peak,up,0.6739129217700598
2424,0,18mo.2mo.contact.log_ratio.min.20kb-5Mb.enhancer_peak,up,-0.5585566914114648
2425,0,18mo.2mo.contact.log_ratio.count.20kb-5Mb.enhancer_peak,up,-0.28414110341934096
2426,0,18mo.9mo.contact.log_ratio.mean.20kb-5Mb.enhancer_peak,up,0.025117839172464462
2427,0,18mo.9mo.contact.log_ratio.median.20kb-5Mb.enhancer_peak,up,-0.14143159423085155
2428,0,18mo.9mo.contact.log_ratio.std.20kb-5Mb.enhancer_peak,up,-0.15130791625964113
2429,0,18mo.9mo.contact.log_ratio.max.20kb-5Mb.enhancer_peak,up,0.5623616814072155
2430,0,18mo.9mo.contact.log_ratio.min.20kb-5Mb.enhancer_peak,up,-0.09237593721854262
2431,0,18mo.9mo.contact.log_ratio.count.20kb-5Mb.enhancer_peak,up,-0.004253777336530045
2432,0,count.enhancer_peak,up,0.2574175491744223
2433,0,rel_pos.DAR,up,-0.20772127687016978
2434,0,9mo.2mo.log_ratio.DAR,up,0.21887566422482044
2435,0,18mo.9mo.log_ratio.DAR,up,0.11891911803788034
2436,0,18mo.2mo.log_ratio.DAR,up,0.23533309241868805
2437,0,count.DAR,up,-0.13536523147449525
2438,0,size.log2.DMR,up,0.11972345967885364
2439,0,rel_pos.DMR,up,0.4480177554188824
2440,0,9mo.2mo.log_ratio.DMR,up,0.13343178790833224
2441,0,18mo.9mo.log_ratio.DMR,up,-0.09223210435921424
2442,0,18mo.2mo.log_ratio.DMR,up,0.008927986578547348
2443,0,distance.log2.DMR,up,-0.3385282976919804
2444,0,count.DMR,up,-0.36484037735820624
2445,0,Qanova.mean.loops,up,-0.44096696590572115
2446,0,Qanova.median.loops,up,0.293202079314787
2447,0,Qanova.std.loops,up,0.06250469444416397
2448,0,Qanova.max.loops,up,0.9889740723564747
2449,0,Qanova.min.loops,up,-0.9000434418984791
2450,0,Tanova.mean.loops,up,0.33382406603468423
2451,0,Tanova.median.loops,up,-0.10595356326752273
2452,0,Tanova.std.loops,up,-0.21878231172812562
2453,0,Tanova.max.loops,up,-0.19338278365896439
2454,0,Tanova.min.loops,up,0.3622315481922001
2455,0,9mo.2mo.Q.mean.loops,up,-0.20967248195076368
2456,0,9mo.2mo.Q.median.loops,up,0.03441479583642438
2457,0,9mo.2mo.Q.std.loops,up,-0.15123847727718603
2458,0,9mo.2mo.Q.max.loops,up,0.35519368797167516
2459,0,9mo.2mo.Q.min.loops,up,-0.4671386716510121
2460,0,18mo.9mo.Q.mean.loops,up,-0.006696061221402913
2461,0,18mo.9mo.Q.median.loops,up,0.4537764476506972
2462,0,18mo.9mo.Q.std.loops,up,-0.4497078857148622
2463,0,18mo.9mo.Q.max.loops,up,-0.4360598756797697
2464,0,18mo.9mo.Q.min.loops,up,0.08566411540477371
2465,0,18mo.2mo.Q.mean.loops,up,-0.13551136731006153
2466,0,18mo.2mo.Q.median.loops,up,0.2170262540436133
2467,0,18mo.2mo.Q.std.loops,up,-0.576337295897033
2468,0,18mo.2mo.Q.max.loops,up,-0.636033382632247
2469,0,18mo.2mo.Q.min.loops,up,-0.036500648734362914
2470,0,9mo.2mo.T.mean.loops,up,0.20386051530836166
2471,0,9mo.2mo.T.median.loops,up,-0.014938249985179822
2472,0,9mo.2mo.T.std.loops,up,-0.20480530194211688
2473,0,9mo.2mo.T.max.loops,up,0.0617872574610028
2474,0,9mo.2mo.T.min.loops,up,0.08221906290271908
2475,0,18mo.9mo.T.mean.loops,up,0.024866508700588243
2476,0,18mo.9mo.T.median.loops,up,0.42978699537398307
2477,0,18mo.9mo.T.std.loops,up,-0.548329391811921
2478,0,18mo.9mo.T.max.loops,up,-0.2647520006127638
2479,0,18mo.9mo.T.min.loops,up,-0.34877364617928325
2480,0,18mo.2mo.T.mean.loops,up,0.19111786841044467
2481,0,18mo.2mo.T.median.loops,up,-0.15775238014994755
2482,0,18mo.2mo.T.std.loops,up,0.7540403983422028
2483,0,18mo.2mo.T.max.loops,up,-0.01300722360793778
2484,0,18mo.2mo.T.min.loops,up,0.05155193220756963
2485,0,loop_size.log.mean.loops,up,-0.13518376286576
2486,0,loop_size.log.median.loops,up,-0.16934940189807685
2487,0,loop_size.log.std.loops,up,-0.15118760213808718
2488,0,loop_size.log.max.loops,up,0.01401433127507925
2489,0,loop_size.log.min.loops,up,0.3190950835395307
2490,0,min_distance.log.mean.loops,up,0.05405667898961327
2491,0,min_distance.log.median.loops,up,0.25418349092381903
2492,0,min_distance.log.std.loops,up,0.17558804837133932
2493,0,min_distance.log.max.loops,up,0.021460028510310283
2494,0,min_distance.log.min.loops,up,0.06517255017893261
2495,0,count.loops,up,0.10459868921314784
2496,0,9mo.2mo.log_ratio.mcg_genebody,up,0.0222046877609392
2497,0,18mo.9mo.log_ratio.mcg_genebody,up,0.008932225584031438
2498,0,18mo.2mo.log_ratio.mcg_genebody,up,0.01722322147551739
2499,0,9mo.2mo.log_ratio.mch_genebody,up,-0.48505768837440494
2500,0,18mo.9mo.log_ratio.mch_genebody,up,-0.02309703016674206
2501,0,18mo.2mo.log_ratio.mch_genebody,up,-0.37579390919285427
2502,0,9mo.2mo.log_ratio.mean.atac,up,-0.22201041872142452
2503,0,18mo.9mo.log_ratio.mean.atac,up,0.3698081919640142
2504,0,18mo.2mo.log_ratio.mean.atac,up,0.04080123211448521
2505,0,log2_distance.mean.atac,up,-0.3347490555711435
2506,0,9mo.2mo.log_ratio.std.atac,up,0.1241028638017009
2507,0,18mo.9mo.log_ratio.std.atac,up,0.21938850530366347
2508,0,18mo.2mo.log_ratio.std.atac,up,-0.22959151290988075
2509,0,log2_distance.std.atac,up,-0.1847981658338348
2510,0,9mo.2mo.log_ratio.max.atac,up,-0.25075770629468946
2511,0,18mo.9mo.log_ratio.max.atac,up,-0.4765933646909131
2512,0,18mo.2mo.log_ratio.max.atac,up,-0.03142109802884908
2513,0,log2_distance.max.atac,up,0.16012906761337029
2514,0,9mo.2mo.log_ratio.min.atac,up,-0.3010961658220764
2515,0,18mo.9mo.log_ratio.min.atac,up,-0.22567636083859352
2516,0,18mo.2mo.log_ratio.min.atac,up,-0.08567730150175445
2517,0,log2_distance.min.atac,up,0.0229446778577116
2518,0,count.atac,up,-0.13535576148060846
2519,1,gene_length.meta,up,1.08144765291658
2520,1,9mo.2mo.activity.log_ratio.mean.5kb-20kb.enhancer_DMR,up,0.027374785271656512
2521,1,9mo.2mo.activity.log_ratio.median.5kb-20kb.enhancer_DMR,up,-0.22762658655940649
2522,1,9mo.2mo.activity.log_ratio.max.5kb-20kb.enhancer_DMR,up,-0.09808860106287462
2523,1,9mo.2mo.activity.log_ratio.min.5kb-20kb.enhancer_DMR,up,0.164055127641047
2524,1,9mo.2mo.activity.log_ratio.count.5kb-20kb.enhancer_DMR,up,-0.08212024725298643
2525,1,18mo.2mo.activity.log_ratio.mean.5kb-20kb.enhancer_DMR,up,0.055537263231010006
2526,1,18mo.2mo.activity.log_ratio.median.5kb-20kb.enhancer_DMR,up,-0.4961624147224489
2527,1,18mo.2mo.activity.log_ratio.max.5kb-20kb.enhancer_DMR,up,0.15462731439216112
2528,1,18mo.2mo.activity.log_ratio.min.5kb-20kb.enhancer_DMR,up,0.2722358104154485
2529,1,18mo.2mo.activity.log_ratio.count.5kb-20kb.enhancer_DMR,up,0.14277932263495705
2530,1,18mo.9mo.activity.log_ratio.mean.5kb-20kb.enhancer_DMR,up,-0.04690868528261432
2531,1,18mo.9mo.activity.log_ratio.median.5kb-20kb.enhancer_DMR,up,-0.216306865441358
2532,1,18mo.9mo.activity.log_ratio.max.5kb-20kb.enhancer_DMR,up,-0.043239557736735365
2533,1,18mo.9mo.activity.log_ratio.min.5kb-20kb.enhancer_DMR,up,0.19613406469120073
2534,1,18mo.9mo.activity.log_ratio.count.5kb-20kb.enhancer_DMR,up,-0.08570178811495704
2535,1,9mo.2mo.contact.log_ratio.mean.5kb-20kb.enhancer_DMR,up,-0.015228917685134154
2536,1,9mo.2mo.contact.log_ratio.median.5kb-20kb.enhancer_DMR,up,0.15905173689336877
2537,1,9mo.2mo.contact.log_ratio.max.5kb-20kb.enhancer_DMR,up,-0.10525928718445486
2538,1,9mo.2mo.contact.log_ratio.min.5kb-20kb.enhancer_DMR,up,-0.0993309064897796
2539,1,9mo.2mo.contact.log_ratio.count.5kb-20kb.enhancer_DMR,up,-0.08212024725298643
2540,1,18mo.2mo.contact.log_ratio.mean.5kb-20kb.enhancer_DMR,up,0.19043303663093927
2541,1,18mo.2mo.contact.log_ratio.median.5kb-20kb.enhancer_DMR,up,0.2777383726165569
2542,1,18mo.2mo.contact.log_ratio.max.5kb-20kb.enhancer_DMR,up,-0.3594074727209638
2543,1,18mo.2mo.contact.log_ratio.min.5kb-20kb.enhancer_DMR,up,-0.1637125096494423
2544,1,18mo.2mo.contact.log_ratio.count.5kb-20kb.enhancer_DMR,up,0.14277932263495705
2545,1,18mo.9mo.contact.log_ratio.mean.5kb-20kb.enhancer_DMR,up,0.10586849247299328
2546,1,18mo.9mo.contact.log_ratio.median.5kb-20kb.enhancer_DMR,up,0.23845816223636526
2547,1,18mo.9mo.contact.log_ratio.max.5kb-20kb.enhancer_DMR,up,-0.029942367768278945
2548,1,18mo.9mo.contact.log_ratio.min.5kb-20kb.enhancer_DMR,up,-0.25789683871257346
2549,1,18mo.9mo.contact.log_ratio.count.5kb-20kb.enhancer_DMR,up,-0.08570178811495704
2550,1,9mo.2mo.activity.log_ratio.mean.20kb-5Mb.enhancer_DMR,up,-0.08572013773144253
2551,1,9mo.2mo.activity.log_ratio.median.20kb-5Mb.enhancer_DMR,up,0.2826339365837297
2552,1,9mo.2mo.activity.log_ratio.max.20kb-5Mb.enhancer_DMR,up,-0.39162101112506237
2553,1,9mo.2mo.activity.log_ratio.min.20kb-5Mb.enhancer_DMR,up,-0.016029780543396436
2554,1,9mo.2mo.activity.log_ratio.count.20kb-5Mb.enhancer_DMR,up,-0.13671945667171764
2555,1,18mo.2mo.activity.log_ratio.mean.20kb-5Mb.enhancer_DMR,up,-0.15932686049985229
2556,1,18mo.2mo.activity.log_ratio.median.20kb-5Mb.enhancer_DMR,up,-0.11205050628163647
2557,1,18mo.2mo.activity.log_ratio.max.20kb-5Mb.enhancer_DMR,up,0.13484506876943103
2558,1,18mo.2mo.activity.log_ratio.min.20kb-5Mb.enhancer_DMR,up,-0.04630334657842882
2559,1,18mo.2mo.activity.log_ratio.count.20kb-5Mb.enhancer_DMR,up,0.29111549495685485
2560,1,18mo.9mo.activity.log_ratio.mean.20kb-5Mb.enhancer_DMR,up,0.05495473701247538
2561,1,18mo.9mo.activity.log_ratio.median.20kb-5Mb.enhancer_DMR,up,-0.25598592786649776
2562,1,18mo.9mo.activity.log_ratio.max.20kb-5Mb.enhancer_DMR,up,0.10587562161155017
2563,1,18mo.9mo.activity.log_ratio.min.20kb-5Mb.enhancer_DMR,up,0.22672076993305004
2564,1,18mo.9mo.activity.log_ratio.count.20kb-5Mb.enhancer_DMR,up,-0.20031501513697192
2565,1,9mo.2mo.contact.log_ratio.mean.20kb-5Mb.enhancer_DMR,up,-0.09268137769214514
2566,1,9mo.2mo.contact.log_ratio.median.20kb-5Mb.enhancer_DMR,up,-0.0711561933510624
2567,1,9mo.2mo.contact.log_ratio.max.20kb-5Mb.enhancer_DMR,up,-0.1012906795647654
2568,1,9mo.2mo.contact.log_ratio.min.20kb-5Mb.enhancer_DMR,up,0.02447243530304913
2569,1,9mo.2mo.contact.log_ratio.count.20kb-5Mb.enhancer_DMR,up,-0.13671945667171764
2570,1,18mo.2mo.contact.log_ratio.mean.20kb-5Mb.enhancer_DMR,up,0.0783061818335738
2571,1,18mo.2mo.contact.log_ratio.median.20kb-5Mb.enhancer_DMR,up,0.2253886697275431
2572,1,18mo.2mo.contact.log_ratio.max.20kb-5Mb.enhancer_DMR,up,-0.23615704490302594
2573,1,18mo.2mo.contact.log_ratio.min.20kb-5Mb.enhancer_DMR,up,0.32146823168262234
2574,1,18mo.2mo.contact.log_ratio.count.20kb-5Mb.enhancer_DMR,up,0.29111549495685485
2575,1,18mo.9mo.contact.log_ratio.mean.20kb-5Mb.enhancer_DMR,up,0.1468753001900157
2576,1,18mo.9mo.contact.log_ratio.median.20kb-5Mb.enhancer_DMR,up,0.5975293335412291
2577,1,18mo.9mo.contact.log_ratio.max.20kb-5Mb.enhancer_DMR,up,-0.02138642979767044
2578,1,18mo.9mo.contact.log_ratio.min.20kb-5Mb.enhancer_DMR,up,-0.5421352399717184
2579,1,18mo.9mo.contact.log_ratio.count.20kb-5Mb.enhancer_DMR,up,-0.20031501513697192
2580,1,count.enhancer_DMR,up,-0.03988670078035916
2581,1,9mo.2mo.activity.log_ratio.count.0-5kb.enhancer_peak,up,-0.44423437339127003
2582,1,18mo.2mo.activity.log_ratio.mean.0-5kb.enhancer_peak,up,-0.03978835814835782
2583,1,18mo.2mo.activity.log_ratio.median.0-5kb.enhancer_peak,up,0.023144867691398913
2584,1,18mo.2mo.activity.log_ratio.max.0-5kb.enhancer_peak,up,-0.3610876267426033
2585,1,18mo.2mo.activity.log_ratio.min.0-5kb.enhancer_peak,up,0.1897625864820577
2586,1,18mo.2mo.activity.log_ratio.count.0-5kb.enhancer_peak,up,0.1456696367822758
2587,1,18mo.9mo.activity.log_ratio.mean.0-5kb.enhancer_peak,up,-0.049396422409255465
2588,1,18mo.9mo.activity.log_ratio.median.0-5kb.enhancer_peak,up,0.09307238102404548
2589,1,18mo.9mo.activity.log_ratio.max.0-5kb.enhancer_peak,up,-0.05840936561697585
2590,1,18mo.9mo.activity.log_ratio.min.0-5kb.enhancer_peak,up,-0.14898042341502582
2591,1,18mo.9mo.activity.log_ratio.count.0-5kb.enhancer_peak,up,0.2786566051513932
2592,1,9mo.2mo.contact.log_ratio.count.0-5kb.enhancer_peak,up,-0.44423437339127003
2593,1,18mo.2mo.contact.log_ratio.mean.0-5kb.enhancer_peak,up,0.11239856807232852
2594,1,18mo.2mo.contact.log_ratio.median.0-5kb.enhancer_peak,up,0.4723883886794518
2595,1,18mo.2mo.contact.log_ratio.max.0-5kb.enhancer_peak,up,-0.19449865943502967
2596,1,18mo.2mo.contact.log_ratio.min.0-5kb.enhancer_peak,up,-0.28092649365648714
2597,1,18mo.2mo.contact.log_ratio.count.0-5kb.enhancer_peak,up,0.1456696367822758
2598,1,18mo.9mo.contact.log_ratio.mean.0-5kb.enhancer_peak,up,-0.0010062694712049374
2599,1,18mo.9mo.contact.log_ratio.median.0-5kb.enhancer_peak,up,0.47166094819624066
2600,1,18mo.9mo.contact.log_ratio.max.0-5kb.enhancer_peak,up,-0.31011854413287426
2601,1,18mo.9mo.contact.log_ratio.min.0-5kb.enhancer_peak,up,-0.4189073920184103
2602,1,18mo.9mo.contact.log_ratio.count.0-5kb.enhancer_peak,up,0.2786566051513932
2603,1,9mo.2mo.activity.log_ratio.count.5kb-20kb.enhancer_peak,up,0.006032607936254384
2604,1,18mo.2mo.activity.log_ratio.mean.5kb-20kb.enhancer_peak,up,-0.011865790657536887
2605,1,18mo.2mo.activity.log_ratio.median.5kb-20kb.enhancer_peak,up,-0.24583782072164367
2606,1,18mo.2mo.activity.log_ratio.max.5kb-20kb.enhancer_peak,up,0.24741855735969892
2607,1,18mo.2mo.activity.log_ratio.min.5kb-20kb.enhancer_peak,up,0.062081886474385305
2608,1,18mo.2mo.activity.log_ratio.count.5kb-20kb.enhancer_peak,up,0.26062487422085984
2609,1,18mo.9mo.activity.log_ratio.mean.5kb-20kb.enhancer_peak,up,-0.05694892356563631
2610,1,18mo.9mo.activity.log_ratio.median.5kb-20kb.enhancer_peak,up,0.009176280102140753
2611,1,18mo.9mo.activity.log_ratio.max.5kb-20kb.enhancer_peak,up,-0.35268458005876124
2612,1,18mo.9mo.activity.log_ratio.min.5kb-20kb.enhancer_peak,up,0.15653145892671977
2613,1,18mo.9mo.activity.log_ratio.count.5kb-20kb.enhancer_peak,up,-0.3662675031303512
2614,1,9mo.2mo.contact.log_ratio.count.5kb-20kb.enhancer_peak,up,0.006032607936254384
2615,1,18mo.2mo.contact.log_ratio.mean.5kb-20kb.enhancer_peak,up,0.07501117845838917
2616,1,18mo.2mo.contact.log_ratio.median.5kb-20kb.enhancer_peak,up,0.41559757389530605
2617,1,18mo.2mo.contact.log_ratio.max.5kb-20kb.enhancer_peak,up,-0.30697184203851813
2618,1,18mo.2mo.contact.log_ratio.min.5kb-20kb.enhancer_peak,up,-0.17023776895334883
2619,1,18mo.2mo.contact.log_ratio.count.5kb-20kb.enhancer_peak,up,0.26062487422085984
2620,1,18mo.9mo.contact.log_ratio.mean.5kb-20kb.enhancer_peak,up,0.1422128291693785
2621,1,18mo.9mo.contact.log_ratio.median.5kb-20kb.enhancer_peak,up,0.5801244424460973
2622,1,18mo.9mo.contact.log_ratio.max.5kb-20kb.enhancer_peak,up,-0.08020088300130652
2623,1,18mo.9mo.contact.log_ratio.min.5kb-20kb.enhancer_peak,up,-0.5013079068185384
2624,1,18mo.9mo.contact.log_ratio.count.5kb-20kb.enhancer_peak,up,-0.3662675031303512
2625,1,9mo.2mo.activity.log_ratio.mean.20kb-5Mb.enhancer_peak,up,0.12601868944283018
2626,1,9mo.2mo.activity.log_ratio.median.20kb-5Mb.enhancer_peak,up,-0.3365979089999021
2627,1,9mo.2mo.activity.log_ratio.std.20kb-5Mb.enhancer_peak,up,0.24411397261130863
2628,1,9mo.2mo.activity.log_ratio.max.20kb-5Mb.enhancer_peak,up,0.06879593777946794
2629,1,9mo.2mo.activity.log_ratio.min.20kb-5Mb.enhancer_peak,up,0.24356594399849812
2630,1,9mo.2mo.activity.log_ratio.count.20kb-5Mb.enhancer_peak,up,0.12730212391508441
2631,1,18mo.2mo.activity.log_ratio.mean.20kb-5Mb.enhancer_peak,up,-0.24488013612963386
2632,1,18mo.2mo.activity.log_ratio.median.20kb-5Mb.enhancer_peak,up,0.6866678419952162
2633,1,18mo.2mo.activity.log_ratio.std.20kb-5Mb.enhancer_peak,up,0.06529371437559649
2634,1,18mo.2mo.activity.log_ratio.max.20kb-5Mb.enhancer_peak,up,-0.3842187638940846
2635,1,18mo.2mo.activity.log_ratio.min.20kb-5Mb.enhancer_peak,up,-0.40633816471304646
2636,1,18mo.2mo.activity.log_ratio.count.20kb-5Mb.enhancer_peak,up,-0.3263657248238771
2637,1,18mo.9mo.activity.log_ratio.mean.20kb-5Mb.enhancer_peak,up,0.227162928831537
2638,1,18mo.9mo.activity.log_ratio.median.20kb-5Mb.enhancer_peak,up,0.04950482527289727
2639,1,18mo.9mo.activity.log_ratio.std.20kb-5Mb.enhancer_peak,up,0.0761892515562806
2640,1,18mo.9mo.activity.log_ratio.max.20kb-5Mb.enhancer_peak,up,-0.2092499363016367
2641,1,18mo.9mo.activity.log_ratio.min.20kb-5Mb.enhancer_peak,up,0.04033015864904077
2642,1,18mo.9mo.activity.log_ratio.count.20kb-5Mb.enhancer_peak,up,-0.055224193960826236
2643,1,9mo.2mo.contact.log_ratio.mean.20kb-5Mb.enhancer_peak,up,-0.05208201145565762
2644,1,9mo.2mo.contact.log_ratio.median.20kb-5Mb.enhancer_peak,up,0.43842881552360646
2645,1,9mo.2mo.contact.log_ratio.std.20kb-5Mb.enhancer_peak,up,-0.6980801070440289
2646,1,9mo.2mo.contact.log_ratio.max.20kb-5Mb.enhancer_peak,up,0.2094140352018841
2647,1,9mo.2mo.contact.log_ratio.min.20kb-5Mb.enhancer_peak,up,-0.554567082365082
2648,1,9mo.2mo.contact.log_ratio.count.20kb-5Mb.enhancer_peak,up,0.12730212391508441
2649,1,18mo.2mo.contact.log_ratio.mean.20kb-5Mb.enhancer_peak,up,0.03649886795641479
2650,1,18mo.2mo.contact.log_ratio.median.20kb-5Mb.enhancer_peak,up,-0.23933609847291235
2651,1,18mo.2mo.contact.log_ratio.std.20kb-5Mb.enhancer_peak,up,-0.7435469118241081
2652,1,18mo.2mo.contact.log_ratio.max.20kb-5Mb.enhancer_peak,up,0.7747980071935892
2653,1,18mo.2mo.contact.log_ratio.min.20kb-5Mb.enhancer_peak,up,-0.5677526726718761
2654,1,18mo.2mo.contact.log_ratio.count.20kb-5Mb.enhancer_peak,up,-0.3263657248238771
2655,1,18mo.9mo.contact.log_ratio.mean.20kb-5Mb.enhancer_peak,up,0.116451753077501
2656,1,18mo.9mo.contact.log_ratio.median.20kb-5Mb.enhancer_peak,up,-0.07107095976728606
2657,1,18mo.9mo.contact.log_ratio.std.20kb-5Mb.enhancer_peak,up,-0.23242910507189304
2658,1,18mo.9mo.contact.log_ratio.max.20kb-5Mb.enhancer_peak,up,0.3061311700739879
2659,1,18mo.9mo.contact.log_ratio.min.20kb-5Mb.enhancer_peak,up,-0.14946707970645423
2660,1,18mo.9mo.contact.log_ratio.count.20kb-5Mb.enhancer_peak,up,-0.055224193960826236
2661,1,count.enhancer_peak,up,0.11321389736893732
2662,1,rel_pos.DAR,up,-0.1340857589738125
2663,1,9mo.2mo.log_ratio.DAR,up,0.2034680842138671
2664,1,18mo.9mo.log_ratio.DAR,up,-0.028278556492442382
2665,1,18mo.2mo.log_ratio.DAR,up,0.13006339254519683
2666,1,count.DAR,up,-0.11571026173139771
2667,1,size.log2.DMR,up,0.05230166205643452
2668,1,rel_pos.DMR,up,0.029929705068874064
2669,1,9mo.2mo.log_ratio.DMR,up,0.16411224394245283
2670,1,18mo.9mo.log_ratio.DMR,up,-0.26152349664521873
2671,1,18mo.2mo.log_ratio.DMR,up,-0.10751421793331097
2672,1,distance.log2.DMR,up,-0.02439532728597497
2673,1,count.DMR,up,-0.3816285009462805
2674,1,Qanova.mean.loops,up,-0.2664033242203999
2675,1,Qanova.median.loops,up,0.10167584757170453
2676,1,Qanova.std.loops,up,0.06872264668248798
2677,1,Qanova.max.loops,up,0.8509561789546506
2678,1,Qanova.min.loops,up,-1.1366171187678378
2679,1,Tanova.mean.loops,up,-0.23731749936536278
2680,1,Tanova.median.loops,up,0.19372735711400654
2681,1,Tanova.std.loops,up,0.2530967511848827
2682,1,Tanova.max.loops,up,-0.18949690191254756
2683,1,Tanova.min.loops,up,0.3944525469730477
2684,1,9mo.2mo.Q.mean.loops,up,-0.4617091255014827
2685,1,9mo.2mo.Q.median.loops,up,0.06149944670599699
2686,1,9mo.2mo.Q.std.loops,up,0.30426139269626895
2687,1,9mo.2mo.Q.max.loops,up,0.21698456702792793
2688,1,9mo.2mo.Q.min.loops,up,0.03581466448296634
2689,1,18mo.9mo.Q.mean.loops,up,-0.12588854703823926
2690,1,18mo.9mo.Q.median.loops,up,0.26303194088226706
2691,1,18mo.9mo.Q.std.loops,up,-0.1902512167223672
2692,1,18mo.9mo.Q.max.loops,up,-0.2854024201452438
2693,1,18mo.9mo.Q.min.loops,up,0.1661035117155855
2694,1,18mo.2mo.Q.mean.loops,up,-0.4032149108222047
2695,1,18mo.2mo.Q.median.loops,up,0.11113313595469089
2696,1,18mo.2mo.Q.std.loops,up,-0.745611563525532
2697,1,18mo.2mo.Q.max.loops,up,-0.3744504215197285
2698,1,18mo.2mo.Q.min.loops,up,-0.0753885007566082
2699,1,9mo.2mo.T.mean.loops,up,0.3545277170461282
2700,1,9mo.2mo.T.median.loops,up,-0.09099290194089245
2701,1,9mo.2mo.T.std.loops,up,-0.6129374487574122
2702,1,9mo.2mo.T.max.loops,up,0.3107061233793687
2703,1,9mo.2mo.T.min.loops,up,-0.3010354243418442
2704,1,18mo.9mo.T.mean.loops,up,0.1278710272098798
2705,1,18mo.9mo.T.median.loops,up,0.7730285920773825
2706,1,18mo.9mo.T.std.loops,up,-0.541562801045107
2707,1,18mo.9mo.T.max.loops,up,-0.05687363977403101
2708,1,18mo.9mo.T.min.loops,up,-0.28568535657396077
2709,1,18mo.2mo.T.mean.loops,up,0.4157989030694148
2710,1,18mo.2mo.T.median.loops,up,-0.25819261005107813
2711,1,18mo.2mo.T.std.loops,up,0.015913574739980473
2712,1,18mo.2mo.T.max.loops,up,-0.14244829047916666
2713,1,18mo.2mo.T.min.loops,up,0.14511226053234566
2714,1,loop_size.log.mean.loops,up,0.03986231706946582
2715,1,loop_size.log.median.loops,up,0.07119284721273914
2716,1,loop_size.log.std.loops,up,-0.05411374693393158
2717,1,loop_size.log.max.loops,up,0.3181154261196975
2718,1,loop_size.log.min.loops,up,0.4527632710135995
2719,1,min_distance.log.mean.loops,up,-0.13223538781243765
2720,1,min_distance.log.median.loops,up,-0.1375325476325845
2721,1,min_distance.log.std.loops,up,0.22693675903852892
2722,1,min_distance.log.max.loops,up,-0.2871406251206307
2723,1,min_distance.log.min.loops,up,0.12392189054471824
2724,1,count.loops,up,-0.0026482208071883094
2725,1,9mo.2mo.log_ratio.mcg_genebody,up,-0.37246601246723454
2726,1,18mo.9mo.log_ratio.mcg_genebody,up,-0.07532089757238995
2727,1,18mo.2mo.log_ratio.mcg_genebody,up,-0.2233983334153754
2728,1,9mo.2mo.log_ratio.mch_genebody,up,-0.3497308327982827
2729,1,18mo.9mo.log_ratio.mch_genebody,up,-0.07772669528395422
2730,1,18mo.2mo.log_ratio.mch_genebody,up,-0.31785870139752426
2731,1,9mo.2mo.log_ratio.mean.atac,up,0.10903483316139602
2732,1,18mo.9mo.log_ratio.mean.atac,up,0.24923968272677244
2733,1,18mo.2mo.log_ratio.mean.atac,up,0.23821193711714184
2734,1,log2_distance.mean.atac,up,-0.6354556129241475
2735,1,9mo.2mo.log_ratio.std.atac,up,-0.08291590671909058
2736,1,18mo.9mo.log_ratio.std.atac,up,0.43344451634433373
2737,1,18mo.2mo.log_ratio.std.atac,up,-0.10330518475205062
2738,1,log2_distance.std.atac,up,-0.0019622993664849997
2739,1,9mo.2mo.log_ratio.max.atac,up,-0.3021286828344126
2740,1,18mo.9mo.log_ratio.max.atac,up,-0.639461447861201
2741,1,18mo.2mo.log_ratio.max.atac,up,0.06342604518388992
2742,1,log2_distance.max.atac,up,-0.011700604685165652
2743,1,9mo.2mo.log_ratio.min.atac,up,-0.7272590038713238
2744,1,18mo.9mo.log_ratio.min.atac,up,0.03314307801713102
2745,1,18mo.2mo.log_ratio.min.atac,up,0.14459419342079946
2746,1,log2_distance.min.atac,up,0.4385155872826589
2747,1,count.atac,up,0.2080967376512936
2748,2,gene_length.meta,up,0.8346585889514906
2749,2,9mo.2mo.activity.log_ratio.mean.5kb-20kb.enhancer_DMR,up,0.029424065871982753
2750,2,9mo.2mo.activity.log_ratio.median.5kb-20kb.enhancer_DMR,up,-0.33239429374307056
2751,2,9mo.2mo.activity.log_ratio.max.5kb-20kb.enhancer_DMR,up,0.05022391088986979
2752,2,9mo.2mo.activity.log_ratio.min.5kb-20kb.enhancer_DMR,up,0.3200277639233728
2753,2,9mo.2mo.activity.log_ratio.count.5kb-20kb.enhancer_DMR,up,-0.35293935619868616
2754,2,18mo.2mo.activity.log_ratio.mean.5kb-20kb.enhancer_DMR,up,-0.07630994594054039
2755,2,18mo.2mo.activity.log_ratio.median.5kb-20kb.enhancer_DMR,up,-0.4900642694081475
2756,2,18mo.2mo.activity.log_ratio.max.5kb-20kb.enhancer_DMR,up,0.12405087241481168
2757,2,18mo.2mo.activity.log_ratio.min.5kb-20kb.enhancer_DMR,up,0.32095303639307804
2758,2,18mo.2mo.activity.log_ratio.count.5kb-20kb.enhancer_DMR,up,0.0478784050701727
2759,2,18mo.9mo.activity.log_ratio.mean.5kb-20kb.enhancer_DMR,up,0.060970205406780206
2760,2,18mo.9mo.activity.log_ratio.median.5kb-20kb.enhancer_DMR,up,0.4067919605384479
2761,2,18mo.9mo.activity.log_ratio.max.5kb-20kb.enhancer_DMR,up,-0.38498685883402345
2762,2,18mo.9mo.activity.log_ratio.min.5kb-20kb.enhancer_DMR,up,-0.23790463551110827
2763,2,18mo.9mo.activity.log_ratio.count.5kb-20kb.enhancer_DMR,up,0.08296347328445823
2764,2,9mo.2mo.contact.log_ratio.mean.5kb-20kb.enhancer_DMR,up,0.08629655146240243
2765,2,9mo.2mo.contact.log_ratio.median.5kb-20kb.enhancer_DMR,up,-0.02715953929512695
2766,2,9mo.2mo.contact.log_ratio.max.5kb-20kb.enhancer_DMR,up,1.0811897464344546
2767,2,9mo.2mo.contact.log_ratio.min.5kb-20kb.enhancer_DMR,up,-0.8128955719930729
2768,2,9mo.2mo.contact.log_ratio.count.5kb-20kb.enhancer_DMR,up,-0.35293935619868616
2769,2,18mo.2mo.contact.log_ratio.mean.5kb-20kb.enhancer_DMR,up,-0.07407944925407935
2770,2,18mo.2mo.contact.log_ratio.median.5kb-20kb.enhancer_DMR,up,-0.09237676402693004
2771,2,18mo.2mo.contact.log_ratio.max.5kb-20kb.enhancer_DMR,up,-0.49870730989871515
2772,2,18mo.2mo.contact.log_ratio.min.5kb-20kb.enhancer_DMR,up,0.37650359358355406
2773,2,18mo.2mo.contact.log_ratio.count.5kb-20kb.enhancer_DMR,up,0.0478784050701727
2774,2,18mo.9mo.contact.log_ratio.mean.5kb-20kb.enhancer_DMR,up,0.12449863528585844
2775,2,18mo.9mo.contact.log_ratio.median.5kb-20kb.enhancer_DMR,up,0.25139967048955
2776,2,18mo.9mo.contact.log_ratio.max.5kb-20kb.enhancer_DMR,up,0.23221611920951082
2777,2,18mo.9mo.contact.log_ratio.min.5kb-20kb.enhancer_DMR,up,-0.03354765235573176
2778,2,18mo.9mo.contact.log_ratio.count.5kb-20kb.enhancer_DMR,up,0.08296347328445823
2779,2,9mo.2mo.activity.log_ratio.mean.20kb-5Mb.enhancer_DMR,up,0.08900104480828988
2780,2,9mo.2mo.activity.log_ratio.median.20kb-5Mb.enhancer_DMR,up,-0.31178661954032183
2781,2,9mo.2mo.activity.log_ratio.max.20kb-5Mb.enhancer_DMR,up,0.07326346769154035
2782,2,9mo.2mo.activity.log_ratio.min.20kb-5Mb.enhancer_DMR,up,0.05230084473612702
2783,2,9mo.2mo.activity.log_ratio.count.20kb-5Mb.enhancer_DMR,up,-0.17212844210194192
2784,2,18mo.2mo.activity.log_ratio.mean.20kb-5Mb.enhancer_DMR,up,-0.06793484638181736
2785,2,18mo.2mo.activity.log_ratio.median.20kb-5Mb.enhancer_DMR,up,0.08909422426080611
2786,2,18mo.2mo.activity.log_ratio.max.20kb-5Mb.enhancer_DMR,up,-0.24319887549084718
2787,2,18mo.2mo.activity.log_ratio.min.20kb-5Mb.enhancer_DMR,up,0.13821574778726295
2788,2,18mo.2mo.activity.log_ratio.count.20kb-5Mb.enhancer_DMR,up,0.41286557387831424
2789,2,18mo.9mo.activity.log_ratio.mean.20kb-5Mb.enhancer_DMR,up,-0.021501805909157016
2790,2,18mo.9mo.activity.log_ratio.median.20kb-5Mb.enhancer_DMR,up,-0.02131654322228409
2791,2,18mo.9mo.activity.log_ratio.max.20kb-5Mb.enhancer_DMR,up,0.18000398114742802
2792,2,18mo.9mo.activity.log_ratio.min.20kb-5Mb.enhancer_DMR,up,-0.0069065008810403625
2793,2,18mo.9mo.activity.log_ratio.count.20kb-5Mb.enhancer_DMR,up,-0.19764359281686844
2794,2,9mo.2mo.contact.log_ratio.mean.20kb-5Mb.enhancer_DMR,up,0.06357643458338698
2795,2,9mo.2mo.contact.log_ratio.median.20kb-5Mb.enhancer_DMR,up,-0.29156133668922785
2796,2,9mo.2mo.contact.log_ratio.max.20kb-5Mb.enhancer_DMR,up,-0.02585561016404822
2797,2,9mo.2mo.contact.log_ratio.min.20kb-5Mb.enhancer_DMR,up,0.29240508740555426
2798,2,9mo.2mo.contact.log_ratio.count.20kb-5Mb.enhancer_DMR,up,-0.17212844210194192
2799,2,18mo.2mo.contact.log_ratio.mean.20kb-5Mb.enhancer_DMR,up,-0.0025330959201403823
2800,2,18mo.2mo.contact.log_ratio.median.20kb-5Mb.enhancer_DMR,up,0.29654389507296663
2801,2,18mo.2mo.contact.log_ratio.max.20kb-5Mb.enhancer_DMR,up,-0.2549732059404842
2802,2,18mo.2mo.contact.log_ratio.min.20kb-5Mb.enhancer_DMR,up,0.08161247923311171
2803,2,18mo.2mo.contact.log_ratio.count.20kb-5Mb.enhancer_DMR,up,0.41286557387831424
2804,2,18mo.9mo.contact.log_ratio.mean.20kb-5Mb.enhancer_DMR,up,0.2730398212356801
2805,2,18mo.9mo.contact.log_ratio.median.20kb-5Mb.enhancer_DMR,up,0.44404121098744076
2806,2,18mo.9mo.contact.log_ratio.max.20kb-5Mb.enhancer_DMR,up,-0.16615933843316774
2807,2,18mo.9mo.contact.log_ratio.min.20kb-5Mb.enhancer_DMR,up,-0.12722049537797864
2808,2,18mo.9mo.contact.log_ratio.count.20kb-5Mb.enhancer_DMR,up,-0.19764359281686844
2809,2,count.enhancer_DMR,up,-0.5112740068305636
2810,2,9mo.2mo.activity.log_ratio.count.0-5kb.enhancer_peak,up,-0.44562601413018876
2811,2,18mo.2mo.activity.log_ratio.mean.0-5kb.enhancer_peak,up,-0.05802031478703585
2812,2,18mo.2mo.activity.log_ratio.median.0-5kb.enhancer_peak,up,-0.009852746278369517
2813,2,18mo.2mo.activity.log_ratio.max.0-5kb.enhancer_peak,up,-0.270527133313324
2814,2,18mo.2mo.activity.log_ratio.min.0-5kb.enhancer_peak,up,0.13320493949997594
2815,2,18mo.2mo.activity.log_ratio.count.0-5kb.enhancer_peak,up,0.0401829179924096
2816,2,18mo.9mo.activity.log_ratio.mean.0-5kb.enhancer_peak,up,-0.007200689292190847
2817,2,18mo.9mo.activity.log_ratio.median.0-5kb.enhancer_peak,up,-0.026674353565152097
2818,2,18mo.9mo.activity.log_ratio.max.0-5kb.enhancer_peak,up,0.13304134010683022
2819,2,18mo.9mo.activity.log_ratio.min.0-5kb.enhancer_peak,up,-0.10613247857165235
2820,2,18mo.9mo.activity.log_ratio.count.0-5kb.enhancer_peak,up,0.2197748216590732
2821,2,9mo.2mo.contact.log_ratio.count.0-5kb.enhancer_peak,up,-0.44562601413018876
2822,2,18mo.2mo.contact.log_ratio.mean.0-5kb.enhancer_peak,up,0.012640562715477775
2823,2,18mo.2mo.contact.log_ratio.median.0-5kb.enhancer_peak,up,0.0051411387314561985
2824,2,18mo.2mo.contact.log_ratio.max.0-5kb.enhancer_peak,up,-0.1628800074579539
2825,2,18mo.2mo.contact.log_ratio.min.0-5kb.enhancer_peak,up,0.2028176291805005
2826,2,18mo.2mo.contact.log_ratio.count.0-5kb.enhancer_peak,up,0.0401829179924096
2827,2,18mo.9mo.contact.log_ratio.mean.0-5kb.enhancer_peak,up,-0.05907082985798293
2828,2,18mo.9mo.contact.log_ratio.median.0-5kb.enhancer_peak,up,-0.03483666483892983
2829,2,18mo.9mo.contact.log_ratio.max.0-5kb.enhancer_peak,up,-0.02327212938363119
2830,2,18mo.9mo.contact.log_ratio.min.0-5kb.enhancer_peak,up,-0.09150073962131627
2831,2,18mo.9mo.contact.log_ratio.count.0-5kb.enhancer_peak,up,0.2197748216590732
2832,2,9mo.2mo.activity.log_ratio.count.5kb-20kb.enhancer_peak,up,0.18670370922288446
2833,2,18mo.2mo.activity.log_ratio.mean.5kb-20kb.enhancer_peak,up,0.0021035409378967976
2834,2,18mo.2mo.activity.log_ratio.median.5kb-20kb.enhancer_peak,up,-0.07889699582361685
2835,2,18mo.2mo.activity.log_ratio.max.5kb-20kb.enhancer_peak,up,0.09129522654994703
2836,2,18mo.2mo.activity.log_ratio.min.5kb-20kb.enhancer_peak,up,0.12522906234451553
2837,2,18mo.2mo.activity.log_ratio.count.5kb-20kb.enhancer_peak,up,0.08200375066048203
2838,2,18mo.9mo.activity.log_ratio.mean.5kb-20kb.enhancer_peak,up,-0.041629717716698676
2839,2,18mo.9mo.activity.log_ratio.median.5kb-20kb.enhancer_peak,up,-0.19477618581852474
2840,2,18mo.9mo.activity.log_ratio.max.5kb-20kb.enhancer_peak,up,-0.11896759874815606
2841,2,18mo.9mo.activity.log_ratio.min.5kb-20kb.enhancer_peak,up,0.15872934799745436
2842,2,18mo.9mo.activity.log_ratio.count.5kb-20kb.enhancer_peak,up,-0.3070033961780958
2843,2,9mo.2mo.contact.log_ratio.count.5kb-20kb.enhancer_peak,up,0.18670370922288446
2844,2,18mo.2mo.contact.log_ratio.mean.5kb-20kb.enhancer_peak,up,0.08855490070147214
2845,2,18mo.2mo.contact.log_ratio.median.5kb-20kb.enhancer_peak,up,0.48847455107101406
2846,2,18mo.2mo.contact.log_ratio.max.5kb-20kb.enhancer_peak,up,-0.6194709978213925
2847,2,18mo.2mo.contact.log_ratio.min.5kb-20kb.enhancer_peak,up,0.0075891198984697
2848,2,18mo.2mo.contact.log_ratio.count.5kb-20kb.enhancer_peak,up,0.08200375066048203
2849,2,18mo.9mo.contact.log_ratio.mean.5kb-20kb.enhancer_peak,up,0.1614425365325307
2850,2,18mo.9mo.contact.log_ratio.median.5kb-20kb.enhancer_peak,up,0.5666579454556387
2851,2,18mo.9mo.contact.log_ratio.max.5kb-20kb.enhancer_peak,up,-0.05781912361889134
2852,2,18mo.9mo.contact.log_ratio.min.5kb-20kb.enhancer_peak,up,-0.4984761863223743
2853,2,18mo.9mo.contact.log_ratio.count.5kb-20kb.enhancer_peak,up,-0.3070033961780958
2854,2,9mo.2mo.activity.log_ratio.mean.20kb-5Mb.enhancer_peak,up,-0.09611819674895312
2855,2,9mo.2mo.activity.log_ratio.median.20kb-5Mb.enhancer_peak,up,-0.6274924613330956
2856,2,9mo.2mo.activity.log_ratio.std.20kb-5Mb.enhancer_peak,up,0.08178109337270345
2857,2,9mo.2mo.activity.log_ratio.max.20kb-5Mb.enhancer_peak,up,0.4858888129188734
2858,2,9mo.2mo.activity.log_ratio.min.20kb-5Mb.enhancer_peak,up,0.30398890828138164
2859,2,9mo.2mo.activity.log_ratio.count.20kb-5Mb.enhancer_peak,up,0.04943563300566971
2860,2,18mo.2mo.activity.log_ratio.mean.20kb-5Mb.enhancer_peak,up,-0.04778449148544792
2861,2,18mo.2mo.activity.log_ratio.median.20kb-5Mb.enhancer_peak,up,0.6719403070039524
2862,2,18mo.2mo.activity.log_ratio.std.20kb-5Mb.enhancer_peak,up,0.12013490625701254
2863,2,18mo.2mo.activity.log_ratio.max.20kb-5Mb.enhancer_peak,up,-0.4913176166619455
2864,2,18mo.2mo.activity.log_ratio.min.20kb-5Mb.enhancer_peak,up,-0.3815620642755482
2865,2,18mo.2mo.activity.log_ratio.count.20kb-5Mb.enhancer_peak,up,-0.32516251181463457
2866,2,18mo.9mo.activity.log_ratio.mean.20kb-5Mb.enhancer_peak,up,0.30711081974398746
2867,2,18mo.9mo.activity.log_ratio.median.20kb-5Mb.enhancer_peak,up,-0.02776108932606476
2868,2,18mo.9mo.activity.log_ratio.std.20kb-5Mb.enhancer_peak,up,-0.011008923615262761
2869,2,18mo.9mo.activity.log_ratio.max.20kb-5Mb.enhancer_peak,up,-0.19879047250541296
2870,2,18mo.9mo.activity.log_ratio.min.20kb-5Mb.enhancer_peak,up,0.1328716456419055
2871,2,18mo.9mo.activity.log_ratio.count.20kb-5Mb.enhancer_peak,up,0.03913913282591672
2872,2,9mo.2mo.contact.log_ratio.mean.20kb-5Mb.enhancer_peak,up,-0.4164404564640698
2873,2,9mo.2mo.contact.log_ratio.median.20kb-5Mb.enhancer_peak,up,0.19909137552576953
2874,2,9mo.2mo.contact.log_ratio.std.20kb-5Mb.enhancer_peak,up,-0.5507984431322811
2875,2,9mo.2mo.contact.log_ratio.max.20kb-5Mb.enhancer_peak,up,0.41374603385066117
2876,2,9mo.2mo.contact.log_ratio.min.20kb-5Mb.enhancer_peak,up,-0.07677111072049028
2877,2,9mo.2mo.contact.log_ratio.count.20kb-5Mb.enhancer_peak,up,0.04943563300566971
2878,2,18mo.2mo.contact.log_ratio.mean.20kb-5Mb.enhancer_peak,up,-0.21748198118650638
2879,2,18mo.2mo.contact.log_ratio.median.20kb-5Mb.enhancer_peak,up,0.032117832323854935
2880,2,18mo.2mo.contact.log_ratio.std.20kb-5Mb.enhancer_peak,up,-0.7341963488384573
2881,2,18mo.2mo.contact.log_ratio.max.20kb-5Mb.enhancer_peak,up,0.7817400957645825
2882,2,18mo.2mo.contact.log_ratio.min.20kb-5Mb.enhancer_peak,up,-0.6052160892424845
2883,2,18mo.2mo.contact.log_ratio.count.20kb-5Mb.enhancer_peak,up,-0.32516251181463457
2884,2,18mo.9mo.contact.log_ratio.mean.20kb-5Mb.enhancer_peak,up,-0.06288077505191911
2885,2,18mo.9mo.contact.log_ratio.median.20kb-5Mb.enhancer_peak,up,0.0400275116899529
2886,2,18mo.9mo.contact.log_ratio.std.20kb-5Mb.enhancer_peak,up,-0.33878458932903627
2887,2,18mo.9mo.contact.log_ratio.max.20kb-5Mb.enhancer_peak,up,0.5924237732359885
2888,2,18mo.9mo.contact.log_ratio.min.20kb-5Mb.enhancer_peak,up,-0.38463890047117616
2889,2,18mo.9mo.contact.log_ratio.count.20kb-5Mb.enhancer_peak,up,0.03913913282591672
2890,2,count.enhancer_peak,up,0.15899371623808264
2891,2,rel_pos.DAR,up,0.07105511369757543
2892,2,9mo.2mo.log_ratio.DAR,up,0.2211761810728908
2893,2,18mo.9mo.log_ratio.DAR,up,0.04413497959661206
2894,2,18mo.2mo.log_ratio.DAR,up,0.18707241519197215
2895,2,count.DAR,up,-0.1884283955824595
2896,2,size.log2.DMR,up,0.26715766035914235
2897,2,rel_pos.DMR,up,-0.14127932151934194
2898,2,9mo.2mo.log_ratio.DMR,up,-0.029261308983189904
2899,2,18mo.9mo.log_ratio.DMR,up,-0.2181253082304594
2900,2,18mo.2mo.log_ratio.DMR,up,-0.18256298865697518
2901,2,distance.log2.DMR,up,-0.23474058787314625
2902,2,count.DMR,up,-0.35184665728224257
2903,2,Qanova.mean.loops,up,-0.5773043284286375
2904,2,Qanova.median.loops,up,0.2074164600368
2905,2,Qanova.std.loops,up,0.03901943631914615
2906,2,Qanova.max.loops,up,0.8517670652154742
2907,2,Qanova.min.loops,up,-1.2888229294386129
2908,2,Tanova.mean.loops,up,-0.033065185938310204
2909,2,Tanova.median.loops,up,0.3700620265438016
2910,2,Tanova.std.loops,up,0.11470378910870269
2911,2,Tanova.max.loops,up,-0.38329449991356884
2912,2,Tanova.min.loops,up,-0.07822134244658577
2913,2,9mo.2mo.Q.mean.loops,up,-0.4837860563374983
2914,2,9mo.2mo.Q.median.loops,up,0.4606048154726656
2915,2,9mo.2mo.Q.std.loops,up,-0.06664411968900934
2916,2,9mo.2mo.Q.max.loops,up,0.44656471336780884
2917,2,9mo.2mo.Q.min.loops,up,-0.0997858816881353
2918,2,18mo.9mo.Q.mean.loops,up,0.006154766352811415
2919,2,18mo.9mo.Q.median.loops,up,0.8735719641262607
2920,2,18mo.9mo.Q.std.loops,up,-0.2651771592244472
2921,2,18mo.9mo.Q.max.loops,up,-0.6920274323304656
2922,2,18mo.9mo.Q.min.loops,up,0.27553605382487545
2923,2,18mo.2mo.Q.mean.loops,up,-0.3032605086698948
2924,2,18mo.2mo.Q.median.loops,up,-0.10590675070444956
2925,2,18mo.2mo.Q.std.loops,up,-0.47535366465095025
2926,2,18mo.2mo.Q.max.loops,up,-0.3379327983612247
2927,2,18mo.2mo.Q.min.loops,up,-0.22696113108760144
2928,2,9mo.2mo.T.mean.loops,up,-0.10145025111817194
2929,2,9mo.2mo.T.median.loops,up,0.4045660213288688
2930,2,9mo.2mo.T.std.loops,up,-0.5835846439004884
2931,2,9mo.2mo.T.max.loops,up,0.2986182387598605
2932,2,9mo.2mo.T.min.loops,up,-0.3027009296834048
2933,2,18mo.9mo.T.mean.loops,up,-0.22121850843119883
2934,2,18mo.9mo.T.median.loops,up,0.6862272307795154
2935,2,18mo.9mo.T.std.loops,up,-0.3257449364057302
2936,2,18mo.9mo.T.max.loops,up,-0.1882564746086055
2937,2,18mo.9mo.T.min.loops,up,-0.1892066945279591
2938,2,18mo.2mo.T.mean.loops,up,-0.29227963987589634
2939,2,18mo.2mo.T.median.loops,up,0.15854975480784558
2940,2,18mo.2mo.T.std.loops,up,0.49084573079753696
2941,2,18mo.2mo.T.max.loops,up,-0.07655336092410635
2942,2,18mo.2mo.T.min.loops,up,0.3259757838678783
2943,2,loop_size.log.mean.loops,up,-0.023632338244614165
2944,2,loop_size.log.median.loops,up,-0.35720554667788523
2945,2,loop_size.log.std.loops,up,-0.21405664631779356
2946,2,loop_size.log.max.loops,up,0.18484158048526184
2947,2,loop_size.log.min.loops,up,0.8244268919202333
2948,2,min_distance.log.mean.loops,up,-0.12775391812926087
2949,2,min_distance.log.median.loops,up,0.1810216939668133
2950,2,min_distance.log.std.loops,up,0.2778559900846915
2951,2,min_distance.log.max.loops,up,-0.16313360004862054
2952,2,min_distance.log.min.loops,up,0.05338912954352577
2953,2,count.loops,up,0.11726362697749522
2954,2,9mo.2mo.log_ratio.mcg_genebody,up,-0.13443800134774309
2955,2,18mo.9mo.log_ratio.mcg_genebody,up,0.07479190952111744
2956,2,18mo.2mo.log_ratio.mcg_genebody,up,0.008893714872736911
2957,2,9mo.2mo.log_ratio.mch_genebody,up,-0.3181772873136304
2958,2,18mo.9mo.log_ratio.mch_genebody,up,-0.09852736485970713
2959,2,18mo.2mo.log_ratio.mch_genebody,up,-0.30691196634160745
2960,2,9mo.2mo.log_ratio.mean.atac,up,0.3369681647105769
2961,2,18mo.9mo.log_ratio.mean.atac,up,0.0968874815170159
2962,2,18mo.2mo.log_ratio.mean.atac,up,0.334374936583779
2963,2,log2_distance.mean.atac,up,-0.20866472243666603
2964,2,9mo.2mo.log_ratio.std.atac,up,0.04890179694341789
2965,2,18mo.9mo.log_ratio.std.atac,up,0.37302463347852294
2966,2,18mo.2mo.log_ratio.std.atac,up,-0.2154043485027154
2967,2,log2_distance.std.atac,up,-0.062282106768444284
2968,2,9mo.2mo.log_ratio.max.atac,up,-0.29738648086796027
2969,2,18mo.9mo.log_ratio.max.atac,up,-0.2704908596094925
2970,2,18mo.2mo.log_ratio.max.atac,up,-0.21352945316440167
2971,2,log2_distance.max.atac,up,-0.08513687149437417
2972,2,9mo.2mo.log_ratio.min.atac,up,-0.5768377409317264
2973,2,18mo.9mo.log_ratio.min.atac,up,0.12545554149218702
2974,2,18mo.2mo.log_ratio.min.atac,up,-0.35158062840408505
2975,2,log2_distance.min.atac,up,0.1041492487210018
2976,2,count.atac,up,-0.0320051244239717
2977,3,gene_length.meta,up,1.2138636820746085
2978,3,9mo.2mo.activity.log_ratio.mean.5kb-20kb.enhancer_DMR,up,0.041701118748583975
2979,3,9mo.2mo.activity.log_ratio.median.5kb-20kb.enhancer_DMR,up,-0.3987228065521729
2980,3,9mo.2mo.activity.log_ratio.max.5kb-20kb.enhancer_DMR,up,-0.06921422415467421
2981,3,9mo.2mo.activity.log_ratio.min.5kb-20kb.enhancer_DMR,up,0.5131288967973483
2982,3,9mo.2mo.activity.log_ratio.count.5kb-20kb.enhancer_DMR,up,-0.11633205072608664
2983,3,18mo.2mo.activity.log_ratio.mean.5kb-20kb.enhancer_DMR,up,-0.0952843426701249
2984,3,18mo.2mo.activity.log_ratio.median.5kb-20kb.enhancer_DMR,up,-0.913336357131401
2985,3,18mo.2mo.activity.log_ratio.max.5kb-20kb.enhancer_DMR,up,0.31625999164178964
2986,3,18mo.2mo.activity.log_ratio.min.5kb-20kb.enhancer_DMR,up,0.4542668959363895
2987,3,18mo.2mo.activity.log_ratio.count.5kb-20kb.enhancer_DMR,up,0.1965070242818932
2988,3,18mo.9mo.activity.log_ratio.mean.5kb-20kb.enhancer_DMR,up,0.09582677368274213
2989,3,18mo.9mo.activity.log_ratio.median.5kb-20kb.enhancer_DMR,up,0.525754231669925
2990,3,18mo.9mo.activity.log_ratio.max.5kb-20kb.enhancer_DMR,up,-0.6263126327177434
2991,3,18mo.9mo.activity.log_ratio.min.5kb-20kb.enhancer_DMR,up,-0.18418952130650992
2992,3,18mo.9mo.activity.log_ratio.count.5kb-20kb.enhancer_DMR,up,-0.03979823561530382
2993,3,9mo.2mo.contact.log_ratio.mean.5kb-20kb.enhancer_DMR,up,0.16682404418715613
2994,3,9mo.2mo.contact.log_ratio.median.5kb-20kb.enhancer_DMR,up,0.29572172077797887
2995,3,9mo.2mo.contact.log_ratio.max.5kb-20kb.enhancer_DMR,up,0.874302910655176
2996,3,9mo.2mo.contact.log_ratio.min.5kb-20kb.enhancer_DMR,up,-0.6867742178217471
2997,3,9mo.2mo.contact.log_ratio.count.5kb-20kb.enhancer_DMR,up,-0.11633205072608664
2998,3,18mo.2mo.contact.log_ratio.mean.5kb-20kb.enhancer_DMR,up,0.07768597542451311
2999,3,18mo.2mo.contact.log_ratio.median.5kb-20kb.enhancer_DMR,up,0.026505202868794077
3000,3,18mo.2mo.contact.log_ratio.max.5kb-20kb.enhancer_DMR,up,-0.583383371839343
3001,3,18mo.2mo.contact.log_ratio.min.5kb-20kb.enhancer_DMR,up,-0.019220210931727027
3002,3,18mo.2mo.contact.log_ratio.count.5kb-20kb.enhancer_DMR,up,0.1965070242818932
3003,3,18mo.9mo.contact.log_ratio.mean.5kb-20kb.enhancer_DMR,up,0.272382120583248
3004,3,18mo.9mo.contact.log_ratio.median.5kb-20kb.enhancer_DMR,up,0.13323879096456356
3005,3,18mo.9mo.contact.log_ratio.max.5kb-20kb.enhancer_DMR,up,0.13126713254175268
3006,3,18mo.9mo.contact.log_ratio.min.5kb-20kb.enhancer_DMR,up,0.1874852747533866
3007,3,18mo.9mo.contact.log_ratio.count.5kb-20kb.enhancer_DMR,up,-0.03979823561530382
3008,3,9mo.2mo.activity.log_ratio.mean.20kb-5Mb.enhancer_DMR,up,-0.06976734280160911
3009,3,9mo.2mo.activity.log_ratio.median.20kb-5Mb.enhancer_DMR,up,0.17089961050962393
3010,3,9mo.2mo.activity.log_ratio.max.20kb-5Mb.enhancer_DMR,up,-0.3685763043987631
3011,3,9mo.2mo.activity.log_ratio.min.20kb-5Mb.enhancer_DMR,up,0.019723879226475755
3012,3,9mo.2mo.activity.log_ratio.count.20kb-5Mb.enhancer_DMR,up,0.09942004324437566
3013,3,18mo.2mo.activity.log_ratio.mean.20kb-5Mb.enhancer_DMR,up,0.15288663444312997
3014,3,18mo.2mo.activity.log_ratio.median.20kb-5Mb.enhancer_DMR,up,-0.40957333292254494
3015,3,18mo.2mo.activity.log_ratio.max.20kb-5Mb.enhancer_DMR,up,0.35142092473122666
3016,3,18mo.2mo.activity.log_ratio.min.20kb-5Mb.enhancer_DMR,up,0.2251686057248765
3017,3,18mo.2mo.activity.log_ratio.count.20kb-5Mb.enhancer_DMR,up,0.23625320617615955
3018,3,18mo.9mo.activity.log_ratio.mean.20kb-5Mb.enhancer_DMR,up,0.010066438525472775
3019,3,18mo.9mo.activity.log_ratio.median.20kb-5Mb.enhancer_DMR,up,-0.10176503636364376
3020,3,18mo.9mo.activity.log_ratio.max.20kb-5Mb.enhancer_DMR,up,-0.06469213530923876
3021,3,18mo.9mo.activity.log_ratio.min.20kb-5Mb.enhancer_DMR,up,0.13347514509441757
3022,3,18mo.9mo.activity.log_ratio.count.20kb-5Mb.enhancer_DMR,up,-0.28381477887360373
3023,3,9mo.2mo.contact.log_ratio.mean.20kb-5Mb.enhancer_DMR,up,-0.04396859333185435
3024,3,9mo.2mo.contact.log_ratio.median.20kb-5Mb.enhancer_DMR,up,0.10024930237743895
3025,3,9mo.2mo.contact.log_ratio.max.20kb-5Mb.enhancer_DMR,up,-0.27796027889241925
3026,3,9mo.2mo.contact.log_ratio.min.20kb-5Mb.enhancer_DMR,up,0.1838645737762603
3027,3,9mo.2mo.contact.log_ratio.count.20kb-5Mb.enhancer_DMR,up,0.09942004324437566
3028,3,18mo.2mo.contact.log_ratio.mean.20kb-5Mb.enhancer_DMR,up,0.020179340297700857
3029,3,18mo.2mo.contact.log_ratio.median.20kb-5Mb.enhancer_DMR,up,-0.18519679645319298
3030,3,18mo.2mo.contact.log_ratio.max.20kb-5Mb.enhancer_DMR,up,-0.13170138846706805
3031,3,18mo.2mo.contact.log_ratio.min.20kb-5Mb.enhancer_DMR,up,0.5743454176889277
3032,3,18mo.2mo.contact.log_ratio.count.20kb-5Mb.enhancer_DMR,up,0.23625320617615955
3033,3,18mo.9mo.contact.log_ratio.mean.20kb-5Mb.enhancer_DMR,up,0.18775139567075322
3034,3,18mo.9mo.contact.log_ratio.median.20kb-5Mb.enhancer_DMR,up,0.6341634505519819
3035,3,18mo.9mo.contact.log_ratio.max.20kb-5Mb.enhancer_DMR,up,-0.1657487912471548
3036,3,18mo.9mo.contact.log_ratio.min.20kb-5Mb.enhancer_DMR,up,-0.4498588240686586
3037,3,18mo.9mo.contact.log_ratio.count.20kb-5Mb.enhancer_DMR,up,-0.28381477887360373
3038,3,count.enhancer_DMR,up,-0.06471072233950438
3039,3,9mo.2mo.activity.log_ratio.count.0-5kb.enhancer_peak,up,-0.39756013625715764
3040,3,18mo.2mo.activity.log_ratio.mean.0-5kb.enhancer_peak,up,-0.026692571441941988
3041,3,18mo.2mo.activity.log_ratio.median.0-5kb.enhancer_peak,up,0.021599410826108438
3042,3,18mo.2mo.activity.log_ratio.max.0-5kb.enhancer_peak,up,-0.4333121463171188
3043,3,18mo.2mo.activity.log_ratio.min.0-5kb.enhancer_peak,up,0.29672597048457905
3044,3,18mo.2mo.activity.log_ratio.count.0-5kb.enhancer_peak,up,0.24458560437649496
3045,3,18mo.9mo.activity.log_ratio.mean.0-5kb.enhancer_peak,up,-0.06605280972294168
3046,3,18mo.9mo.activity.log_ratio.median.0-5kb.enhancer_peak,up,-0.04620650369160296
3047,3,18mo.9mo.activity.log_ratio.max.0-5kb.enhancer_peak,up,0.1633431631653998
3048,3,18mo.9mo.activity.log_ratio.min.0-5kb.enhancer_peak,up,-0.26019332988181443
3049,3,18mo.9mo.activity.log_ratio.count.0-5kb.enhancer_peak,up,0.07447816466053513
3050,3,9mo.2mo.contact.log_ratio.count.0-5kb.enhancer_peak,up,-0.39756013625715764
3051,3,18mo.2mo.contact.log_ratio.mean.0-5kb.enhancer_peak,up,0.10578169052413249
3052,3,18mo.2mo.contact.log_ratio.median.0-5kb.enhancer_peak,up,0.5742091904490579
3053,3,18mo.2mo.contact.log_ratio.max.0-5kb.enhancer_peak,up,-0.2459902668070263
3054,3,18mo.2mo.contact.log_ratio.min.0-5kb.enhancer_peak,up,-0.37176252488158207
3055,3,18mo.2mo.contact.log_ratio.count.0-5kb.enhancer_peak,up,0.24458560437649496
3056,3,18mo.9mo.contact.log_ratio.mean.0-5kb.enhancer_peak,up,-0.0657775641042377
3057,3,18mo.9mo.contact.log_ratio.median.0-5kb.enhancer_peak,up,0.1629242999716761
3058,3,18mo.9mo.contact.log_ratio.max.0-5kb.enhancer_peak,up,-0.40465492682125986
3059,3,18mo.9mo.contact.log_ratio.min.0-5kb.enhancer_peak,up,-0.14417617139518552
3060,3,18mo.9mo.contact.log_ratio.count.0-5kb.enhancer_peak,up,0.07447816466053513
3061,3,9mo.2mo.activity.log_ratio.count.5kb-20kb.enhancer_peak,up,0.3061991838976454
3062,3,18mo.2mo.activity.log_ratio.mean.5kb-20kb.enhancer_peak,up,-0.02458842391782988
3063,3,18mo.2mo.activity.log_ratio.median.5kb-20kb.enhancer_peak,up,-0.05377149086775134
3064,3,18mo.2mo.activity.log_ratio.max.5kb-20kb.enhancer_peak,up,0.0833696314814922
3065,3,18mo.2mo.activity.log_ratio.min.5kb-20kb.enhancer_peak,up,-0.014830177330857928
3066,3,18mo.2mo.activity.log_ratio.count.5kb-20kb.enhancer_peak,up,0.1142512297072452
3067,3,18mo.9mo.activity.log_ratio.mean.5kb-20kb.enhancer_peak,up,-0.0654884207963491
3068,3,18mo.9mo.activity.log_ratio.median.5kb-20kb.enhancer_peak,up,0.2021838125475921
3069,3,18mo.9mo.activity.log_ratio.max.5kb-20kb.enhancer_peak,up,-0.40510964514068626
3070,3,18mo.9mo.activity.log_ratio.min.5kb-20kb.enhancer_peak,up,0.03067778606299441
3071,3,18mo.9mo.activity.log_ratio.count.5kb-20kb.enhancer_peak,up,-0.42763920363026353
3072,3,9mo.2mo.contact.log_ratio.count.5kb-20kb.enhancer_peak,up,0.3061991838976454
3073,3,18mo.2mo.contact.log_ratio.mean.5kb-20kb.enhancer_peak,up,-0.0717011721586206
3074,3,18mo.2mo.contact.log_ratio.median.5kb-20kb.enhancer_peak,up,-0.23047408618219498
3075,3,18mo.2mo.contact.log_ratio.max.5kb-20kb.enhancer_peak,up,-0.35422102748284884
3076,3,18mo.2mo.contact.log_ratio.min.5kb-20kb.enhancer_peak,up,0.5257075522346398
3077,3,18mo.2mo.contact.log_ratio.count.5kb-20kb.enhancer_peak,up,0.1142512297072452
3078,3,18mo.9mo.contact.log_ratio.mean.5kb-20kb.enhancer_peak,up,0.04702530689910903
3079,3,18mo.9mo.contact.log_ratio.median.5kb-20kb.enhancer_peak,up,0.03447008223890505
3080,3,18mo.9mo.contact.log_ratio.max.5kb-20kb.enhancer_peak,up,-0.3814927848380683
3081,3,18mo.9mo.contact.log_ratio.min.5kb-20kb.enhancer_peak,up,0.5065304600276684
3082,3,18mo.9mo.contact.log_ratio.count.5kb-20kb.enhancer_peak,up,-0.42763920363026353
3083,3,9mo.2mo.activity.log_ratio.mean.20kb-5Mb.enhancer_peak,up,-0.22425135479474897
3084,3,9mo.2mo.activity.log_ratio.median.20kb-5Mb.enhancer_peak,up,-0.5129552131256081
3085,3,9mo.2mo.activity.log_ratio.std.20kb-5Mb.enhancer_peak,up,0.12124579168318086
3086,3,9mo.2mo.activity.log_ratio.max.20kb-5Mb.enhancer_peak,up,0.5481222346348322
3087,3,9mo.2mo.activity.log_ratio.min.20kb-5Mb.enhancer_peak,up,0.3224428883982241
3088,3,9mo.2mo.activity.log_ratio.count.20kb-5Mb.enhancer_peak,up,0.19192211262229725
3089,3,18mo.2mo.activity.log_ratio.mean.20kb-5Mb.enhancer_peak,up,-0.2960019243129095
3090,3,18mo.2mo.activity.log_ratio.median.20kb-5Mb.enhancer_peak,up,0.9111009905039938
3091,3,18mo.2mo.activity.log_ratio.std.20kb-5Mb.enhancer_peak,up,0.19595153885954214
3092,3,18mo.2mo.activity.log_ratio.max.20kb-5Mb.enhancer_peak,up,-0.5764996441407648
3093,3,18mo.2mo.activity.log_ratio.min.20kb-5Mb.enhancer_peak,up,-0.2238197839160334
3094,3,18mo.2mo.activity.log_ratio.count.20kb-5Mb.enhancer_peak,up,-0.4267212618777987
3095,3,18mo.9mo.activity.log_ratio.mean.20kb-5Mb.enhancer_peak,up,0.7686739740768608
3096,3,18mo.9mo.activity.log_ratio.median.20kb-5Mb.enhancer_peak,up,-0.4710178113657155
3097,3,18mo.9mo.activity.log_ratio.std.20kb-5Mb.enhancer_peak,up,-0.010612137533428467
3098,3,18mo.9mo.activity.log_ratio.max.20kb-5Mb.enhancer_peak,up,-0.30103661513324237
3099,3,18mo.9mo.activity.log_ratio.min.20kb-5Mb.enhancer_peak,up,0.01256608560060464
3100,3,18mo.9mo.activity.log_ratio.count.20kb-5Mb.enhancer_peak,up,0.04110392918496448
3101,3,9mo.2mo.contact.log_ratio.mean.20kb-5Mb.enhancer_peak,up,-0.43772796977668726
3102,3,9mo.2mo.contact.log_ratio.median.20kb-5Mb.enhancer_peak,up,0.23634683434417278
3103,3,9mo.2mo.contact.log_ratio.std.20kb-5Mb.enhancer_peak,up,-0.6029089080582808
3104,3,9mo.2mo.contact.log_ratio.max.20kb-5Mb.enhancer_peak,up,0.42775561659719813
3105,3,9mo.2mo.contact.log_ratio.min.20kb-5Mb.enhancer_peak,up,-0.3551063147974569
3106,3,9mo.2mo.contact.log_ratio.count.20kb-5Mb.enhancer_peak,up,0.19192211262229725
3107,3,18mo.2mo.contact.log_ratio.mean.20kb-5Mb.enhancer_peak,up,-0.3693819851556942
3108,3,18mo.2mo.contact.log_ratio.median.20kb-5Mb.enhancer_peak,up,0.3114114445274508
3109,3,18mo.2mo.contact.log_ratio.std.20kb-5Mb.enhancer_peak,up,-0.790264666641958
3110,3,18mo.2mo.contact.log_ratio.max.20kb-5Mb.enhancer_peak,up,0.8733095365336272
3111,3,18mo.2mo.contact.log_ratio.min.20kb-5Mb.enhancer_peak,up,-0.5692368787299622
3112,3,18mo.2mo.contact.log_ratio.count.20kb-5Mb.enhancer_peak,up,-0.4267212618777987
3113,3,18mo.9mo.contact.log_ratio.mean.20kb-5Mb.enhancer_peak,up,-0.3251062210877102
3114,3,18mo.9mo.contact.log_ratio.median.20kb-5Mb.enhancer_peak,up,0.10540617330101945
3115,3,18mo.9mo.contact.log_ratio.std.20kb-5Mb.enhancer_peak,up,-0.15151003304398558
3116,3,18mo.9mo.contact.log_ratio.max.20kb-5Mb.enhancer_peak,up,0.45390461509543234
3117,3,18mo.9mo.contact.log_ratio.min.20kb-5Mb.enhancer_peak,up,-0.03347970697356176
3118,3,18mo.9mo.contact.log_ratio.count.20kb-5Mb.enhancer_peak,up,0.04110392918496448
3119,3,count.enhancer_peak,up,0.2143921083328079
3120,3,rel_pos.DAR,up,-0.044394715773138194
3121,3,9mo.2mo.log_ratio.DAR,up,0.23035927050700827
3122,3,18mo.9mo.log_ratio.DAR,up,-0.0406784447879028
3123,3,18mo.2mo.log_ratio.DAR,up,0.14063259126353078
3124,3,count.DAR,up,-0.38442312000837264
3125,3,size.log2.DMR,up,-0.25096115536411334
3126,3,rel_pos.DMR,up,0.3010252768362824
3127,3,9mo.2mo.log_ratio.DMR,up,0.022098515697787025
3128,3,18mo.9mo.log_ratio.DMR,up,-0.2645752602041694
3129,3,18mo.2mo.log_ratio.DMR,up,-0.19186184710904908
3130,3,distance.log2.DMR,up,-0.25990119240510345
3131,3,count.DMR,up,-0.2716264342141314
3132,3,Qanova.mean.loops,up,-0.38280581259224394
3133,3,Qanova.median.loops,up,0.23752613023836733
3134,3,Qanova.std.loops,up,-0.1443537957780929
3135,3,Qanova.max.loops,up,0.8873912326310928
3136,3,Qanova.min.loops,up,-0.6817792481979994
3137,3,Tanova.mean.loops,up,0.3742039676412619
3138,3,Tanova.median.loops,up,-0.06903951886665032
3139,3,Tanova.std.loops,up,-0.1688477649441367
3140,3,Tanova.max.loops,up,-0.2826194284843623
3141,3,Tanova.min.loops,up,0.05562011861237613
3142,3,9mo.2mo.Q.mean.loops,up,-0.5716025243004978
3143,3,9mo.2mo.Q.median.loops,up,0.23016009050286249
3144,3,9mo.2mo.Q.std.loops,up,-0.08310931791849802
3145,3,9mo.2mo.Q.max.loops,up,0.7574810563205878
3146,3,9mo.2mo.Q.min.loops,up,0.09955084584969959
3147,3,18mo.9mo.Q.mean.loops,up,-0.2945528863699585
3148,3,18mo.9mo.Q.median.loops,up,0.48519424255738697
3149,3,18mo.9mo.Q.std.loops,up,-0.12929918964179557
3150,3,18mo.9mo.Q.max.loops,up,-0.061285656481042616
3151,3,18mo.9mo.Q.min.loops,up,0.6786803559754674
3152,3,18mo.2mo.Q.mean.loops,up,-0.6302175254011215
3153,3,18mo.2mo.Q.median.loops,up,0.24756166798231533
3154,3,18mo.2mo.Q.std.loops,up,-0.9273674856378453
3155,3,18mo.2mo.Q.max.loops,up,-0.5073812411132412
3156,3,18mo.2mo.Q.min.loops,up,-0.26849076388475696
3157,3,9mo.2mo.T.mean.loops,up,-0.09557022944268442
3158,3,9mo.2mo.T.median.loops,up,0.14049447939570645
3159,3,9mo.2mo.T.std.loops,up,-0.15440523359821434
3160,3,9mo.2mo.T.max.loops,up,0.4259614580100549
3161,3,9mo.2mo.T.min.loops,up,-0.09036803858956209
3162,3,18mo.9mo.T.mean.loops,up,0.19470015936062818
3163,3,18mo.9mo.T.median.loops,up,0.38254873809326495
3164,3,18mo.9mo.T.std.loops,up,-0.6697336208981737
3165,3,18mo.9mo.T.max.loops,up,-0.023354039163598166
3166,3,18mo.9mo.T.min.loops,up,-0.4419469443257567
3167,3,18mo.2mo.T.mean.loops,up,0.10734697678998247
3168,3,18mo.2mo.T.median.loops,up,0.059884618216083145
3169,3,18mo.2mo.T.std.loops,up,0.5941678460041788
3170,3,18mo.2mo.T.max.loops,up,0.11089748172948172
3171,3,18mo.2mo.T.min.loops,up,0.11086340678322791
3172,3,loop_size.log.mean.loops,up,0.07412663443606607
3173,3,loop_size.log.median.loops,up,0.24648135324496356
3174,3,loop_size.log.std.loops,up,-0.10308038078916676
3175,3,loop_size.log.max.loops,up,0.27115260190503454
3176,3,loop_size.log.min.loops,up,0.2622037225162018
3177,3,min_distance.log.mean.loops,up,-0.28825823838702963
3178,3,min_distance.log.median.loops,up,-0.17813304704391597
3179,3,min_distance.log.std.loops,up,-0.05172530766883728
3180,3,min_distance.log.max.loops,up,-0.17112287328881665
3181,3,min_distance.log.min.loops,up,-0.07730594975081284
3182,3,count.loops,up,-0.1490616067230754
3183,3,9mo.2mo.log_ratio.mcg_genebody,up,-0.09764457602479754
3184,3,18mo.9mo.log_ratio.mcg_genebody,up,-0.00606886121418774
3185,3,18mo.2mo.log_ratio.mcg_genebody,up,-0.04665417417148868
3186,3,9mo.2mo.log_ratio.mch_genebody,up,-0.3456354328915056
3187,3,18mo.9mo.log_ratio.mch_genebody,up,-0.060411334786708695
3188,3,18mo.2mo.log_ratio.mch_genebody,up,-0.2955553141934476
3189,3,9mo.2mo.log_ratio.mean.atac,up,0.48250813401592624
3190,3,18mo.9mo.log_ratio.mean.atac,up,-0.11347684068760655
3191,3,18mo.2mo.log_ratio.mean.atac,up,0.3286977322152042
3192,3,log2_distance.mean.atac,up,-0.2807825015957315
3193,3,9mo.2mo.log_ratio.std.atac,up,-0.13675211723316824
3194,3,18mo.9mo.log_ratio.std.atac,up,0.26530476402599634
3195,3,18mo.2mo.log_ratio.std.atac,up,-0.12785013114807028
3196,3,log2_distance.std.atac,up,0.3694297833089191
3197,3,9mo.2mo.log_ratio.max.atac,up,-0.2616377372560878
3198,3,18mo.9mo.log_ratio.max.atac,up,-0.009246241824600208
3199,3,18mo.2mo.log_ratio.max.atac,up,0.012879624227535776
3200,3,log2_distance.max.atac,up,-0.4437826963260321
3201,3,9mo.2mo.log_ratio.min.atac,up,-0.8299457737911557
3202,3,18mo.9mo.log_ratio.min.atac,up,0.2326181555607331
3203,3,18mo.2mo.log_ratio.min.atac,up,-0.1646558527840582
3204,3,log2_distance.min.atac,up,0.42940384053052366
3205,3,count.atac,up,-0.03890130752670556
3206,4,gene_length.meta,up,1.2116086972921631
3207,4,9mo.2mo.activity.log_ratio.mean.5kb-20kb.enhancer_DMR,up,0.06739546454333513
3208,4,9mo.2mo.activity.log_ratio.median.5kb-20kb.enhancer_DMR,up,-0.23814350306375087
3209,4,9mo.2mo.activity.log_ratio.max.5kb-20kb.enhancer_DMR,up,-0.03845161868410282
3210,4,9mo.2mo.activity.log_ratio.min.5kb-20kb.enhancer_DMR,up,0.22790021227768112
3211,4,9mo.2mo.activity.log_ratio.count.5kb-20kb.enhancer_DMR,up,-0.33198835290506556
3212,4,18mo.2mo.activity.log_ratio.mean.5kb-20kb.enhancer_DMR,up,-0.011906963765019615
3213,4,18mo.2mo.activity.log_ratio.median.5kb-20kb.enhancer_DMR,up,-0.6716985638633056
3214,4,18mo.2mo.activity.log_ratio.max.5kb-20kb.enhancer_DMR,up,0.17959089018702207
3215,4,18mo.2mo.activity.log_ratio.min.5kb-20kb.enhancer_DMR,up,0.4688207844230667
3216,4,18mo.2mo.activity.log_ratio.count.5kb-20kb.enhancer_DMR,up,0.0707481269496878
3217,4,18mo.9mo.activity.log_ratio.mean.5kb-20kb.enhancer_DMR,up,0.06980989481563529
3218,4,18mo.9mo.activity.log_ratio.median.5kb-20kb.enhancer_DMR,up,0.3179198006622539
3219,4,18mo.9mo.activity.log_ratio.max.5kb-20kb.enhancer_DMR,up,-0.21687954816619795
3220,4,18mo.9mo.activity.log_ratio.min.5kb-20kb.enhancer_DMR,up,-0.3078513660966538
3221,4,18mo.9mo.activity.log_ratio.count.5kb-20kb.enhancer_DMR,up,0.19646620783829724
3222,4,9mo.2mo.contact.log_ratio.mean.5kb-20kb.enhancer_DMR,up,0.03305377284331353
3223,4,9mo.2mo.contact.log_ratio.median.5kb-20kb.enhancer_DMR,up,0.02522713952962923
3224,4,9mo.2mo.contact.log_ratio.max.5kb-20kb.enhancer_DMR,up,0.6488955407943506
3225,4,9mo.2mo.contact.log_ratio.min.5kb-20kb.enhancer_DMR,up,-0.5983429892053858
3226,4,9mo.2mo.contact.log_ratio.count.5kb-20kb.enhancer_DMR,up,-0.33198835290506556
3227,4,18mo.2mo.contact.log_ratio.mean.5kb-20kb.enhancer_DMR,up,0.14627001458785166
3228,4,18mo.2mo.contact.log_ratio.median.5kb-20kb.enhancer_DMR,up,0.16274482554784434
3229,4,18mo.2mo.contact.log_ratio.max.5kb-20kb.enhancer_DMR,up,-0.53310531699782
3230,4,18mo.2mo.contact.log_ratio.min.5kb-20kb.enhancer_DMR,up,0.013441971274463756
3231,4,18mo.2mo.contact.log_ratio.count.5kb-20kb.enhancer_DMR,up,0.0707481269496878
3232,4,18mo.9mo.contact.log_ratio.mean.5kb-20kb.enhancer_DMR,up,0.15746284477381206
3233,4,18mo.9mo.contact.log_ratio.median.5kb-20kb.enhancer_DMR,up,0.41905258553358665
3234,4,18mo.9mo.contact.log_ratio.max.5kb-20kb.enhancer_DMR,up,-0.0858846814115297
3235,4,18mo.9mo.contact.log_ratio.min.5kb-20kb.enhancer_DMR,up,-0.2726940255312253
3236,4,18mo.9mo.contact.log_ratio.count.5kb-20kb.enhancer_DMR,up,0.19646620783829724
3237,4,9mo.2mo.activity.log_ratio.mean.20kb-5Mb.enhancer_DMR,up,-0.00045285670945245866
3238,4,9mo.2mo.activity.log_ratio.median.20kb-5Mb.enhancer_DMR,up,-0.14995306206424475
3239,4,9mo.2mo.activity.log_ratio.max.20kb-5Mb.enhancer_DMR,up,-0.05516354888913216
3240,4,9mo.2mo.activity.log_ratio.min.20kb-5Mb.enhancer_DMR,up,0.13584645085990582
3241,4,9mo.2mo.activity.log_ratio.count.20kb-5Mb.enhancer_DMR,up,-0.1620415976347345
3242,4,18mo.2mo.activity.log_ratio.mean.20kb-5Mb.enhancer_DMR,up,-0.024348734509432434
3243,4,18mo.2mo.activity.log_ratio.median.20kb-5Mb.enhancer_DMR,up,0.027841317591033105
3244,4,18mo.2mo.activity.log_ratio.max.20kb-5Mb.enhancer_DMR,up,-0.08969190287886783
3245,4,18mo.2mo.activity.log_ratio.min.20kb-5Mb.enhancer_DMR,up,0.04439213523715731
3246,4,18mo.2mo.activity.log_ratio.count.20kb-5Mb.enhancer_DMR,up,0.29520447879002915
3247,4,18mo.9mo.activity.log_ratio.mean.20kb-5Mb.enhancer_DMR,up,-0.034211807676189504
3248,4,18mo.9mo.activity.log_ratio.median.20kb-5Mb.enhancer_DMR,up,-0.20237468731615202
3249,4,18mo.9mo.activity.log_ratio.max.20kb-5Mb.enhancer_DMR,up,0.1063251596022561
3250,4,18mo.9mo.activity.log_ratio.min.20kb-5Mb.enhancer_DMR,up,0.17370102528245768
3251,4,18mo.9mo.activity.log_ratio.count.20kb-5Mb.enhancer_DMR,up,-0.27461495095589505
3252,4,9mo.2mo.contact.log_ratio.mean.20kb-5Mb.enhancer_DMR,up,0.052540504032579434
3253,4,9mo.2mo.contact.log_ratio.median.20kb-5Mb.enhancer_DMR,up,-0.03702659218679603
3254,4,9mo.2mo.contact.log_ratio.max.20kb-5Mb.enhancer_DMR,up,-0.06705814715188448
3255,4,9mo.2mo.contact.log_ratio.min.20kb-5Mb.enhancer_DMR,up,0.21563903273373103
3256,4,9mo.2mo.contact.log_ratio.count.20kb-5Mb.enhancer_DMR,up,-0.1620415976347345
3257,4,18mo.2mo.contact.log_ratio.mean.20kb-5Mb.enhancer_DMR,up,-0.0933286449372811
3258,4,18mo.2mo.contact.log_ratio.median.20kb-5Mb.enhancer_DMR,up,0.07828468104118723
3259,4,18mo.2mo.contact.log_ratio.max.20kb-5Mb.enhancer_DMR,up,-0.1167116986750847
3260,4,18mo.2mo.contact.log_ratio.min.20kb-5Mb.enhancer_DMR,up,0.1119942732958539
3261,4,18mo.2mo.contact.log_ratio.count.20kb-5Mb.enhancer_DMR,up,0.29520447879002915
3262,4,18mo.9mo.contact.log_ratio.mean.20kb-5Mb.enhancer_DMR,up,0.14616493290702523
3263,4,18mo.9mo.contact.log_ratio.median.20kb-5Mb.enhancer_DMR,up,0.7074047463795374
3264,4,18mo.9mo.contact.log_ratio.max.20kb-5Mb.enhancer_DMR,up,-0.10512034027951114
3265,4,18mo.9mo.contact.log_ratio.min.20kb-5Mb.enhancer_DMR,up,-0.45275235315810475
3266,4,18mo.9mo.contact.log_ratio.count.20kb-5Mb.enhancer_DMR,up,-0.27461495095589505
3267,4,count.enhancer_DMR,up,0.10389398969069026
3268,4,9mo.2mo.activity.log_ratio.count.0-5kb.enhancer_peak,up,-0.39159445984006247
3269,4,18mo.2mo.activity.log_ratio.mean.0-5kb.enhancer_peak,up,0.028496554105086138
3270,4,18mo.2mo.activity.log_ratio.median.0-5kb.enhancer_peak,up,0.15584286668457686
3271,4,18mo.2mo.activity.log_ratio.max.0-5kb.enhancer_peak,up,-0.26072140904390134
3272,4,18mo.2mo.activity.log_ratio.min.0-5kb.enhancer_peak,up,0.177089236026512
3273,4,18mo.2mo.activity.log_ratio.count.0-5kb.enhancer_peak,up,0.08912559561653552
3274,4,18mo.9mo.activity.log_ratio.mean.0-5kb.enhancer_peak,up,-0.08951145686742024
3275,4,18mo.9mo.activity.log_ratio.median.0-5kb.enhancer_peak,up,-0.08825764399170563
3276,4,18mo.9mo.activity.log_ratio.max.0-5kb.enhancer_peak,up,-0.14604376564086766
3277,4,18mo.9mo.activity.log_ratio.min.0-5kb.enhancer_peak,up,0.000589667625659566
3278,4,18mo.9mo.activity.log_ratio.count.0-5kb.enhancer_peak,up,0.21523491301124023
3279,4,9mo.2mo.contact.log_ratio.count.0-5kb.enhancer_peak,up,-0.39159445984006247
3280,4,18mo.2mo.contact.log_ratio.mean.0-5kb.enhancer_peak,up,0.09668525255253636
3281,4,18mo.2mo.contact.log_ratio.median.0-5kb.enhancer_peak,up,0.4174975000258194
3282,4,18mo.2mo.contact.log_ratio.max.0-5kb.enhancer_peak,up,0.0016173780284023942
3283,4,18mo.2mo.contact.log_ratio.min.0-5kb.enhancer_peak,up,-0.3957342327758632
3284,4,18mo.2mo.contact.log_ratio.count.0-5kb.enhancer_peak,up,0.08912559561653552
3285,4,18mo.9mo.contact.log_ratio.mean.0-5kb.enhancer_peak,up,-0.06933771550620534
3286,4,18mo.9mo.contact.log_ratio.median.0-5kb.enhancer_peak,up,0.17928440020716427
3287,4,18mo.9mo.contact.log_ratio.max.0-5kb.enhancer_peak,up,-0.14574016617164137
3288,4,18mo.9mo.contact.log_ratio.min.0-5kb.enhancer_peak,up,-0.33190541322498823
3289,4,18mo.9mo.contact.log_ratio.count.0-5kb.enhancer_peak,up,0.21523491301124023
3290,4,9mo.2mo.activity.log_ratio.count.5kb-20kb.enhancer_peak,up,0.05529349538251313
3291,4,18mo.2mo.activity.log_ratio.mean.5kb-20kb.enhancer_peak,up,-0.066297537491763
3292,4,18mo.2mo.activity.log_ratio.median.5kb-20kb.enhancer_peak,up,-0.14519534059514808
3293,4,18mo.2mo.activity.log_ratio.max.5kb-20kb.enhancer_peak,up,0.2630226727722472
3294,4,18mo.2mo.activity.log_ratio.min.5kb-20kb.enhancer_peak,up,-0.19838581365867763
3295,4,18mo.2mo.activity.log_ratio.count.5kb-20kb.enhancer_peak,up,0.06028387281646539
3296,4,18mo.9mo.activity.log_ratio.mean.5kb-20kb.enhancer_peak,up,-0.012351898426361151
3297,4,18mo.9mo.activity.log_ratio.median.5kb-20kb.enhancer_peak,up,0.014008776343911232
3298,4,18mo.9mo.activity.log_ratio.max.5kb-20kb.enhancer_peak,up,-0.048884161789574936
3299,4,18mo.9mo.activity.log_ratio.min.5kb-20kb.enhancer_peak,up,-0.0026410932120923196
3300,4,18mo.9mo.activity.log_ratio.count.5kb-20kb.enhancer_peak,up,-0.282186645772389
3301,4,9mo.2mo.contact.log_ratio.count.5kb-20kb.enhancer_peak,up,0.05529349538251313
3302,4,18mo.2mo.contact.log_ratio.mean.5kb-20kb.enhancer_peak,up,0.05494195577743387
3303,4,18mo.2mo.contact.log_ratio.median.5kb-20kb.enhancer_peak,up,0.2190264451535571
3304,4,18mo.2mo.contact.log_ratio.max.5kb-20kb.enhancer_peak,up,-0.2975419804220712
3305,4,18mo.2mo.contact.log_ratio.min.5kb-20kb.enhancer_peak,up,0.10157238154125918
3306,4,18mo.2mo.contact.log_ratio.count.5kb-20kb.enhancer_peak,up,0.06028387281646539
3307,4,18mo.9mo.contact.log_ratio.mean.5kb-20kb.enhancer_peak,up,0.12913910067902634
3308,4,18mo.9mo.contact.log_ratio.median.5kb-20kb.enhancer_peak,up,0.4388931290156241
3309,4,18mo.9mo.contact.log_ratio.max.5kb-20kb.enhancer_peak,up,-0.2459397565251765
3310,4,18mo.9mo.contact.log_ratio.min.5kb-20kb.enhancer_peak,up,-0.18127743034162402
3311,4,18mo.9mo.contact.log_ratio.count.5kb-20kb.enhancer_peak,up,-0.282186645772389
3312,4,9mo.2mo.activity.log_ratio.mean.20kb-5Mb.enhancer_peak,up,0.21632888206979692
3313,4,9mo.2mo.activity.log_ratio.median.20kb-5Mb.enhancer_peak,up,-0.01975688733066681
3314,4,9mo.2mo.activity.log_ratio.std.20kb-5Mb.enhancer_peak,up,0.14083825622798202
3315,4,9mo.2mo.activity.log_ratio.max.20kb-5Mb.enhancer_peak,up,0.12660814325307107
3316,4,9mo.2mo.activity.log_ratio.min.20kb-5Mb.enhancer_peak,up,0.035842907536653305
3317,4,9mo.2mo.activity.log_ratio.count.20kb-5Mb.enhancer_peak,up,0.18796009545625605
3318,4,18mo.2mo.activity.log_ratio.mean.20kb-5Mb.enhancer_peak,up,-0.01249688848944936
3319,4,18mo.2mo.activity.log_ratio.median.20kb-5Mb.enhancer_peak,up,0.6714224768531325
3320,4,18mo.2mo.activity.log_ratio.std.20kb-5Mb.enhancer_peak,up,0.012511354912943917
3321,4,18mo.2mo.activity.log_ratio.max.20kb-5Mb.enhancer_peak,up,-0.4998316374569335
3322,4,18mo.2mo.activity.log_ratio.min.20kb-5Mb.enhancer_peak,up,-0.705541850757207
3323,4,18mo.2mo.activity.log_ratio.count.20kb-5Mb.enhancer_peak,up,-0.3248443253992821
3324,4,18mo.9mo.activity.log_ratio.mean.20kb-5Mb.enhancer_peak,up,-0.0004261943448022532
3325,4,18mo.9mo.activity.log_ratio.median.20kb-5Mb.enhancer_peak,up,-0.15702179667587723
3326,4,18mo.9mo.activity.log_ratio.std.20kb-5Mb.enhancer_peak,up,0.05094102589913661
3327,4,18mo.9mo.activity.log_ratio.max.20kb-5Mb.enhancer_peak,up,0.0731512819452676
3328,4,18mo.9mo.activity.log_ratio.min.20kb-5Mb.enhancer_peak,up,0.3114217797666899
3329,4,18mo.9mo.activity.log_ratio.count.20kb-5Mb.enhancer_peak,up,-0.20997409512102033
3330,4,9mo.2mo.contact.log_ratio.mean.20kb-5Mb.enhancer_peak,up,-0.32730882863299576
3331,4,9mo.2mo.contact.log_ratio.median.20kb-5Mb.enhancer_peak,up,0.25804249039682203
3332,4,9mo.2mo.contact.log_ratio.std.20kb-5Mb.enhancer_peak,up,-0.2876012483132325
3333,4,9mo.2mo.contact.log_ratio.max.20kb-5Mb.enhancer_peak,up,0.26192144331176287
3334,4,9mo.2mo.contact.log_ratio.min.20kb-5Mb.enhancer_peak,up,-0.01941583608073068
3335,4,9mo.2mo.contact.log_ratio.count.20kb-5Mb.enhancer_peak,up,0.18796009545625605
3336,4,18mo.2mo.contact.log_ratio.mean.20kb-5Mb.enhancer_peak,up,-0.3838250906520152
3337,4,18mo.2mo.contact.log_ratio.median.20kb-5Mb.enhancer_peak,up,0.08978427577195537
3338,4,18mo.2mo.contact.log_ratio.std.20kb-5Mb.enhancer_peak,up,-0.8191715723735418
3339,4,18mo.2mo.contact.log_ratio.max.20kb-5Mb.enhancer_peak,up,0.9366160830292557
3340,4,18mo.2mo.contact.log_ratio.min.20kb-5Mb.enhancer_peak,up,-0.49864655937310404
3341,4,18mo.2mo.contact.log_ratio.count.20kb-5Mb.enhancer_peak,up,-0.3248443253992821
3342,4,18mo.9mo.contact.log_ratio.mean.20kb-5Mb.enhancer_peak,up,0.20111250346258533
3343,4,18mo.9mo.contact.log_ratio.median.20kb-5Mb.enhancer_peak,up,-0.030543070167705768
3344,4,18mo.9mo.contact.log_ratio.std.20kb-5Mb.enhancer_peak,up,-0.20719605618103723
3345,4,18mo.9mo.contact.log_ratio.max.20kb-5Mb.enhancer_peak,up,0.29634329705794354
3346,4,18mo.9mo.contact.log_ratio.min.20kb-5Mb.enhancer_peak,up,-0.2670853728339133
3347,4,18mo.9mo.contact.log_ratio.count.20kb-5Mb.enhancer_peak,up,-0.20997409512102033
3348,4,count.enhancer_peak,up,0.18760402879960203
3349,4,rel_pos.DAR,up,0.1053737043291624
3350,4,9mo.2mo.log_ratio.DAR,up,0.23181633430892154
3351,4,18mo.9mo.log_ratio.DAR,up,0.08966021223117851
3352,4,18mo.2mo.log_ratio.DAR,up,0.22225986281441432
3353,4,count.DAR,up,-0.37804968835728764
3354,4,size.log2.DMR,up,0.17119041978424093
3355,4,rel_pos.DMR,up,-0.08651335900524197
3356,4,9mo.2mo.log_ratio.DMR,up,-0.03434665913314084
3357,4,18mo.9mo.log_ratio.DMR,up,-0.05525707679030384
3358,4,18mo.2mo.log_ratio.DMR,up,-0.06269919634648251
3359,4,distance.log2.DMR,up,-0.1440052126469124
3360,4,count.DMR,up,-0.31810880326370805
3361,4,Qanova.mean.loops,up,-0.2481340166717446
3362,4,Qanova.median.loops,up,0.04185782839970669
3363,4,Qanova.std.loops,up,0.007979833318228841
3364,4,Qanova.max.loops,up,0.7903703797494577
3365,4,Qanova.min.loops,up,-0.7810831829840655
3366,4,Tanova.mean.loops,up,0.20034085648936154
3367,4,Tanova.median.loops,up,0.1776702231969879
3368,4,Tanova.std.loops,up,0.11839385778779303
3369,4,Tanova.max.loops,up,-0.6758232614945248
3370,4,Tanova.min.loops,up,0.30891805881212764
3371,4,9mo.2mo.Q.mean.loops,up,-0.007062006688787239
3372,4,9mo.2mo.Q.median.loops,up,-0.08087981371519583
3373,4,9mo.2mo.Q.std.loops,up,0.10098874061740026
3374,4,9mo.2mo.Q.max.loops,up,0.32245917129603147
3375,4,9mo.2mo.Q.min.loops,up,-0.20775022832921305
3376,4,18mo.9mo.Q.mean.loops,up,-0.3196915060770994
3377,4,18mo.9mo.Q.median.loops,up,0.703526955871595
3378,4,18mo.9mo.Q.std.loops,up,-0.5826194592770314
3379,4,18mo.9mo.Q.max.loops,up,-0.29124501868968955
3380,4,18mo.9mo.Q.min.loops,up,0.2812431284090821
3381,4,18mo.2mo.Q.mean.loops,up,-0.3170013751165734
3382,4,18mo.2mo.Q.median.loops,up,0.2885056388618331
3383,4,18mo.2mo.Q.std.loops,up,-0.894459803209764
3384,4,18mo.2mo.Q.max.loops,up,-0.623385143391467
3385,4,18mo.2mo.Q.min.loops,up,-0.2592263861044686
3386,4,9mo.2mo.T.mean.loops,up,0.0491271360004907
3387,4,9mo.2mo.T.median.loops,up,0.2850453645771158
3388,4,9mo.2mo.T.std.loops,up,-0.30729994378388464
3389,4,9mo.2mo.T.max.loops,up,0.2342133201909538
3390,4,9mo.2mo.T.min.loops,up,-0.21259887180725917
3391,4,18mo.9mo.T.mean.loops,up,0.0037402732440830156
3392,4,18mo.9mo.T.median.loops,up,0.587253449000311
3393,4,18mo.9mo.T.std.loops,up,-0.42030763229948676
3394,4,18mo.9mo.T.max.loops,up,-0.16224037128141613
3395,4,18mo.9mo.T.min.loops,up,-0.1157110953818687
3396,4,18mo.2mo.T.mean.loops,up,0.044517936910337175
3397,4,18mo.2mo.T.median.loops,up,-0.15952480358420154
3398,4,18mo.2mo.T.std.loops,up,0.5626784684912671
3399,4,18mo.2mo.T.max.loops,up,0.5317559329376528
3400,4,18mo.2mo.T.min.loops,up,-0.18844060263963086
3401,4,loop_size.log.mean.loops,up,0.02682328075625977
3402,4,loop_size.log.median.loops,up,-0.021200319290843737
3403,4,loop_size.log.std.loops,up,0.05543059254709867
3404,4,loop_size.log.max.loops,up,0.013734660818431508
3405,4,loop_size.log.min.loops,up,0.4829101488349036
3406,4,min_distance.log.mean.loops,up,-0.12495838585993974
3407,4,min_distance.log.median.loops,up,0.15207011943677534
3408,4,min_distance.log.std.loops,up,-0.1056393254752137
3409,4,min_distance.log.max.loops,up,-0.3420937297605482
3410,4,min_distance.log.min.loops,up,-0.14517914165485
3411,4,count.loops,up,0.12192390755759303
3412,4,9mo.2mo.log_ratio.mcg_genebody,up,-0.24969568108172022
3413,4,18mo.9mo.log_ratio.mcg_genebody,up,-0.008003902238492441
3414,4,18mo.2mo.log_ratio.mcg_genebody,up,-0.11361023830240063
3415,4,9mo.2mo.log_ratio.mch_genebody,up,-0.2552544076479096
3416,4,18mo.9mo.log_ratio.mch_genebody,up,-0.1861019688765182
3417,4,18mo.2mo.log_ratio.mch_genebody,up,-0.31970417115333516
3418,4,9mo.2mo.log_ratio.mean.atac,up,0.12162499102752698
3419,4,18mo.9mo.log_ratio.mean.atac,up,0.27852420350525997
3420,4,18mo.2mo.log_ratio.mean.atac,up,0.2702616200363756
3421,4,log2_distance.mean.atac,up,-0.48351858796864705
3422,4,9mo.2mo.log_ratio.std.atac,up,0.0592148583629705
3423,4,18mo.9mo.log_ratio.std.atac,up,0.284291595897456
3424,4,18mo.2mo.log_ratio.std.atac,up,-0.20315643825245716
3425,4,log2_distance.std.atac,up,-0.00020439496350455367
3426,4,9mo.2mo.log_ratio.max.atac,up,-0.3594536302394536
3427,4,18mo.9mo.log_ratio.max.atac,up,-0.3569795576477931
3428,4,18mo.2mo.log_ratio.max.atac,up,-0.14541074529151243
3429,4,log2_distance.max.atac,up,0.10230540269545062
3430,4,9mo.2mo.log_ratio.min.atac,up,-0.5540660098438305
3431,4,18mo.9mo.log_ratio.min.atac,up,-0.09057191754597418
3432,4,18mo.2mo.log_ratio.min.atac,up,-0.04371289126925874
3433,4,log2_distance.min.atac,up,0.21609767970208266
3434,4,count.atac,up,0.03963233767563676
